start_time,end_time,open,close,low,high,h_open,h_close,h_low,h_high,finish,atr_14,macd_13_34,st_signal,av2_open,av2_close,histo2,qqe,ema_h200,ema_200,fastk,fastd,xo_signal,macd_hists
2023-06-25 00:00:00,2023-06-25 00:04:59,0.5778,0.5746,0.5718,0.579,0.5794262681693538,0.5758000000000001,0.5718,0.5794262681693538,True,0.004440312670733559,-0.002500899156048961,0,0.6012066572512403,0.6000624682113433,-39.081771563260595,-39.081771563260595,0.5990310623714644,0.5989591291729699,-7.815970093361102e-14,-8.593126210598712e-14,0,-2
2023-06-25 00:05:00,2023-06-25 00:09:59,0.5747,0.5784,0.5742,0.581,0.577613134084677,0.577075,0.5742,0.581,True,0.004608861765681156,-0.0021196645548462968,0,0.6006345627312919,0.5994141395154696,-32.15625016481371,-32.15625016481371,0.5988125940891613,0.5987545607234876,5.124581351866964,1.708193783955595,0,-1
2023-06-25 00:10:00,2023-06-25 00:14:59,0.5784,0.5799,0.5779,0.5803,0.5773440670423384,0.5791250000000001,0.5779,0.5803,True,0.004451085925275365,-0.0016338129648577806,0,0.6000243511233808,0.5987645006999157,-25.229747378210796,-25.229747378210796,0.5986166976305627,0.5985669531540997,17.793386281600974,7.6393225444892785,0,-1
2023-06-25 00:15:00,2023-06-25 00:19:59,0.58,0.5784,0.5779,0.5806,0.5782345335211693,0.579225,0.5779,0.5806,True,0.00432600835918427,-0.0013051838698907737,0,0.5993944259116484,0.5981189737374133,-22.009114241337148,-22.009114241337148,0.5984237454153332,0.5983662869535614,34.54348197061433,19.153816534694084,0,-1
2023-06-25 00:20:00,2023-06-25 00:24:59,0.5783,0.5775,0.5772,0.5793,0.5787297667605846,0.578075,0.5772,0.5793,True,0.004167007762099679,-0.0010496849369974314,0,0.598756699824531,0.5974732228442088,-20.69375944766913,-20.69375944766913,0.5982212703365737,0.5981586622077548,52.96727813452949,35.10138212891493,0,-1
2023-06-25 00:25:00,2023-06-25 00:29:59,0.5775,0.5789,0.5775,0.5799,0.5784023833802923,0.57845,0.5775,0.5799,True,0.0040407929219496985,-0.0006935102161836782,0,0.5981149613343699,0.5968342990854477,-17.11352992071383,-0.0,0.5980245412784984,0.5979670337280757,73.6318065381288,53.71418888109087,0,-1
2023-06-25 00:30:00,2023-06-25 00:34:59,0.5789,0.5777,0.5773,0.5801,0.5784261916901461,0.5785,0.5773,0.5801,True,0.003952164856096142,-0.00046539048735317994,0,0.5974746302099089,0.5962054771272777,-16.184120533162314,-0.0,0.5978302672359262,0.5977653717009307,90.21504418244878,72.27137628503569,0,-1
2023-06-25 00:35:00,2023-06-25 00:39:59,0.5776,0.5766,0.5761,0.5783,0.578463095845073,0.5771499999999999,0.5761,0.578463095845073,True,0.0038270102235178527,-0.00032268737710366806,0,0.5968400536685933,0.5955796603394403,-16.83951541955316,-0.0,0.5976244934325837,0.5975547709874885,96.12022720006782,86.65569264021514,0,-1
2023-06-25 00:40:00,2023-06-25 00:44:59,0.5766,0.575,0.574,0.5772,0.5778065479225365,0.5757,0.574,0.5778065479225365,True,0.0037822237789808697,-0.00027537468173224194,0,0.5962098570040169,0.5949505547700148,-18.95007756328437,-0.0,0.5974063392690754,0.5973303454055234,88.43392685062389,91.58973274438017,0,-1
2023-06-25 00:45:00,2023-06-25 00:49:59,0.575,0.5771,0.575,0.5773,0.5767532739612682,0.5761,0.575,0.5773,True,0.003676350651910813,-3.7695176128521406e-05,0,0.5955802058870159,0.59432592067834,-15.505792118385813,-0.0,0.5971943358932637,0.5971290484363142,85.06703665659704,89.87373023576293,0,-1
2023-06-25 00:50:00,2023-06-25 00:54:59,0.5772,0.5768,0.5766,0.5775,0.5764266369806341,0.577025,0.5766,0.5775,True,0.0034780398910600413,0.00014788108967767923,0,0.5949530632826779,0.5937154391503948,-13.664444953830127,-0.0,0.5969936459838779,0.5969267693473956,88.94680945652914,87.48259098791671,0,-1
2023-06-25 00:55:00,2023-06-25 00:59:59,0.5768,0.5777,0.5768,0.5779,0.576725818490317,0.5773,0.5768,0.5779,True,0.0033081798988414666,0.000373483296121975,0,0.5943342512165364,0.5931221753803632,-10.31535398943143,-0.0,0.5967976893074215,0.5967354582096106,96.63310980597306,90.2156519730331,0,-1
2023-06-25 01:00:00,2023-06-25 01:04:59,0.5778,0.5815,0.5774,0.5818,0.5770129092451586,0.579625,0.5774,0.5818,True,0.0033861670489242165,0.0008130817940264438,0,0.5937282132984497,0.5925624896651557,-1.833671980882798,-0.0,0.5966268167769994,0.59658386161051,99.99999999999993,95.19330642083406,0,-1
2023-06-25 01:05:00,2023-06-25 01:09:59,0.5813,0.5792,0.5785,0.5818,0.5783189546225793,0.5802,0.5785,0.5818,True,0.0033800122597153416,0.0009516851750849447,0,0.5931453514818027,0.5920370253393565,-0.5759226230055603,-0.0,0.5964633658637953,0.5964108878631418,99.99999999999993,98.87770326865767,0,-1
2023-06-25 01:10:00,2023-06-25 01:14:59,0.5793,0.5804,0.5784,0.5804,0.5792594773112897,0.5796250000000001,0.5784,0.5804,True,0.00328143995544996,0.0011279092183063147,0,0.5925911884105797,0.5915381638866992,2.065285162735478,0.0,0.5962958199348023,0.5962515755460956,98.15065111083356,99.38355037027783,0,-1
2023-06-25 01:15:00,2023-06-25 01:19:59,0.5804,0.581,0.5795,0.5815,0.5794422386556448,0.5806,0.5795,0.5815,True,0.0031899085300606776,0.0012775597297883697,0,0.5920646761486394,0.5910703593201186,4.725291630893736,4.725291630893736,0.5961396426220182,0.5960998185754878,98.15065111083356,98.7671007405557,0,-1
2023-06-25 01:20:00,2023-06-25 01:24:59,0.581,0.5818,0.5807,0.582,0.5800211193278224,0.581375,0.5807,0.582,True,0.00305491506362777,0.0014149391108795682,0,0.591567517734379,0.5906355330193622,7.722507906455256,7.722507906455256,0.5959927307551325,0.5959575318234929,98.15065111083356,98.15065111083358,0,-1
2023-06-25 01:25:00,2023-06-25 01:29:59,0.5819,0.5818,0.5818,0.5825,0.5806980596639112,0.582,0.5818,0.5825,True,0.0028867068447972176,0.0014810495291534952,0,0.5911015253768706,0.590233942274723,9.720652090162936,9.720652090162936,0.5958534996033401,0.595816660860075,99.99999999999993,98.7671007405557,0,2
2023-06-25 01:30:00,2023-06-25 01:34:59,0.5818,0.5778,0.5774,0.5818,0.5813490298319556,0.5797,0.5774,0.5818,True,0.002994799213025985,0.0012214104040684558,0,0.5906677338257967,0.5898454930107637,2.5956768818229747,0.0,0.5956927682640034,0.5956373906027608,91.92973516804796,96.6934620929605,0,1
2023-06-25 01:35:00,2023-06-25 01:39:59,0.5778,0.5785,0.5777,0.5795,0.5805245149159778,0.578375,0.5777,0.5805245149159778,True,0.0029094564120955594,0.0010831130689680259,0,0.5902566134182803,0.5894609643929244,-0.5684244902124576,-0.0,0.595520452161874,0.5954668693032308,79.92260671718309,90.61744729507701,0,2
2023-06-25 01:40:00,2023-06-25 01:44:59,0.5786,0.5796,0.5786,0.5798,0.5794497574579889,0.5791499999999999,0.5786,0.5798,True,0.0027944952398030174,0.0010551364073047714,0,0.5898587889056023,0.5890874781267837,-0.268642821504848,-0.0,0.5953575620906115,0.5953089900066812,71.64046074610762,81.16426754377959,0,2
2023-06-25 01:45:00,2023-06-25 01:49:59,0.5795,0.5797,0.5789,0.5807,0.5792998787289945,0.5797,0.5789,0.5807,True,0.0027234598655313754,0.0010294474329387016,0,0.589473133516193,0.5887290216796728,0.15750968655410702,0.0,0.595201765452894,0.5951536766732815,74.03818572387563,75.20041772905547,0,2
2023-06-25 01:50:00,2023-06-25 01:54:59,0.5799,0.5792,0.5788,0.5805,0.5794999393644973,0.5796,0.5788,0.5805,True,0.002650355589421994,0.0009635673133184582,0,0.589101077597933,0.588384171600869,-0.8471378571960742,-0.0,0.5950465240056015,0.594994933621806,79.57181606620004,75.08348751206113,0,2
2023-06-25 01:55:00,2023-06-25 01:59:59,0.5789,0.5798,0.5788,0.5799,0.5795499696822486,0.57935,0.5788,0.5799,True,0.0025396159044632793,0.000948515671176757,0,0.588742624599401,0.5880506846839317,0.21685009103324404,0.0,0.5948903396871379,0.5948437402524348,78.84976898983092,77.48659025996888,0,2
2023-06-25 02:00:00,2023-06-25 02:04:59,0.5797,0.5791,0.5786,0.5804,0.5794499848411243,0.57945,0.5786,0.5804,True,0.002486786197001618,0.000876310529556207,0,0.5883966546416664,0.5877291182454928,-1.1865284603332924,-0.0,0.5947367044663704,0.5946870861205698,75.70946821588906,78.04368442397335,0,2
2023-06-25 02:05:00,2023-06-25 02:09:59,0.5791,0.5796,0.5789,0.58,0.5794499924205622,0.5794,0.5789,0.58,True,0.00238773004007293,0.0008512507676439497,0,0.5880628864435795,0.5874188001181764,-0.42983153437788246,-0.0,0.5945841004418294,0.5945369658606636,63.960994549204905,72.84007725164165,0,2
2023-06-25 02:10:00,2023-06-25 02:14:59,0.5795,0.5799,0.5792,0.58,0.5794249962102811,0.57965,0.5792,0.58,True,0.002274320751496286,0.0008426929862207083,0,0.587740843280878,0.5871211822435436,1.1085159271480478,0.0,0.5944355024274829,0.5943913244093137,59.00930960929079,66.2265907914616,0,2
2023-06-25 02:15:00,2023-06-25 02:19:59,0.5799,0.5793,0.5789,0.5809,0.5795374981051405,0.57975,0.5789,0.5809,True,0.002254726412103694,0.0007820983562693783,0,0.5874310127622108,0.5868362914486368,-0.25147345422247724,-0.0,0.5942893780252194,0.5942411619773803,55.695455042951664,59.555253067149145,0,2
2023-06-25 02:20:00,2023-06-25 02:24:59,0.5793,0.5797,0.5786,0.5804,0.5796437490525703,0.5795,0.5786,0.5804,True,0.002222245954096289,0.0007578754192980328,0,0.5871336521054238,0.5865616601610609,0.5292665485161621,0.0,0.5941422200349187,0.594096473798501,58.18609833394908,57.630287662063864,0,2
2023-06-25 02:25:00,2023-06-25 02:29:59,0.5796,0.5784,0.5784,0.58,0.5795718745262852,0.5791,0.5784,0.58,True,0.0021777998145179776,0.0006404466794980974,0,0.5868476561332423,0.5862942460930651,-3.664623836835375,-0.0,0.5939925462037254,0.5939402899796103,50.60584136274898,54.82913157988326,0,1
2023-06-25 02:30:00,2023-06-25 02:34:59,0.5784,0.5773,0.5769,0.5789,0.5793359372631426,0.5778749999999999,0.5769,0.5793359372631426,True,0.0021650998277666935,0.00048069850417956474,0,0.5865709511131537,0.5860259441349479,-9.194151481125232,-0.0,0.5938321726096585,0.5937747149549376,29.3992032238806,46.063714306859566,0,1
2023-06-25 02:35:00,2023-06-25 02:39:59,0.5771,0.5772,0.5762,0.5772,0.5786054686315713,0.576925,0.5762,0.5786054686315713,True,0.0020890212686405004,0.00036854850004764154,0,0.5862984476240508,0.5857522659611647,-13.108884080155235,-0.0,0.593663942036428,0.5936097924180725,11.797198374774458,30.60074765380136,0,1
2023-06-25 02:40:00,2023-06-25 02:44:59,0.5773,0.5779,0.5773,0.5791,0.5777652343157856,0.5779,0.5773,0.5791,True,0.0020755197494518865,0.00034646290800291165,0,0.5860253567926077,0.5854829223151764,-11.885454244393088,-0.0,0.593507086891787,0.5934534760756042,18.98546011105749,20.06062056990419,0,2
2023-06-25 02:45:00,2023-06-25 02:49:59,0.5779,0.5764,0.5762,0.5785,0.5778326171578928,0.57725,0.5762,0.5785,True,0.002091554053062464,0.00023217551687208836,0,0.585754139553892,0.5852143795660009,-15.047691605788543,-0.0,0.5933453248331623,0.5932837897464937,30.719020895573504,20.500559793801827,0,1
2023-06-25 02:50:00,2023-06-25 02:54:59,0.5765,0.5777,0.5764,0.5778,0.5775413085789465,0.5771,0.5764,0.5778,True,0.0020421573349865703,0.00025502904868192084,0,0.5854842595599464,0.5849472806978439,-11.58190819766579,-0.0,0.5931836798099467,0.5931287271619514,40.78699826148806,30.16382642270636,0,2
2023-06-25 02:55:00,2023-06-25 02:59:59,0.5778,0.5791,0.5771,0.5792,0.5773206542894732,0.5782999999999999,0.5771,0.5792,True,0.0020462889539161083,0.000371963077326063,0,0.5852157701288951,0.5846913844658105,-5.037659741623806,-0.0,0.5930355834934298,0.5929891378369568,54.578576739554556,42.02819863220538,0,2
2023-06-25 03:00:00,2023-06-25 03:04:59,0.5791,0.5802,0.5785,0.5803,0.5778103271447366,0.5795250000000001,0.5785,0.5803,True,0.002028696885779245,0.0005232942127153068,0,0.5849535772973528,0.5844544686710136,1.8385049379727292,0.0,0.5929011498268285,0.5928618827341016,76.17834928837188,57.181308096471504,0,2
2023-06-25 03:05:00,2023-06-25 03:09:59,0.5802,0.5807,0.5798,0.5808,0.5786676635723683,0.580375,0.5798,0.5808,True,0.0019552185367950133,0.0006480724564068641,0,0.5847040229841832,0.5842399537061838,7.446711251824048,7.446711251824048,0.5927765115200939,0.5927408689755533,99.44370525579065,76.73354376123903,0,2
2023-06-25 03:10:00,2023-06-25 03:14:59,0.5807,0.5798,0.5798,0.5809,0.5795213317861841,0.5803,0.5798,0.5809,True,0.0018941314984525118,0.000653023076800003,0,0.5844719883451835,0.5840440322933508,7.485064527889399,7.485064527889399,0.5926523671268592,0.592612104110125,99.38374372458698,91.6685994229165,0,2
2023-06-25 03:15:00,2023-06-25 03:19:59,0.58,0.5807,0.5799,0.581,0.5799106658930921,0.5803999999999999,0.5799,0.581,True,0.0018445506771344736,0.0007026416090890079,0,0.5842580103192672,0.5838647800503598,9.809215821277142,9.809215821277142,0.5925304530260944,0.5924935757110192,99.38374372458698,99.40373090165487,0,2
2023-06-25 03:20:00,2023-06-25 03:24:59,0.5808,0.5819,0.5803,0.5819,0.5801553329465461,0.581225,0.5803,0.5819,True,0.0018270827716248637,0.0007983358015637453,0,0.5840613951848135,0.5837055418003867,13.803240179157306,13.803240179157306,0.592417960956183,0.5923881669974768,99.38374372458698,99.38374372458698,0,2
2023-06-25 03:25:00,2023-06-25 03:29:59,0.5816,0.581,0.581,0.5818,0.5806901664732731,0.5813499999999999,0.581,0.5818,True,0.0017608625736516598,0.000774219439489789,0,0.5838834684926001,0.583564010884539,12.717952624385,12.717952624385,0.5923078319914449,0.5922748519029745,99.9999999999999,99.58916248305796,1,2
2023-06-25 03:30:00,2023-06-25 03:34:59,0.581,0.5818,0.581,0.5822,0.5810200832366366,0.5814999999999999,0.581,0.5822,True,0.0017208009612479764,0.0007890320585036839,0,0.5837237396885696,0.5834384212894923,13.876930044465986,13.876930044465986,0.5922002913746146,0.5921706245208553,99.9999999999999,99.79458124152893,0,2
2023-06-25 03:35:00,2023-06-25 03:39:59,0.5818,0.5814,0.5811,0.5821,0.5812600416183182,0.5816,0.5811,0.5821,True,0.0016693151783016924,0.0007447744692389631,0,0.583581080489031,0.5833269301929496,12.904360991555826,12.904360991555826,0.5920948158385488,0.592063454127613,99.9999999999999,99.9999999999999,0,2
2023-06-25 03:40:00,2023-06-25 03:44:59,0.5812,0.5814,0.5811,0.5816,0.5814300208091592,0.581325,0.5811,0.5816,True,0.0015857926655658613,0.0006905258705982849,0,0.5834540053409903,0.5832254170984643,12.25598162294905,12.25598162294905,0.5919876534918966,0.5919573501064427,97.43721671341878,99.14573890447286,0,2
2023-06-25 03:45:00,2023-06-25 03:49:59,0.5814,0.5805,0.5802,0.5814,0.5813775104045795,0.580875,0.5802,0.5814,True,0.0015582360465968698,0.0005694117550256058,0,0.5833397112197274,0.5831293687643947,7.678690875234473,7.678690875234473,0.5918770798253106,0.5918433466227965,89.8396588497621,95.75895852106026,0,1
2023-06-25 03:50:00,2023-06-25 03:54:59,0.5806,0.5805,0.5803,0.5809,0.5811262552022898,0.5805750000000001,0.5803,0.5811262552022898,True,0.0014897906146970885,0.0004712894463396641,0,0.5832345399920611,0.5830362235493081,4.627163710091423,4.627163710091423,0.5917646213195861,0.5917304775021717,79.2054022879675,88.8274259503828,0,1
2023-06-25 03:55:00,2023-06-25 03:59:59,0.5806,0.5812,0.5805,0.5814,0.5808506276011449,0.580925,0.5805,0.5814,True,0.0014476627136472975,0.00043966808388996956,0,0.5831353817706846,0.5829484044276579,5.783957484258366,5.783957484258366,0.591656764391033,0.5916256966315033,74.4068108870808,81.15062400827014,0,1
2023-06-25 04:00:00,2023-06-25 04:04:59,0.5813,0.5816,0.5806,0.5823,0.5808878138005724,0.58145,0.5806,0.5823,True,0.0014656868055296357,0.00043117209955126985,0,0.5830418930991713,0.5828689831677127,8.134937828808653,8.134937828808653,0.5915552045463461,0.5915259384560655,78.08248230677391,77.23156516060742,0,2
2023-06-25 04:05:00,2023-06-25 04:09:59,0.5816,0.5798,0.5793,0.5816,0.5811689069002862,0.580575,0.5793,0.5816,True,0.0015252806051346596,0.0002864477351338041,0,0.5829554381334421,0.5827907150871198,1.7601648546652484,0.0,0.5914459487797158,0.5914092624515275,59.95191500236365,70.81373606540613,0,1
2023-06-25 04:10:00,2023-06-25 04:14:59,0.5799,0.5805,0.5798,0.5812,0.5808719534501431,0.58035,0.5798,0.5812,True,0.0015163319904821888,0.00023110628300230878,0,0.582873076610281,0.5827123481757293,0.5668104120519359,0.0,0.5913355413291713,0.5913007125763879,33.97995635649814,57.33811788854525,0,1
2023-06-25 04:15:00,2023-06-25 04:19:59,0.5805,0.5806,0.5802,0.5812,0.5806109767250716,0.5806250000000001,0.5802,0.5812,True,0.0014794511340191754,0.00019451816461101115,0,0.5827927123930051,0.5826363279269623,0.20524867776673972,0.0,0.5912289687786323,0.5911942378243841,11.150312663070766,35.02739467397753,0,1
2023-06-25 04:20:00,2023-06-25 04:24:59,0.5807,0.5795,0.5794,0.5813,0.5806179883625358,0.5802250000000001,0.5794,0.5813,True,0.0015094903387320926,8.909408744778394e-05,0,0.5827145201599837,0.5825599323765474,-4.143780838056081,-0.0,0.5911194765519793,0.5910778772490171,6.581803195942304,17.23735740517042,0,1
2023-06-25 04:25:00,2023-06-25 04:29:59,0.5794,0.578,0.578,0.5801,0.580421494181268,0.5788749999999999,0.578,0.580421494181268,True,0.0015516696002512282,-8.367524953434215e-05,0,0.5826372262682655,0.582474503067548,-10.629467991047903,-10.629467991047903,0.5909976409643974,0.5909477491171861,6.581803195942304,8.104639684985141,-1,1
2023-06-25 04:30:00,2023-06-25 04:34:59,0.5781,0.5778,0.5776,0.5787,0.5796482470906339,0.57805,0.5776,0.5796482470906339,True,0.0015194074859475684,-0.00020294889814378373,0,0.5825558646679068,0.5823768871754367,-15.342877423840221,-15.342877423840221,0.5908688087159955,0.5908169257428857,-9.710750722054702e-14,4.387868797294853,0,1
2023-06-25 04:35:00,2023-06-25 04:39:59,0.5778,0.5786,0.5776,0.5789,0.5788491235453169,0.578225,0.5776,0.5789,True,0.001503735522665597,-0.00021337802947904498,0,0.5824663759216717,0.5822715471356754,-14.116725768547134,-14.116725768547134,0.5907429996740452,0.5906953642927077,2.0870638928622767,2.889622362934844,0,1
2023-06-25 04:40:00,2023-06-25 04:44:59,0.5785,0.578,0.5778,0.5788,0.5785370617726584,0.5782749999999999,0.5778,0.5788,True,0.0014677544139037686,-0.00024861922941548146,0,0.5823689615286736,0.5821611916180199,-15.040415834841077,-15.040415834841077,0.590618939975796,0.5905690422599444,4.797349044083222,2.2948043123151503,0,1
2023-06-25 04:45:00,2023-06-25 04:49:59,0.5781,0.5764,0.5741,0.5782,0.5784060308863291,0.5767,0.5741,0.5784060308863291,True,0.0016557719557677847,-0.0003664854529247389,0,0.5822650765733467,0.5820368383605998,-19.00746541740456,-19.00746541740456,0.5904804430606139,0.5904280567648206,4.797349044083222,3.893920660342923,0,1
2023-06-25 04:50:00,2023-06-25 04:54:59,0.5765,0.5768,0.5764,0.5771,0.5775530154431645,0.5767,0.5764,0.5775530154431645,True,0.0015875025303557946,-0.00039473812987963466,0,0.5821509574669732,0.5819023177798138,-19.511040463993535,-19.511040463993535,0.5903433242241899,0.5902924542099467,2.7102851512208486,4.10166107979578,0,1
2023-06-25 04:55:00,2023-06-25 04:59:59,0.5768,0.5768,0.5763,0.5774,0.5771265077215822,0.576825,0.5763,0.5774,True,0.0015526809210446655,-0.0003905685191909656,0,0.5820266376233935,0.5817615729810145,-19.846757161719513,-19.846757161719513,0.590208813535392,0.5901582009342259,1.4965449100909982,3.0013930351317057,0,1
2023-06-25 05:00:00,2023-06-25 05:04:59,0.5768,0.5771,0.5766,0.5783,0.5769757538607911,0.5771999999999999,0.5766,0.5783,True,0.0015632037123986203,-0.0003444150225723559,0,0.581894105302204,0.581619466369397,-18.12648611434911,-18.12648611434911,0.5900793726046916,0.5900282685866216,7.493917683480549,3.900249248264148,0,1
2023-06-25 05:05:00,2023-06-25 05:09:59,0.5771,0.5759,0.5758,0.5777,0.5770878769303955,0.576625,0.5758,0.5777,True,0.001587260590084434,-0.00037548468890256773,0,0.5817567858358005,0.5814733174839596,-20.32474585542439,-20.32474585542439,0.589945498250416,0.58988768879969,9.954260096757688,6.314907563443096,0,1
2023-06-25 05:10:00,2023-06-25 05:14:59,0.5759,0.5739,0.5739,0.5765,0.5768564384651977,0.5750500000000001,0.5739,0.5768564384651977,True,0.0016595991193641207,-0.0005093306360731786,0,0.58161505165988,0.5813141826497373,-24.843806022682134,-24.843806022682134,0.5897972843374765,0.589728607319096,8.457715186666592,8.63529765563496,0,-2
2023-06-25 05:15:00,2023-06-25 05:19:59,0.5739,0.5761,0.5739,0.5763,0.5759532192325989,0.5750500000000001,0.5739,0.5763,True,0.0017124848965524026,-0.00041478362492464974,0,0.5814646171548087,0.5811459157209089,-18.809287488086106,-18.809287488086106,0.5896505451898398,0.5895929992860702,2.460342413277047,6.957439232233792,0,-1
2023-06-25 05:20:00,2023-06-25 05:24:59,0.5761,0.5771,0.5761,0.5779,0.5755016096162995,0.5768,0.5761,0.5779,True,0.0017187359753700897,-0.00025842705897992173,0,0.5813052664378587,0.580983620380916,-11.948959996492519,-11.948959996492519,0.5895226790685479,0.5894686908354626,19.57355492834596,10.163870842763217,0,2
2023-06-25 05:25:00,2023-06-25 05:29:59,0.5771,0.5776,0.577,0.5778,0.5761508048081497,0.577375,0.577,0.5778,True,0.0016531119771293708,-0.00010299260700284826,0,0.5811444434093873,0.580831085144929,-6.047893898144373,-0.0,0.5894018066400052,0.5893505944092391,47.64869681308511,23.227531384902722,0,2
2023-06-25 05:30:00,2023-06-25 05:34:59,0.5776,0.5787,0.5774,0.5791,0.5767629024040748,0.5781999999999999,0.5774,0.5791,True,0.0016564611216201247,8.617798872353382e-05,0,0.5809877642771581,0.5806929410387579,0.5259105401046327,0.0,0.589290345877418,0.5892446183454656,80.98203014641844,49.40142729594985,0,2
2023-06-25 05:35:00,2023-06-25 05:39:59,0.5788,0.5798,0.5788,0.5798,0.5774814512020374,0.5792999999999999,0.5788,0.5798,True,0.0016167138986472578,0.00028852596168015866,0,0.580840352657958,0.5805746221555889,7.049362213912993,7.049362213912993,0.589190939450777,0.5891506420435206,94.74180855140571,74.45751183696977,0,2
2023-06-25 05:40:00,2023-06-25 05:44:59,0.5797,0.5798,0.5794,0.5802,0.5783907256010187,0.579775,0.5794,0.5802,True,0.0015583771916010268,0.00041440886715137936,0,0.5807074874067734,0.5804759826084243,11.3983299964519,11.3983299964519,0.5890972485109683,0.5890576008291573,99.9999999999999,91.90794623260803,0,2
2023-06-25 05:45:00,2023-06-25 05:49:59,0.5798,0.5797,0.5796,0.5799,0.5790828628005094,0.57975,0.5796,0.5799,True,0.0014684931064866656,0.00047766915141149403,0,0.5805917350075988,0.5803933419864993,13.769070704535942,13.769070704535942,0.589004241063098,0.5889644903731457,99.8228811760711,98.18822990915892,0,2
2023-06-25 05:50:00,2023-06-25 05:54:59,0.5797,0.5804,0.5797,0.5804,0.5794164314002547,0.58005,0.5797,0.5804,True,0.0014136007417376204,0.0005516790112336852,0,0.580492538497049,0.5803259227525206,17.02565352019228,17.02565352019228,0.588915144137097,0.5888792715634626,99.8228811760711,99.8819207840474,1,2
2023-06-25 05:55:00,2023-06-25 05:59:59,0.5804,0.5803,0.5797,0.5805,0.5797332157001274,0.580225,0.5797,0.5805,True,0.001369772117327792,0.0005735580657763514,0,0.5804092306247848,0.5802721506780673,18.543573114537566,18.543573114537566,0.5888286750412055,0.5887939056772591,99.8228811760711,99.82288117607114,0,2
2023-06-25 06:00:00,2023-06-25 06:04:59,0.5803,0.5814,0.5801,0.5818,0.5799791078500637,0.5809,0.5801,0.5818,True,0.0013933598232329523,0.0006420999269208527,0,0.580340690651426,0.5802341232597373,22.020485357758716,22.020485357758716,0.5887497827522383,0.5887203344764903,99.99999999999989,99.8819207840474,0,2
2023-06-25 06:05:00,2023-06-25 06:09:59,0.5815,0.5814,0.5812,0.5821,0.5804395539250318,0.58155,0.5812,0.5821,True,0.001358119835859163,0.0006612564334626426,0,0.5802874069555817,0.5802132123196818,24.338426853239483,24.338426853239483,0.5886781431228628,0.5886474953274705,99.99999999999989,99.94096039202365,0,2
2023-06-25 06:10:00,2023-06-25 06:14:59,0.5813,0.5808,0.5807,0.5819,0.5809947769625159,0.581175,0.5807,0.5819,True,0.0013468255618692211,0.0006054012489253324,0,0.5802503096376317,0.5802033478758324,21.41663524730781,21.41663524730781,0.5886034849823368,0.5885694107968489,97.37333456213662,99.12444485404548,0,2
2023-06-25 06:15:00,2023-06-25 06:19:59,0.5808,0.5795,0.5793,0.5808,0.5810848884812579,0.5801,0.5793,0.5810848884812579,True,0.001357766593164273,0.00045456808342234816,0,0.580226828756732,0.5801948724534821,12.777424815431033,12.777424815431033,0.5885188731914678,0.5884791679033479,88.01443285788748,95.12925580667468,0,1
2023-06-25 06:20:00,2023-06-25 06:24:59,0.5796,0.5801,0.5794,0.5802,0.580592444240629,0.579825,0.5794,0.580592444240629,True,0.0013179261222239693,0.0003786444093567823,0,0.580210850605107,0.5801856619754843,9.651630949738,9.651630949738,0.5884323669905577,0.5883957930983394,77.0938723939587,87.49387993799428,0,1
2023-06-25 06:25:00,2023-06-25 06:29:59,0.58,0.5812,0.5795,0.5815,0.5802087221203145,0.58055,0.5795,0.5815,True,0.0013666456849222575,0.00038822835200431633,0,0.5801982562902956,0.5801809102476919,11.323921249639277,11.323921249639277,0.5883539354782138,0.5883241931670127,67.95262742894029,77.68697756026216,0,2
2023-06-25 06:30:00,2023-06-25 06:34:59,0.5812,0.5813,0.5806,0.5815,0.5803793610601573,0.58115,0.5806,0.5815,True,0.0013333138502849542,0.00038346001619228093,0,0.5801895832689937,0.5801838181652778,12.741473046773017,12.741473046773017,0.5882822545281818,0.5882543006976891,68.21075956458866,71.08575312916257,0,2
2023-06-25 06:35:00,2023-06-25 06:39:59,0.5812,0.5815,0.5809,0.5818,0.5807646805300787,0.58135,0.5809,0.5818,True,0.001302362860978887,0.0003758576672351205,0,0.5801867007171357,0.5801941088368229,14.353173781724777,14.353173781724777,0.588213276871185,0.5881870937255729,69.27628064825682,68.47988921392862,0,2
2023-06-25 06:40:00,2023-06-25 06:44:59,0.5814,0.5815,0.5808,0.5816,0.5810573402650394,0.581325,0.5808,0.5816,True,0.0012664797994803966,0.00035243644109214016,0,0.5801904047769793,0.5802099698709428,15.42764093835929,15.42764093835929,0.588144736802815,0.5881205554795472,68.02549887407748,68.50417969564101,0,1
2023-06-25 06:45:00,2023-06-25 06:49:59,0.5816,0.5815,0.5805,0.5816,0.5811911701325196,0.5813,0.5805,0.5816,True,0.001254588385231796,0.0003192639854181227,0,0.580200187323961,0.5802299361405436,16.14395237611562,16.14395237611562,0.5880766299689562,0.5880546793056214,63.53715542107841,66.94631164780425,0,1
2023-06-25 06:50:00,2023-06-25 06:54:59,0.5815,0.5819,0.5814,0.5821,0.5812455850662599,0.581725,0.5814,0.5821,True,0.0012149749291438048,0.0003081837610116048,1,0.5802150617322522,0.5802559134530386,18.428745355545587,18.428745355545587,0.5880134296707575,0.5879934387155157,66.00679503099036,65.85648310871544,0,2
2023-06-25 06:55:00,2023-06-25 06:59:59,0.5819,0.5822,0.5815,0.5826,0.58148529253313,0.58205,0.5815,0.5826,True,0.0012067624342049607,0.0003045240198574109,0,0.5802354875926454,0.5802886749155138,21.12929724547874,21.12929724547874,0.5879540920620933,0.5879357925591424,76.19078346767887,68.5782446399159,0,2
2023-06-25 07:00:00,2023-06-25 07:04:59,0.5822,0.5838,0.5822,0.5842,0.581767646266565,0.5831,0.5822,0.5842,True,0.0012634222603331781,0.0003944718382621916,0,0.5802620812540796,0.5803337569251434,26.494598700838537,26.494598700838537,0.5879057926385899,0.5878946403943748,89.77989648927871,77.32582499598267,0,2
2023-06-25 07:05:00,2023-06-25 07:09:59,0.5837,0.5844,0.5836,0.5847,0.5824338231332824,0.5841000000000001,0.5836,0.5847,True,0.0012517492417379505,0.0004716858717541258,0,0.5802979190896116,0.5803950907411287,30.796075642158755,30.796075642158755,0.5878679240551213,0.5878598678531373,97.16529625962737,87.711992072195,0,2
2023-06-25 07:10:00,2023-06-25 07:14:59,0.5844,0.5845,0.584,0.5847,0.5832669115666412,0.5844,0.584,0.5847,True,0.0012123385816138136,0.0005021445572979226,0,0.5803465049153702,0.5804708572223856,33.78002997043082,33.78002997043082,0.5878334173481052,0.5878264363322105,99.99999999999987,95.64839758296866,0,2
2023-06-25 07:15:00,2023-06-25 07:19:59,0.5844,0.5849,0.5844,0.585,0.5838334557833207,0.5846750000000001,0.5844,0.585,True,0.0011686001114985364,0.0005207585470096004,0,0.5804086810688779,0.5805593535963262,36.23555833536314,36.23555833536314,0.5878019903098156,0.5877973175627358,99.99999999999987,99.05509875320905,0,2
2023-06-25 07:20:00,2023-06-25 07:24:59,0.5849,0.5849,0.5842,0.585,0.5842542278916604,0.58475,0.5842,0.585,True,0.0011422715321057775,0.0005026000586582202,0,0.580484017332602,0.5806577797048226,37.87257724531803,37.87257724531803,0.5877716222470314,0.5877684885322608,99.99999999999987,99.99999999999989,0,2
2023-06-25 07:25:00,2023-06-25 07:29:59,0.585,0.5847,0.5843,0.5856,0.5845021139458302,0.5849,0.5843,0.5856,True,0.0011535378512410768,0.0004469474593811729,0,0.5805708985187124,0.5807643774149093,36.24645139355215,36.24645139355215,0.5877430488913395,0.5877379563080593,99.99999999999987,99.99999999999989,0,1
2023-06-25 07:30:00,2023-06-25 07:34:59,0.5847,0.5854,0.5842,0.5854,0.5847010569729151,0.584925,0.5842,0.5854,True,0.0011568565761524271,0.0004305370333190766,0,0.5806676379668109,0.5808768488373282,36.71032748142227,36.71032748142227,0.5877150086038635,0.5877146930612129,99.99999999999987,99.99999999999989,0,2
2023-06-25 07:35:00,2023-06-25 07:39:59,0.5853,0.585,0.5847,0.5853,0.5848130284864576,0.585075,0.5847,0.5853,True,0.0011242239635701132,0.00036410317913695284,0,0.5807722434020696,0.580994202160726,32.41218057530581,32.41218057530581,0.5876887398615365,0.5876876811899571,99.99999999999987,99.99999999999989,0,1
2023-06-25 07:40:00,2023-06-25 07:44:59,0.585,0.5849,0.5846,0.5858,0.5849440142432287,0.585075,0.5846,0.5858,True,0.0011296365376008179,0.0002882873662208129,0,0.5808832227813978,0.5811145938704972,28.4351293849589,28.4351293849589,0.5876627324997301,0.587659943068664,99.99999999999987,99.99999999999989,0,1
2023-06-25 07:45:00,2023-06-25 07:49:59,0.585,0.5854,0.5847,0.5857,0.5850095071216144,0.5851999999999999,0.5847,0.5857,True,0.0011203767849150453,0.00025048198894589207,0,0.5809989083259476,0.5812374093409999,27.882170400489386,27.882170400489386,0.5876382276987377,0.5876374560729559,99.99999999999987,99.99999999999989,0,1
2023-06-25 07:50:00,2023-06-25 07:54:59,0.5855,0.5867,0.5854,0.5874,0.5851047535608072,0.58625,0.5854,0.5874,True,0.0011832070145639706,0.0002933970988546514,0,0.5811181588334738,0.5813684945272721,30.60642040178564,30.60642040178564,0.587624414487805,0.587628128151832,99.99999999999987,99.99999999999989,0,2
2023-06-25 07:55:00,2023-06-25 07:59:59,0.5868,0.5868,0.5865,0.5871,0.5856773767804035,0.5868,0.5865,0.5871,True,0.0011415493706665393,0.00030380894395276884,0,0.581243326680373,0.5815089647200506,32.58792117848341,32.58792117848341,0.5876162113585731,0.5876198880707192,99.99999999999987,99.99999999999989,0,2
2023-06-25 08:00:00,2023-06-25 08:04:59,0.5869,0.5883,0.5869,0.5885,0.5862386883902018,0.58765,0.5869,0.5885,True,0.0011814387013332176,0.00038824294815418517,0,0.5813761457002119,0.58166169192349,35.658776510927396,35.658776510927396,0.5876165475639604,0.5876266553535976,99.99999999999987,99.99999999999989,0,2
2023-06-25 08:05:00,2023-06-25 08:09:59,0.5884,0.5884,0.5872,0.5887,0.5869443441951009,0.5881750000000001,0.5872,0.5887,True,0.0012041930798094122,0.00042010976368825424,0,0.581518918811851,0.5818266233449046,37.788775894599084,37.788775894599084,0.5876221043046176,0.5876343503252036,99.99999999999987,99.99999999999989,0,2
2023-06-25 08:10:00,2023-06-25 08:14:59,0.5883,0.5895,0.5879,0.59,0.5875596720975504,0.5889249999999999,0.5879,0.59,True,0.0012681792883944536,0.0004844450626457558,0,0.5816727710783779,0.5820051774256073,39.96563745169823,39.96563745169823,0.5876350684408901,0.5876529140035598,99.99999999999987,99.99999999999989,0,2
2023-06-25 08:15:00,2023-06-25 08:19:59,0.5896,0.589,0.5884,0.5901,0.5882423360487752,0.589275,0.5884,0.5901,True,0.0012990236249377017,0.00045637849001412467,0,0.5818389742519926,0.5821956330231032,37.179731814509296,37.179731814509296,0.5876513861678464,0.5876663178443204,99.99999999999987,99.99999999999989,0,1
2023-06-25 08:20:00,2023-06-25 08:24:59,0.5891,0.5873,0.5865,0.5892,0.5887586680243876,0.588025,0.5865,0.5892,True,0.0013990933660135746,0.0002868005885794428,0,0.5820173036375479,0.5823855757111962,25.671469140954116,25.671469140954116,0.5876551037184151,0.5876626728906457,66.66666666666653,88.88888888888876,0,1
2023-06-25 08:25:00,2023-06-25 08:29:59,0.5873,0.5867,0.5861,0.5873,0.5883918340121939,0.58685,0.5861,0.5883918340121939,True,0.0013848724112983258,0.00010830530836081513,0,0.5822014396743721,0.5825657496237003,15.706493764861548,0.0,0.5876470927361424,0.5876530940559129,33.3333333333332,66.66666666666653,0,1
2023-06-25 08:30:00,2023-06-25 08:34:59,0.5866,0.5893,0.5863,0.5896,0.5876209170060969,0.58795,0.5863,0.5896,True,0.0015216672390627288,0.0001513104900184659,0,0.5823835946490362,0.5827445434956464,16.374455741055215,0.0,0.5876501067387678,0.5876694811797347,6.071398531302982,35.35713284376757,0,2
2023-06-25 08:35:00,2023-06-25 08:39:59,0.5892,0.5896,0.5891,0.5911,0.5877854585030484,0.58975,0.5891,0.5911,True,0.0015558338648439627,0.00017763033276566118,0,0.5825640690723414,0.5829333740500902,17.390625136326022,0.0,0.5876710011990786,0.5876886903222249,19.727660522404054,19.710797462346747,0,2
2023-06-25 08:40:00,2023-06-25 08:44:59,0.5897,0.5884,0.5874,0.5901,0.5887677292515242,0.5889000000000001,0.5874,0.5901,True,0.001637560017355103,8.883373434260882e-05,0,0.5827487215612158,0.5831229790728848,13.372239212976623,0.0,0.5876832300428688,0.5876957680304615,25.268116749078814,17.02239193426195,0,1
2023-06-25 08:45:00,2023-06-25 08:49:59,0.5884,0.5902,0.5884,0.5902,0.5888338646257621,0.5892999999999999,0.5884,0.5902,True,0.0016491628732583036,0.00013516686982782775,0,0.5829358503170503,0.58331463737335,14.676487311700782,0.0,0.5876993173061239,0.5877206857615017,26.470713153777353,23.82216347508674,0,2
2023-06-25 08:50:00,2023-06-25 08:54:59,0.5902,0.5899,0.5893,0.5902,0.589066932312881,0.5899,0.5893,0.5902,True,0.0015956512394541319,0.00012256457107965354,0,0.5831252438452001,0.5835107138920809,14.406847254706747,0.0,0.5877212146463615,0.5877423704802928,22.60136775991411,24.780065887590094,0,1
2023-06-25 08:55:00,2023-06-25 08:59:59,0.59,0.5908,0.59,0.5908,0.5894834661564405,0.5904,0.59,0.5908,True,0.0015459618652074092,0.00015451013631191885,0,0.5833179788686406,0.5837123541434174,16.088876333406375,0.0,0.5877478692269947,0.5877727946546182,28.846357536775553,25.97281281682234,0,2
2023-06-25 09:00:00,2023-06-25 09:04:59,0.5907,0.5918,0.59,0.5921,0.5899417330782203,0.59115,0.59,0.5921,True,0.0015855360176925937,0.0002204278500439155,0,0.583515166506029,0.5839221370915988,18.95025444795985,0.0,0.5877817212744874,0.5878128663495971,36.168065842690005,29.205263713126556,0,2
2023-06-25 09:05:00,2023-06-25 09:09:59,0.5919,0.5903,0.5896,0.5921,0.5905458665391101,0.5909749999999999,0.5896,0.5921,True,0.0016508548735716905,0.00013356157329133794,0,0.5837186517988139,0.5841356908220429,15.00254365227704,0.0,0.5878134951921542,0.5878376139481085,39.10498035389427,34.706467911119944,0,1
2023-06-25 09:10:00,2023-06-25 09:14:59,0.5902,0.5918,0.5896,0.5926,0.5907604332695551,0.59105,0.5896,0.5926,True,0.0017472223826022842,0.00015731211418053195,0,0.5839271713104284,0.5843512626899428,15.518246315123676,0.0,0.587845699220093,0.587877040674993,40.35152903422429,38.54152507693619,0,2
2023-06-25 09:15:00,2023-06-25 09:19:59,0.5918,0.5934,0.5917,0.5934,0.5909052166347775,0.592575,0.5917,0.5934,True,0.0017438493552735521,0.0002581137698410723,0,0.5841392170001856,0.5845774075211714,18.313246030416067,0.0,0.5878927569392961,0.5879319954941473,44.37275172011556,41.276420369411376,0,2
2023-06-25 09:20:00,2023-06-25 09:24:59,0.5934,0.593,0.5923,0.5938,0.5917401083173888,0.593125,0.5923,0.5938,True,0.0017264315441825801,0.00026664127390806525,0,0.5843583122606785,0.5848140985116504,18.65243751876814,0.0,0.5879448190593031,0.5879824233996782,51.96847964216452,45.56425346550146,0,2
2023-06-25 09:25:00,2023-06-25 09:29:59,0.5932,0.5937,0.5926,0.5942,0.5924325541586943,0.593425,0.5926,0.5942,True,0.0017174007195981055,0.00029012108545786513,0,0.5845862053861645,0.5850595269346063,20.05409201115262,0.0,0.5879993482228921,0.5880393147091342,72.26981829163164,56.20368321797057,0,2
2023-06-25 09:30:00,2023-06-25 09:34:59,0.5936,0.5944,0.5931,0.5944,0.5929287770793472,0.593875,0.5931,0.5944,True,0.0016875863824839608,0.00032174015882000364,0,0.5848228661603854,0.5853132379781711,22.085578299600883,0.0,0.5880578124196792,0.5881026051100383,86.98622569715758,70.40817454365124,0,2
2023-06-25 09:35:00,2023-06-25 09:39:59,0.5943,0.5942,0.5933,0.5945,0.5934018885396737,0.594075,0.5933,0.5945,True,0.0016527587837351049,0.0002949623064702842,0,0.5850680520692783,0.5855731014723111,22.42678413650951,0.0,0.5881176849329163,0.5881632757059583,99.99999999999987,86.41868132959637,0,1
2023-06-25 09:40:00,2023-06-25 09:44:59,0.594,0.5936,0.5936,0.5948,0.5937384442698368,0.5940000000000001,0.5936,0.5948,True,0.0016204188706111671,0.00020372118236745146,0,0.5853205767707946,0.5858355113143712,19.59253619497848,0.0,0.5881762154310962,0.588217372465103,98.08842363364386,95.02488311026711,0,1
2023-06-25 09:45:00,2023-06-25 09:49:59,0.5937,0.5937,0.5931,0.5942,0.5938692221349184,0.593675,0.5931,0.5942,True,0.00158324609413894,0.0001225665139645447,0,0.5855780440425828,0.5860958956578498,17.997794055288225,0.0,0.5882309297054137,0.5882719259729129,87.72800184433918,95.27214182599431,0,1
2023-06-25 09:50:00,2023-06-25 09:54:59,0.5938,0.5943,0.5935,0.5946,0.5937721110674592,0.59405,0.5935,0.5946,True,0.001548728515986158,8.566233262176284e-05,0,0.5858369698502163,0.5863554716973443,18.694309775301022,0.0,0.5882888309023747,0.5883319068090033,79.38564571801992,88.40069039866766,0,1
2023-06-25 09:55:00,2023-06-25 09:59:59,0.5944,0.5935,0.5935,0.5946,0.5939110555337296,0.5940000000000001,0.5935,0.5946,True,0.001516676479130003,-1.7115488671926547e-05,0,0.5860962207737802,0.5866122873325734,14.636697662793438,0.0,0.588345658455585,0.588383330621849,69.57157381456176,78.89507379230696,0,1
2023-06-25 10:00:00,2023-06-25 10:04:59,0.5935,0.5949,0.5934,0.5955,0.5939555277668649,0.594325,0.5934,0.5955,True,0.0015583424449064306,-6.9830337962087895e-06,0,0.5863542540531768,0.5868673974993657,16.120047780693668,0.0,0.5884051543913503,0.5884481731032236,70.20967162691103,73.05563038649757,0,1
2023-06-25 10:05:00,2023-06-25 10:09:59,0.5949,0.5952,0.5942,0.5952,0.5941402638834324,0.594875,0.5942,0.5952,True,0.0015184608416988284,2.7727395747901423e-07,0,0.5866108257762712,0.5871231881967245,17.821741416891598,0.0,0.5884695309645708,0.5885153554604055,75.00625327569958,71.59583290572412,0,1
2023-06-25 10:10:00,2023-06-25 10:14:59,0.5951,0.5946,0.5944,0.5953,0.5945076319417162,0.59485,0.5944,0.5953,True,0.0014742850672917701,-5.6360060733758825e-05,0,0.5868670069864979,0.5873775881577893,15.575876055107983,0.0,0.5885330182186547,0.5885758991871676,81.88514974113627,75.7003582145823,0,1
2023-06-25 10:15:00,2023-06-25 10:19:59,0.5946,0.5956,0.5945,0.5958,0.594678815970858,0.595125,0.5945,0.5958,True,0.0014618361339137841,-4.195997443468165e-05,0,0.5871222975721436,0.5876310345205639,16.9537831837426,0.0,0.5885986100771755,0.588645790737544,90.35393299340615,82.415112003414,0,1
2023-06-25 10:20:00,2023-06-25 10:24:59,0.5957,0.5958,0.5955,0.5961,0.594901907985429,0.5957749999999999,0.5955,0.5961,True,0.001400276410062795,-3.7067192113761534e-05,0,0.5873766660463537,0.5878864508883705,18.382354561637484,0.0,0.5886700169420792,0.5887169768993594,93.89970747093686,88.7129300684931,0,1
2023-06-25 10:25:00,2023-06-25 10:29:59,0.5957,0.5959,0.5953,0.596,0.5953384539927145,0.5957250000000001,0.5953,0.596,True,0.0013502566664868754,-4.5337473788135355e-05,0,0.5876315584673621,0.5881413227739105,19.616715784193445,0.0,0.5887402157784765,0.5887884497660325,94.82254994170586,93.02539680201629,0,1
2023-06-25 10:30:00,2023-06-25 10:34:59,0.5961,0.5974,0.5958,0.5976,0.5955317269963573,0.596725,0.5958,0.5976,True,0.001382381190309243,3.4327259848036546e-05,0,0.5878864406206363,0.5884008783560155,23.660643219422155,0.0,0.5888196663677453,0.5888741368330371,96.07609066639138,94.93278269301136,0,2
2023-06-25 10:35:00,2023-06-25 10:39:59,0.5973,0.5968,0.5967,0.5978,0.5961283634981787,0.5971500000000001,0.5967,0.5978,True,0.0013622111052871537,2.3211844305807104e-05,0,0.5881436594883259,0.5886652565700157,22.473967773839647,0.0,0.5889025552596086,0.5889530011431562,96.07609066639138,95.65824375816288,0,1
2023-06-25 10:40:00,2023-06-25 10:44:59,0.5967,0.5964,0.5955,0.597,0.5966391817490894,0.5964,0.5955,0.597,True,0.0013720531691952102,-3.2420268365702075e-05,0,0.5884044580291707,0.588926471962719,19.29186271316493,0.0,0.5889771566998114,0.5890271006342691,66.66666666666652,86.27294933314977,0,1
2023-06-25 10:45:00,2023-06-25 10:49:59,0.5965,0.5963,0.5957,0.5969,0.5965195908745446,0.5963499999999999,0.5957,0.5969,True,0.0013597636571098365,-9.371166054128943e-05,0,0.5886654649959449,0.5891830619754118,16.545736642722545,0.0,0.5890505183246889,0.5890994677921371,33.33333333333318,65.35869688879703,0,1
2023-06-25 10:50:00,2023-06-25 10:54:59,0.5964,0.5972,0.5963,0.5973,0.5964347954372723,0.5968,0.5963,0.5973,True,0.0013340662530305625,-8.718566453449865e-05,0,0.5889242634856783,0.5894373373920917,17.874497149593907,0.0,0.58912762759509,0.589180070102663,5.646381286751493,35.21546042891706,0,1
2023-06-25 10:55:00,2023-06-25 10:59:59,0.5972,0.5967,0.5963,0.5974,0.5966173977186362,0.5969,0.5963,0.5974,True,0.0013173472349569501,-0.00013296431098554912,0,0.589180800438885,0.5896887320176281,15.478271808152414,0.0,0.5892049646339448,0.5892548952757709,12.526720395216548,17.168811671767077,0,1
2023-06-25 11:00:00,2023-06-25 11:04:59,0.5967,0.5993,0.5966,0.601,0.5967586988593181,0.5984,0.5966,0.601,True,0.001537536718174308,2.284371012511912e-06,0,0.5894347662282565,0.5899464253367545,19.981750270787487,0.0,0.5892964575231593,0.5893548465665592,34.82946539303592,17.667522358334654,0,2
2023-06-25 11:05:00,2023-06-25 11:09:59,0.5993,0.599,0.5988,0.5998,0.5975793494296591,0.599225,0.5988,0.5998,True,0.0014991412383047146,4.963950025937535e-05,0,0.5896905957825055,0.5902129699887819,21.389610208550735,0.0,0.5893952489905906,0.5894508182425139,57.86837362121935,35.07485313649061,0,2
2023-06-25 11:10:00,2023-06-25 11:14:59,0.599,0.5989,0.5986,0.5996,0.5984021747148296,0.599025,0.5986,0.5996,True,0.0014634882927115208,5.167585000584668e-05,0,0.5899517828856436,0.5904832823649834,21.743192898000117,0.0,0.5894910674085947,0.5895448399515436,71.785517801777,54.8277856053441,0,1
2023-06-25 11:15:00,2023-06-25 11:19:59,0.599,0.5979,0.5975,0.5994,0.5987135873574148,0.59845,0.5975,0.5994,True,0.0014946677003749847,-3.747786090111229e-05,0,0.5902175326253135,0.5907507613550632,16.640192298479263,0.0,0.5895802110164694,0.5896279758724238,49.48277280395763,59.71222140898467,0,1
2023-06-25 11:20:00,2023-06-25 11:24:59,0.598,0.5986,0.5977,0.5987,0.5985817936787075,0.5982500000000001,0.5977,0.5987,True,0.001459334293205343,-6.49533009638133e-05,0,0.5904841469901884,0.591012802197304,15.512500166189056,0.0,0.5896664775735194,0.5897172497443399,20.79748328902255,47.35525796491907,0,1
2023-06-25 11:25:00,2023-06-25 11:29:59,0.5985,0.5984,0.5984,0.5995,0.5984158968393538,0.5987,0.5984,0.5995,True,0.0014336675579763893,-0.00011292649913754223,0,0.5907484745937461,0.591271851147217,13.686194065332032,0.0,0.5897563633688078,0.5898036452692719,4.663340894944144,24.98119899597478,0,1
2023-06-25 11:30:00,2023-06-25 11:34:59,0.5982,0.5988,0.5979,0.5991,0.5985579484196769,0.5985,0.5979,0.5991,True,0.0014169770181209314,-0.00013067099978158418,0,0.5910101628704816,0.5915253949952809,13.920428245383171,0.0,0.5898433647283221,0.5898931612367418,4.663340894944144,10.04138835963695,0,1
2023-06-25 11:35:00,2023-06-25 11:39:59,0.5989,0.6012,0.5989,0.6012,0.5985289742098385,0.60005,0.5989,0.6012,True,0.0014871929453980047,9.281167311941084e-06,0,0.5912677789328812,0.5917834997058815,19.29545292937729,0.0,0.5899449232882393,0.5900056670950827,18.711662611401703,9.346114800430001,0,2
2023-06-25 11:40:00,2023-06-25 11:44:59,0.6012,0.6014,0.6009,0.6021,0.5992894871049192,0.6013999999999999,0.6009,0.6021,True,0.00146667916358386,9.403319507763578e-05,0,0.5915256393193813,0.5920526867785096,23.15892365895749,0.0,0.5900589041510429,0.5901190435418978,36.88634428183434,20.087115929393402,0,2
2023-06-25 11:45:00,2023-06-25 11:49:59,0.6016,0.6018,0.6013,0.6021,0.6003447435524596,0.6017,0.6013,0.6021,True,0.0014190592233278717,0.00015285221201485986,0,0.5917891630489455,0.5923308104821499,26.319434092628896,26.319434092628896,0.590174735950535,0.5902352719643665,64.36587522300512,39.98796070541373,0,2
2023-06-25 11:50:00,2023-06-25 11:54:59,0.6017,0.6015,0.6004,0.602,0.6010223717762297,0.6014,0.6004,0.602,True,0.0014319835645187334,0.0001440143351302721,0,0.5920599867655476,0.5926120035148124,26.324306402908093,26.324306402908093,0.5902864301201814,0.5903473588104923,68.84698759529316,56.69973570004421,0,1
2023-06-25 11:55:00,2023-06-25 11:59:59,0.6015,0.6011,0.6008,0.6017,0.6012111858881148,0.601275,0.6008,0.6017,True,0.0013939847384816819,8.473873959381761e-05,0,0.59233599514018,0.5928928261356234,23.55885857083662,23.55885857083662,0.5903957691239607,0.5904543502651143,60.742248432137025,64.6517037501451,0,1
2023-06-25 12:00:00,2023-06-25 12:04:59,0.6012,0.6025,0.6004,0.603,0.6012430929440574,0.601775,0.6004,0.603,True,0.0014801286857329856,0.00011880519067207756,0,0.5926144106379017,0.5931748609184876,25.058050337410165,25.058050337410165,0.5905089953018318,0.5905742074764067,52.22336597554963,60.60420066765993,0,2
2023-06-25 12:05:00,2023-06-25 12:09:59,0.6025,0.6025,0.6013,0.6027,0.6015090464720287,0.60225,0.6013,0.6027,True,0.0014744052081806342,0.00011549665050808672,0,0.5928946357781946,0.593459173991662,26.057511515125867,26.057511515125867,0.5906258212192265,0.5906928720786314,56.42255195567129,56.462722121119306,0,1
2023-06-25 12:10:00,2023-06-25 12:14:59,0.6024,0.603,0.6023,0.6036,0.6018795232360143,0.602825,0.6023,0.6036,True,0.0014619476933105946,0.00012226972940054988,0,0.5931769048849282,0.5937472752002734,27.739846806621472,27.739846806621472,0.5907472060827168,0.5908153310629236,68.65073688890625,59.09888494004239,0,2
2023-06-25 12:15:00,2023-06-25 12:19:59,0.603,0.6037,0.6027,0.6039,0.6023522616180073,0.603325,0.6027,0.6039,True,0.0014432371437884078,0.00014877144788059266,0,0.5934620900426008,0.5940398126856105,30.053126703760995,30.053126703760995,0.5908723582609983,0.590943536723989,83.0234217376562,69.36557019407792,0,2
2023-06-25 12:20:00,2023-06-25 12:24:59,0.6038,0.6035,0.6027,0.6038,0.6028386308090037,0.60345,0.6027,0.6038,True,0.0014187202049463778,0.00012488128484323133,0,0.5937509513641056,0.5943346933974926,29.875771589696527,29.875771589696527,0.590997508925068,0.5910684766570836,93.62813500212229,81.7674312095616,0,1
2023-06-25 12:25:00,2023-06-25 12:29:59,0.6034,0.6035,0.6028,0.6037,0.6031443154045019,0.60335,0.6028,0.6037,True,0.0013816687617359232,8.299424526355022e-05,0,0.5940428223807991,0.5946287096464873,29.757534846986886,29.757534846986886,0.5911204192840225,0.5911921734067643,96.13147846850647,90.92767840276167,0,1
2023-06-25 12:30:00,2023-06-25 12:34:59,0.6036,0.6036,0.6032,0.604,0.6032471577022509,0.6036,0.6032,0.604,True,0.0013401209930405018,3.807395871634634e-05,0,0.5943357660136431,0.5949217432994934,29.96554418548422,29.96554418548422,0.5912445942165198,0.591315634367891,94.34554235942706,94.70171861001863,0,1
2023-06-25 12:35:00,2023-06-25 12:39:59,0.6035,0.604,0.6033,0.6044,0.6034235788511255,0.6038,0.6033,0.6044,True,0.001322969493537616,1.3718681348155216e-05,0,0.5946287546565683,0.5952133650379701,31.201796490788638,31.201796490788638,0.5913695236273007,0.5914418469612454,94.2259474475991,94.90098942517756,0,1
2023-06-25 12:40:00,2023-06-25 12:44:59,0.604,0.601,0.6007,0.6043,0.6036117894255628,0.6025,0.6007,0.6043,True,0.001485614529713496,-0.0002294124407853696,0,0.5949210598472692,0.5954929549484484,15.244218437181715,0.0,0.5914802746359843,0.591536952961631,64.76113564575915,84.44420848426178,0,1
2023-06-25 12:45:00,2023-06-25 12:49:59,0.6011,0.6007,0.6004,0.6021,0.6030558947127814,0.601075,0.6004,0.6030558947127814,True,0.001500927777591098,-0.0004175553445149565,0,0.5952070073978588,0.5957513768165715,3.857710255920658,0.0,0.5915757445401039,0.5916281275590277,33.21373842150523,64.06694050495452,0,1
2023-06-25 12:50:00,2023-06-25 12:54:59,0.6008,0.5996,0.5994,0.6013,0.6020654473563907,0.6002750000000001,0.5994,0.6020654473563907,True,0.001529432936334584,-0.0006158748691669864,0,0.5954791921072152,0.5959858710364725,-6.101642355482433,-6.101642355482433,0.5916623042959237,0.5917074496728683,-1.5158245029548803e-13,32.65829135575476,0,-2
2023-06-25 12:55:00,2023-06-25 12:59:59,0.5997,0.6011,0.5995,0.6011,0.6011702236781954,0.6003499999999999,0.5995,0.6011702236781954,True,0.001534473440882109,-0.0006325785245752855,0,0.5957325315718439,0.5962004325506897,-5.843356433282544,-5.843356433282544,0.5917487490292976,0.5918009078850786,0.48754817638719233,11.233762199297445,0,-2
2023-06-25 13:00:00,2023-06-25 13:04:59,0.6011,0.6019,0.601,0.6026,0.6007601118390977,0.60165,0.601,0.6026,True,0.001539153909390533,-0.0005780792195446399,0,0.5959664820612668,0.5964067481678816,-2.9349397828935793,-0.0,0.5918472689394538,0.591901396363834,8.583626415422744,3.0237248639366174,0,-2
2023-06-25 13:05:00,2023-06-25 13:09:59,0.6019,0.5982,0.5974,0.602,0.6012050559195489,0.5998749999999999,0.5974,0.602,True,0.0017577857730054906,-0.000787619554244555,-1,0.5961866151145743,0.5965929778001623,-8.956224622019647,-8.956224622019647,0.5919271468604543,0.5919640690368306,8.583626415422744,5.884933669077583,0,-2
2023-06-25 13:10:00,2023-06-25 13:14:59,0.5983,0.5995,0.5979,0.6004,0.6005400279597743,0.599025,0.5979,0.6005400279597743,True,0.001810801074933674,-0.0008143186131483117,0,0.5963897964573683,0.5967562839579945,-9.18511554607312,-9.18511554607312,0.591997772264828,0.5920390534245239,8.0960782390354,8.421110356626984,0,-2
2023-06-25 13:15:00,2023-06-25 13:19:59,0.5999,0.5989,0.5982,0.6004,0.5997825139798871,0.5993499999999999,0.5982,0.6004,True,0.0018386009981527038,-0.0008505626713201935,0,0.5965730402076814,0.596902651694895,-10.432411812296223,-10.432411812296223,0.5920709287597054,0.5921073215496531,1.624547097392596,6.101417250616937,0,-2
2023-06-25 13:20:00,2023-06-25 13:24:59,0.5989,0.6,0.5985,0.6011,0.5995662569899436,0.5996250000000001,0.5985,0.6011,True,0.0018929866411417917,-0.0007733904771477066,0,0.5967378459512882,0.5970365662479957,-8.07892514597922,-8.07892514597922,0.5921460936476685,0.5921858556635868,4.633948821901651,4.784858052776572,0,-2
2023-06-25 13:25:00,2023-06-25 13:29:59,0.6002,0.6001,0.5992,0.6012,0.5995956284949718,0.6001749999999999,0.5992,0.6012,True,0.0019006304524888068,-0.0006936648281740435,0,0.596887206099642,0.5971635311105709,-6.220038603363584,-6.220038603363584,0.5922259832631146,0.5922646033684268,10.354742589598786,5.537746169631035,0,-1
2023-06-25 13:30:00,2023-06-25 13:34:59,0.6003,0.6012,0.6001,0.6012,0.5998853142474858,0.6006999999999999,0.6001,0.6012,True,0.0018434425630253198,-0.0005461638688611966,0,0.5970253686051064,0.5972877553772599,-1.8828534849668372,-0.0,0.592310301837611,0.5923535127876465,16.91613351202507,10.634941641175192,0,-1
2023-06-25 13:35:00,2023-06-25 13:39:59,0.6014,0.6022,0.6011,0.6022,0.6002926571237428,0.601725,0.6011,0.6022,True,0.001790339522809225,-0.0003674320354553752,0,0.597156561991183,0.5974160022330081,3.339755171584166,0.0,0.5924039804262915,0.5924514877847843,26.408711243460033,17.893195781694654,0,-1
2023-06-25 13:40:00,2023-06-25 13:44:59,0.6022,0.6028,0.602,0.6033,0.6010088285618713,0.602575,0.602,0.6033,True,0.0017553152711799922,-0.00020336186285329033,0,0.5972862821120956,0.5975523680955405,8.081436529568244,0.0,0.5925051846011543,0.5925544580555825,36.30095400691177,26.541932920798985,0,-1
2023-06-25 13:45:00,2023-06-25 13:49:59,0.6027,0.6031,0.6024,0.6033,0.6017919142809356,0.602875,0.6024,0.6033,True,0.0016942213232385571,-7.637672790349525e-05,0,0.597419325103818,0.5976962488134139,11.87972025115377,0.0,0.5926083668439289,0.5926593888211986,55.35458968761424,39.35475164599537,0,-1
2023-06-25 13:50:00,2023-06-25 13:54:59,0.6031,0.6031,0.6023,0.6033,0.6023334571404678,0.60295,0.6023,0.6033,True,0.0016446340858643747,4.836896692135724e-07,0,0.5975577869586159,0.5978455734347694,14.411909398877455,0.0,0.5927112686663774,0.5927632754995946,76.18594356500354,55.94716241984321,0,-1
2023-06-25 13:55:00,2023-06-25 13:59:59,0.603,0.6039,0.6027,0.6043,0.6026417285702339,0.603475,0.6027,0.6043,True,0.0016414459368740576,9.634242029613093e-05,0,0.5977016801966927,0.5980017616122361,17.977645352570534,0.0,0.592818370470692,0.5928740886787032,93.906240367188,75.1489245399353,0,-1
2023-06-25 14:00:00,2023-06-25 14:04:59,0.6039,0.6031,0.6027,0.605,0.6030583642851169,0.603675,0.6027,0.605,True,0.0016884855128116226,9.030870105679626e-05,0,0.5978517209044644,0.5981636541113926,15.815729798804227,0.0,0.5929263966351627,0.5929758390401091,99.99999999999984,90.03072797739715,0,-1
2023-06-25 14:05:00,2023-06-25 14:09:59,0.6031,0.6023,0.6017,0.6042,0.6033666821425585,0.602825,0.6017,0.6042,True,0.0017464508333250742,1.8521852725275232e-05,0,0.5980076875079285,0.5983230950044754,10.711902108939256,0.0,0.5930248902009819,0.593068616761103,90.23766514597189,94.71463517105327,0,-2
2023-06-25 14:10:00,2023-06-25 14:14:59,0.6028,0.6044,0.6024,0.6047,0.6030958410712792,0.603575,0.6024,0.6047,True,0.0017931329166590022,0.00010627357966854953,0,0.598165391256202,0.5984846575943676,13.251248091766797,0.0,0.5931298664178876,0.5931813668430821,85.50775674849098,91.9151406314876,0,-1
2023-06-25 14:15:00,2023-06-25 14:19:59,0.6045,0.6055,0.6037,0.6056,0.6033354205356396,0.604825,0.6037,0.6056,True,0.0018007662797547886,0.00022448706944981612,0,0.5983250244252848,0.598655358449227,16.89280783305118,0.0,0.5932462359062668,0.59330394030733,85.50775674849098,87.08439288098465,0,2
2023-06-25 14:20:00,2023-06-25 14:24:59,0.6055,0.6066,0.6055,0.6076,0.6040802102678198,0.6063000000000001,0.6055,0.6076,True,0.0018221401169151601,0.00035672096746844893,1,0.5984901914372559,0.5988422028035727,20.88149398472099,20.88149398472099,0.5933761241062044,0.5934362394087497,95.27009160251895,88.76186836650034,0,2
2023-06-25 14:25:00,2023-06-25 14:29:59,0.6066,0.6091,0.6065,0.6091,0.6051901051339099,0.6078250000000001,0.6065,0.6091,True,0.0018777015371355013,0.000587500054873251,0,0.5986661971204142,0.5990509382194052,25.872544754114074,25.872544754114074,0.5935198940155955,0.5935920977230905,99.99999999999984,93.59261611700329,0,2
2023-06-25 14:30:00,2023-06-25 14:34:59,0.609,0.6092,0.6083,0.6099,0.606507552566955,0.6091,0.6083,0.6099,True,0.0018578657130543972,0.0007060995015244166,0,0.5988585676699097,0.5992842243308796,29.27363403631294,29.27363403631294,0.5936749199457886,0.5937474002333085,99.99999999999984,98.42336386750624,0,2
2023-06-25 14:35:00,2023-06-25 14:39:59,0.6094,0.6095,0.6086,0.6107,0.6078037762834775,0.60955,0.6086,0.6107,True,0.0018751610192647968,0.0007594079734443782,0,0.5990713960003946,0.5995383262654305,31.7883554977348,31.7883554977348,0.5938328809413529,0.5939041425195443,99.99999999999984,99.99999999999987,0,2
2023-06-25 14:40:00,2023-06-25 14:44:59,0.6095,0.6084,0.6074,0.6099,0.6086768881417388,0.6088000000000001,0.6074,0.6099,True,0.001919792375031593,0.0006708705401484113,0,0.5993048611329126,0.5998019274367806,27.96832575583727,27.96832575583727,0.5939818074991504,0.5940483799074096,91.5693422207733,97.18978074025769,0,1
2023-06-25 14:45:00,2023-06-25 14:49:59,0.6083,0.6086,0.6067,0.609,0.6087384440708694,0.60815,0.6067,0.609,True,0.0019469500625293342,0.000582648095276857,0,0.5995533942848467,0.6000667391484489,25.815194411813536,25.815194411813536,0.5941227845389598,0.5941931721471368,75.09650451495456,88.88861557857594,0,1
2023-06-25 14:50:00,2023-06-25 14:54:59,0.6086,0.6083,0.6077,0.6089,0.6084442220354347,0.6083749999999999,0.6077,0.6089,True,0.0018935964866343801,0.00046335333131101953,0,0.5998100667166478,0.6003322307763425,22.78663629624681,22.78663629624681,0.5942645976281244,0.594333538593434,59.68603754896903,75.45062809489902,0,1
2023-06-25 14:55:00,2023-06-25 14:59:59,0.6084,0.608,0.6079,0.6088,0.6084096110177173,0.608275,0.6079,0.6088,True,0.0018226253090176394,0.00032856895806586666,0,0.6000711487464951,0.6005957500458069,19.116067780689036,0.0,0.5944040046168994,0.5944695232840466,51.49493010451193,62.092490722811895,0,1
2023-06-25 15:00:00,2023-06-25 15:04:59,0.608,0.605,0.6043,0.6084,0.6083423055088586,0.606425,0.6043,0.6084,True,0.001985294929802101,4.142325280378535e-06,0,0.6003334493961511,0.6008432154737674,6.966746814127262,0.0,0.5945236165112585,0.5945743041468918,34.63443447699732,48.60513404349282,0,1
2023-06-25 15:05:00,2023-06-25 15:09:59,0.6047,0.606,0.6047,0.6065,0.6073836527544293,0.605475,0.6047,0.6073836527544293,True,0.0019720595776733813,-0.0001540487886506339,0,0.6005883324349592,0.6010698257131135,2.426411673284136,0.0,0.5946325855011962,0.5946879926628431,16.71156810964953,34.28031089705298,0,1
2023-06-25 15:10:00,2023-06-25 15:14:59,0.6059,0.6058,0.605,0.6066,0.6064293263772147,0.6058250000000001,0.605,0.6066,True,0.0019454838935538572,-0.0002796952986827022,0,0.6008290790740364,0.6012808631007763,-1.13022526619676,-0.0,0.5947439528096421,0.5947985599000287,1.9025493289362838,17.74951730519443,0,1
2023-06-25 15:15:00,2023-06-25 15:19:59,0.6058,0.6054,0.6049,0.6063,0.6061271631886074,0.6056,0.6049,0.6063,True,0.0019065207583000073,-0.0003919170944803336,0,0.6010549710874064,0.6014766481926016,-4.627037310013478,-4.627037310013478,0.5948519731796954,0.5949040468661976,2.302914191604151,6.972343876730041,0,-2
2023-06-25 15:20:00,2023-06-25 15:24:59,0.6053,0.6046,0.6031,0.6055,0.6058635815943036,0.604625,0.6031,0.6058635815943036,True,0.0019417692755642976,-0.0005172095787421074,0,0.601265809640004,0.6016523922138322,-9.03780987745634,-9.03780987745634,0.5949492172276586,0.5950005240118076,2.302914191604151,2.1694592373815813,0,-2
2023-06-25 15:25:00,2023-06-25 15:29:59,0.6046,0.6065,0.6045,0.607,0.6052442907971518,0.60565,0.6045,0.607,True,0.0019816428987382726,-0.00045934000542969264,0,0.601459100926918,0.601818184558411,-4.816843568294551,-4.816843568294551,0.5950556926781296,0.5951149466584562,5.6111252893621275,3.405651224190196,0,-2
2023-06-25 15:30:00,2023-06-25 15:34:59,0.6064,0.6062,0.6048,0.607,0.6054471453985759,0.6061000000000001,0.6048,0.607,True,0.0019972398345426802,-0.0004357559806256227,0,0.6016386427426644,0.6019780918447369,-3.0144668594511614,-3.0144668594511614,0.5951655862833224,0.5952252456966806,12.54656654278093,6.820202007915789,0,-2
2023-06-25 15:35:00,2023-06-25 15:39:59,0.6061,0.6099,0.6061,0.6102,0.605773572699288,0.6080749999999999,0.6061,0.6102,True,0.0021474369892182025,-0.00016040033445135268,0,0.6018083672937007,0.6021458192496163,5.6941785050522,0.0,0.5952940381611003,0.5953712631524349,27.82669293733498,15.328128256492732,0,-1
2023-06-25 15:40:00,2023-06-25 15:44:59,0.61,0.6118,0.6097,0.6125,0.606924286349644,0.611,0.6097,0.6125,True,0.0021940486328454753,0.00014220377233891768,0,0.6019770932716585,0.6023386213110934,13.465343619555064,0.0,0.595450316388353,0.5955347331708186,46.11787794082691,28.830379140314324,0,2
2023-06-25 15:45:00,2023-06-25 15:49:59,0.612,0.613,0.6113,0.6133,0.608962143174822,0.6124,0.6113,0.6133,True,0.002180188016213656,0.0004006063667941059,0,0.6021578572913759,0.6025594474877205,19.643322066783355,19.643322066783355,0.5956189699566281,0.5957085169203628,70.82394313300628,48.25617133705611,0,2
2023-06-25 15:50:00,2023-06-25 15:54:59,0.6129,0.6138,0.6115,0.6145,0.610681071587411,0.613175,0.6115,0.6145,True,0.0022387460150555378,0.0005907469586388429,0,0.6023586523895482,0.6028061394690601,24.376039151331,24.376039151331,0.5957936568227313,0.5958885316773741,88.87715007178558,68.6063237152063,0,2
2023-06-25 15:55:00,2023-06-25 15:59:59,0.6138,0.615,0.6138,0.6157,0.6119280357937056,0.614575,0.6138,0.6157,True,0.0022145498711230002,0.0007546812382090355,0,0.6025823959293042,0.603081108699864,28.36903928420743,28.36903928420743,0.5959805358593211,0.5960786955412808,98.70853797493255,86.13654372657486,0,2
2023-06-25 16:00:00,2023-06-25 16:04:59,0.6148,0.6159,0.6141,0.6168,0.6132515178968527,0.6154000000000001,0.6141,0.6168,True,0.0022492248803285026,0.0008725084588614815,0,0.6028317523145841,0.6033821146040484,31.589608442850988,31.589608442850988,0.5961737643582333,0.5962759224513178,99.99999999999984,95.86189601557271,0,2
2023-06-25 16:05:00,2023-06-25 16:09:59,0.6159,0.6164,0.6147,0.6165,0.6143257589484263,0.615875,0.6147,0.6165,True,0.0022171373888764685,0.0009263827777046128,0,0.6031069334593162,0.6037048131488245,34.03858337490955,34.03858337490955,0.5963697965536738,0.5964761620289166,99.99999999999984,99.56951265831079,0,2
2023-06-25 16:10:00,2023-06-25 16:14:59,0.6165,0.6205,0.6161,0.6226,0.6151003794742131,0.618925,0.6161,0.6226,True,0.002523056146813868,0.0011818354219969578,0,0.6034058733040704,0.6040633026504659,37.2452699207567,37.2452699207567,0.596594226438712,0.596715205192808,99.99999999999984,99.99999999999989,0,2
2023-06-25 16:15:00,2023-06-25 16:19:59,0.6205,0.6234,0.6185,0.6246,0.6170126897371065,0.62175,0.6185,0.6246,True,0.0027785521363271628,0.0014719300805551066,0,0.6037345879772681,0.6044668935092163,39.94518982798594,39.94518982798594,0.5968445326433018,0.5969807255391482,99.99999999999984,99.99999999999989,0,2
2023-06-25 16:20:00,2023-06-25 16:24:59,0.6235,0.6274,0.6228,0.629,0.6193813448685532,0.625675,0.6228,0.629,True,0.00302294126944665,0.001844422623943292,0,0.6041007407432422,0.604930153595202,42.219379270715564,42.219379270715564,0.597131402965259,0.5972834048870174,99.99999999999984,99.99999999999989,0,2
2023-06-25 16:25:00,2023-06-25 16:29:59,0.6273,0.625,0.6248,0.6274,0.6225281724342766,0.626125,0.6248,0.6274,True,0.0029927311787718847,0.0018115953221486906,0,0.604515447169222,0.6054403007051274,37.917602527553896,37.917602527553896,0.5974198964680922,0.5975591919030669,99.99999999999984,99.99999999999989,0,2
2023-06-25 16:30:00,2023-06-25 16:34:59,0.6248,0.6245,0.6239,0.6258,0.6243265862171383,0.62475,0.6239,0.6258,True,0.002914678951716751,0.0016455182191864775,0,0.6049778739371747,0.6059744281847763,33.909051182526355,33.909051182526355,0.5976918377967679,0.597827259645325,94.01263958586539,98.0042131952884,0,2
2023-06-25 16:35:00,2023-06-25 16:39:59,0.6245,0.6271,0.6239,0.6274,0.6245382931085692,0.6257250000000001,0.6239,0.6274,True,0.0029564875980226937,0.0016106324318976,0,0.6054761510609755,0.6065304604324946,32.94130118284971,32.94130118284971,0.5979707747341135,0.5981185306936302,88.53967402840993,94.18410453809177,0,2
2023-06-25 16:40:00,2023-06-25 16:44:59,0.627,0.6254,0.6241,0.627,0.6251316465542847,0.625875,0.6241,0.627,True,0.0029595956267353583,0.001364645400078389,0,0.606003305746735,0.6071009526451407,28.44332538254804,28.44332538254804,0.5982484287168587,0.5983899880996637,81.64172662259115,88.06468007895553,0,1
2023-06-25 16:45:00,2023-06-25 16:49:59,0.6253,0.6246,0.6246,0.6265,0.6255033232771423,0.62525,0.6246,0.6265,True,0.0028839102248256828,0.001052705560326021,0,0.6065521291959378,0.6076746269419229,23.718502118773102,23.718502118773102,0.5985171010679348,0.5986507842379755,72.05651736071981,80.74597267057368,0,1
2023-06-25 16:50:00,2023-06-25 16:54:59,0.6246,0.6248,0.6244,0.6253,0.6253766616385712,0.6247750000000001,0.6244,0.6253766616385712,True,0.0027422023516238494,0.0007789833990900375,0,0.6071133780689303,0.6082436114950195,20.829228336755378,20.829228336755378,0.5987783736941245,0.5989109754395876,53.87704643801039,69.19176347377383,0,1
2023-06-25 16:55:00,2023-06-25 16:59:59,0.6248,0.6239,0.6232,0.6248,0.6250758308192856,0.6241749999999999,0.6232,0.6250758308192856,True,0.0026606164693650063,0.0004655593223069753,0,0.6076784947819749,0.6088008833027232,16.61173183017948,0.0,0.5990310764434367,0.599159622450139,27.44166051049584,51.12507476974206,0,1
2023-06-25 17:00:00,2023-06-25 17:04:59,0.624,0.6231,0.6228,0.6247,0.6246254154096428,0.62365,0.6228,0.6247,True,0.0026062867215532214,0.0001466358891689546,0,0.608239689042349,0.6093415080480493,11.83568158476951,0.0,0.5992760408569349,0.5993978351620779,9.680896853168301,30.333201267224894,0,1
2023-06-25 17:05:00,2023-06-25 17:09:59,0.6231,0.6227,0.6216,0.6231,0.6241377077048214,0.622625,0.6216,0.6241377077048214,True,0.002527266241442273,-0.0001343348690211344,0,0.6087905985451991,0.6098582845933538,7.653099257599422,0.0,0.5995083688086071,0.5996296974987736,-1.5276668818842154e-13,12.374185787888047,0,1
2023-06-25 17:10:00,2023-06-25 17:14:59,0.6228,0.6238,0.6228,0.6242,0.6233813538524107,0.6234,0.6228,0.6242,True,0.0024538900813392494,-0.00027507658231566007,0,0.6093244415692763,0.6103580569705773,7.552648535945856,0.0,0.5997460964821534,0.5998701980211738,2.631834864478685,4.1042439058823295,0,1
2023-06-25 17:15:00,2023-06-25 17:19:59,0.6237,0.6241,0.6237,0.6248,0.6233906769262053,0.624075,0.6237,0.6248,True,0.0023571836469578737,-0.00037324494789319797,0,0.6098412492699268,0.6108456440945281,8.188893906414371,0.0,0.599988175124122,0.600111290578177,7.490731979277386,3.374188947918691,0,1
2023-06-25 17:20:00,2023-06-25 17:24:59,0.6241,0.6192,0.6185,0.6245,0.6237328384631027,0.621575,0.6185,0.6245,True,0.002617384815032312,-0.0007954428306998955,0,0.6103434466822274,0.6113031396580192,-1.1438713454487797,-0.0,0.6002029694014939,0.6003012279853593,7.490731979277386,5.87109960767787,0,1
2023-06-25 17:25:00,2023-06-25 17:29:59,0.6192,0.617,0.6105,0.6206,0.6226539192315513,0.616825,0.6105,0.6226539192315513,True,0.0031518573282442895,-0.001221738353040994,0,0.6108232931701232,0.6117012149667848,-9.475272679444956,-9.475272679444956,0.6003683627407825,0.6004673849208284,4.858897114798548,6.613453691117823,0,-2
2023-06-25 17:30:00,2023-06-25 17:34:59,0.6172,0.6152,0.6146,0.6176,0.6197394596157757,0.61615,0.6146,0.6197394596157757,True,0.0031410103762268405,-0.001602120079526188,-1,0.6112622540684539,0.6120451458533306,-16.387154606728778,-16.387154606728778,0.6005253939572922,0.6006139781056958,-1.5276668818842154e-13,4.116543031358645,0,-2
2023-06-25 17:35:00,2023-06-25 17:39:59,0.6152,0.6175,0.6147,0.6195,0.6179447298078878,0.616725,0.6147,0.6195,True,0.0032595096350677825,-0.0016519802048409514,0,0.6116536999608922,0.6123480338353395,-15.449077738578254,-15.449077738578254,0.6006865840671699,0.6007819982240471,1.4940701364135363,2.117655750404028,0,-2
2023-06-25 17:40:00,2023-06-25 17:44:59,0.6175,0.6189,0.6175,0.6191,0.6173348649039438,0.6182500000000001,0.6175,0.6191,True,0.0031409732325629364,-0.0015449265542953486,0,0.6120008668981158,0.6126269934380852,-12.035446787521082,-12.035446787521082,0.6008613444247105,0.6009622768486834,6.771240456857615,2.7551035310903838,0,-2
2023-06-25 17:45:00,2023-06-25 17:49:59,0.6188,0.6217,0.6188,0.6219,0.6177924324519719,0.6203,0.6188,0.6219,True,0.0031380465730941544,-0.0012427075055375554,0,0.6123139301681005,0.612899265280123,-5.343085904086756,-5.343085904086756,0.6010547638831711,0.6011686223526767,16.52061105813846,8.261973883803256,0,-1
2023-06-25 17:50:00,2023-06-25 17:54:59,0.6216,0.6212,0.6203,0.6217,0.619046216225986,0.6212,0.6203,0.6217,True,0.0030139003893017197,-0.0010521338749729298,0,0.6126065977241117,0.6131705786838533,-1.8278332451872643,-0.0,0.6012552139937863,0.6013679395431972,27.53071382825134,16.940855114415857,0,-1
2023-06-25 17:55:00,2023-06-25 17:59:59,0.6213,0.6211,0.6205,0.6214,0.620123108112993,0.621075,0.6205,0.6214,True,0.0028629075043515896,-0.0009131524510531831,0,0.6128885882039825,0.613438418370949,0.3021665995563225,0.0,0.6014524257948431,0.6015642784532151,35.213074714803156,26.421466533731035,0,-1
2023-06-25 18:00:00,2023-06-25 18:04:59,0.6211,0.623,0.6205,0.6237,0.6205990540564965,0.622075,0.6205,0.6237,True,0.0028869855397550457,-0.0006751332320936625,0,0.6131635032874657,0.6137085465748824,4.890714156373683,0.0,0.601657625538178,0.6017775692148747,42.27499034774887,35.00625963026784,0,-1
2023-06-25 18:05:00,2023-06-25 18:09:59,0.623,0.6261,0.6214,0.6269,0.6213370270282483,0.62435,0.6214,0.6269,True,0.0030736294297725466,-0.0003003816514256666,0,0.613436024931174,0.6139942320968479,11.430086281148341,0.0,0.6018834203089424,0.6020195834515426,53.86851152958411,43.7855255307121,0,-1
2023-06-25 18:10:00,2023-06-25 18:14:59,0.6261,0.6246,0.6243,0.6275,0.6228435135141241,0.625625,0.6243,0.6275,True,0.003082655899074506,-0.0001689921468072458,0,0.6137151285140109,0.6142989537541288,12.20420175325011,0.0,0.602119654932734,0.6022442642132187,69.64658664375747,55.263362840363534,0,-1
2023-06-25 18:15:00,2023-06-25 18:19:59,0.6245,0.6244,0.6242,0.6265,0.624234256757062,0.6249,0.6242,0.6265,True,0.0030267519062834674,-0.00011142403214122127,0,0.6140070411340698,0.6146115977089751,12.240504129266633,0.0,0.6023463250329059,0.6024647192956742,78.2057303350922,67.24027616947798,0,-1
2023-06-25 18:20:00,2023-06-25 18:24:59,0.6243,0.6238,0.6235,0.6248,0.624567128378531,0.6241,0.6235,0.6248,True,0.0029034124844060745,-0.00013141505142174768,0,0.6143093194215224,0.614922845023621,10.703408059751574,0.0,0.6025627795101903,0.602677010645966,75.82288763804522,74.55840153896501,0,-2
2023-06-25 18:25:00,2023-06-25 18:29:59,0.6239,0.6246,0.6237,0.6249,0.6243335641892656,0.6242749999999999,0.6237,0.6249,True,0.0027817401640913533,-0.00010443831390431714,0,0.6146160822225717,0.6152320579521424,11.19492840041358,0.0,0.6027788215051139,0.6028951498435186,72.8662534054231,75.63162379285356,0,-1
2023-06-25 18:30:00,2023-06-25 18:34:59,0.6245,0.6198,0.6185,0.6248,0.6243042820946327,0.6219,0.6185,0.6248,True,0.003033044438084826,-0.0004321361727555812,0,0.614924070087357,0.6155212526389053,2.486652375389326,0.0,0.6029690819876501,0.6030633573077622,61.32901137208645,70.00605080518498,0,-2
2023-06-25 18:35:00,2023-06-25 18:39:59,0.6198,0.6203,0.6198,0.6217,0.6231021410473163,0.6204000000000001,0.6198,0.6231021410473163,True,0.0029521126925073395,-0.0006102949505796657,0,0.6152226613631312,0.6157824110448549,-2.200336159647044,-0.0,0.6031425239579222,0.603234866190272,47.0408318089184,60.41203219547604,0,-2
2023-06-25 18:40:00,2023-06-25 18:44:59,0.6204,0.6202,0.6196,0.6211,0.6217510705236582,0.620325,0.6196,0.6217510705236582,True,0.0028483903573282396,-0.0007239196264812934,0,0.615502536203993,0.6160191898855948,-5.481916448173408,-5.481916448173408,0.6033134938687886,0.6034036734918613,26.197535115562275,44.85579276552244,0,-2
2023-06-25 18:45:00,2023-06-25 18:49:59,0.6202,0.6174,0.6167,0.6208,0.6210380352618291,0.6187750000000001,0.6167,0.6210380352618291,True,0.0029377910460905076,-0.0009746804614440383,0,0.6157608630447938,0.6162245153201699,-11.35892572740223,-11.35892572740223,0.60346733970094,0.6035429404222905,12.364347223337633,28.53423804927283,0,-2
2023-06-25 18:50:00,2023-06-25 18:54:59,0.6175,0.6177,0.6173,0.6188,0.6199065176309146,0.6178250000000001,0.6173,0.6199065176309146,True,0.002835091685655475,-0.001088682627941959,0,0.6159926891824818,0.6163971505057433,-14.39623089615003,-14.39623089615003,0.603610201992473,0.6036838066867454,4.937675395190859,14.499852578030316,0,-2
2023-06-25 18:55:00,2023-06-25 18:59:59,0.618,0.6161,0.6152,0.6182,0.6188657588154574,0.616875,0.6152,0.6188657588154574,True,0.0028468708509657987,-0.0012376559374296184,0,0.6161949198441126,0.6165363459571244,-18.26998193180155,-18.26998193180155,0.6037421900323489,0.6038073508988175,-1.580957587066223e-13,5.76734087284284,-1,-2
2023-06-25 19:00:00,2023-06-25 19:04:59,0.6162,0.6152,0.6148,0.6175,0.6178703794077287,0.615925,0.6148,0.6178703794077287,True,0.0028363800758968156,-0.0013525299010816402,0,0.6163656329006185,0.6166417410314905,-21.752008445235987,-21.752008445235987,0.6038634120220767,0.6039207105913666,-1.580957587066223e-13,1.645891798396909,0,-2
2023-06-25 19:05:00,2023-06-25 19:09:59,0.6153,0.6158,0.6142,0.6165,0.6168976897038643,0.61545,0.6142,0.6168976897038643,True,0.002798067213332763,-0.001335134632321507,0,0.6165036869660545,0.6167165427038885,-21.906461288239214,-21.906461288239214,0.6039787014546929,0.6040389124760297,-1.580957587066223e-13,-9.681144774731365e-14,0,-2
2023-06-25 19:10:00,2023-06-25 19:14:59,0.616,0.6187,0.616,0.6187,0.6161738448519322,0.6173500000000001,0.616,0.6187,True,0.002805348126666138,-0.0010731101704566518,0,0.6166101148349715,0.616779780777328,-14.213495216594396,-14.213495216594396,0.6041117492014124,0.6041847939439299,7.994541823827778,2.6648472746092153,0,-1
2023-06-25 19:15:00,2023-06-25 19:19:59,0.6187,0.618,0.6167,0.6189,0.6167619224259662,0.6180749999999999,0.6167,0.6189,True,0.0027621089747614127,-0.0009097949364471287,0,0.6166949478061498,0.616838455138562,-10.547751549471222,-10.547751549471222,0.6042506870203038,0.6043222586808062,18.754634751383325,8.916392191737044,0,-1
2023-06-25 19:20:00,2023-06-25 19:24:59,0.6178,0.6197,0.6176,0.62,0.617418461212983,0.6187750000000001,0.6176,0.62,True,0.0027362440479927375,-0.000651573952608216,0,0.6167667014723558,0.616897936632991,-4.5568770627941575,-4.5568770627941575,0.604395207547465,0.604475271032241,33.42484124970275,20.05800594163801,0,-1
2023-06-25 19:25:00,2023-06-25 19:29:59,0.62,0.62,0.6194,0.6204,0.6180967306064915,0.61995,0.6194,0.6204,True,0.002612226615993256,-0.00043852329721095676,0,0.6168323190526733,0.6169657072323237,0.013567543063544463,0.0,0.6045499816017191,0.6046297459473431,46.5824716947504,32.92064923194555,0,-1
2023-06-25 19:30:00,2023-06-25 19:34:59,0.6201,0.6228,0.6191,0.6229,0.6190233653032458,0.621225,0.6191,0.6229,True,0.0026970675719937393,-9.209765371434852e-05,0,0.6168990131424985,0.6170482867797755,7.31814861825432,0.0,0.6047159021827966,0.6048105444951307,61.95673186402443,47.32134826949258,0,-1
2023-06-25 19:35:00,2023-06-25 19:39:59,0.6229,0.6229,0.6225,0.6238,0.6201241826516228,0.623025,0.6225,0.6238,True,0.0025972770311370416,0.00014001270446797117,0,0.616973649961137,0.6171543088469476,12.31161999800237,0.0,0.6048980822605797,0.6049905390772687,80.61985869903833,63.053020752604446,1,-1
2023-06-25 19:40:00,2023-06-25 19:44:59,0.6229,0.6235,0.6221,0.6236,0.6215745913258115,0.623025,0.6221,0.6236,True,0.0025189001003415425,0.0003218505719743075,0,0.6170639794040422,0.6172780599506253,16.443383419410196,16.443383419410196,0.6050784496012704,0.6051747128177934,92.80101976349609,78.45920344218634,0,-1
2023-06-25 19:45:00,2023-06-25 19:49:59,0.6236,0.6239,0.6231,0.6244,0.6222997956629057,0.62375,0.6231,0.6244,True,0.0024318358074600015,0.00044878183011566933,0,0.6171710196773338,0.617419894456261,19.74615133478258,19.74615133478258,0.6052642361724021,0.605361034083288,99.99999999999984,91.14029282084482,0,-1
2023-06-25 19:50:00,2023-06-25 19:54:59,0.6239,0.6249,0.6237,0.6261,0.6230248978314529,0.62465,0.6237,0.6261,True,0.0024295618212128553,0.000574925482154867,0,0.6172954570667973,0.617581167973005,23.234781860856273,23.234781860856273,0.605457129344816,0.6055554516545986,99.99999999999984,97.60033992116531,0,-1
2023-06-25 19:55:00,2023-06-25 19:59:59,0.625,0.6293,0.625,0.6304,0.6238374489157265,0.627425,0.625,0.6304,True,0.002648878833983362,0.0009271005334926239,1,0.6174383125199011,0.6177756789031824,28.613927058644038,28.613927058644038,0.6056757151224795,0.6057917158172393,99.99999999999984,99.9999999999999,0,2
2023-06-25 20:00:00,2023-06-25 20:04:59,0.6292,0.6286,0.6263,0.6309,0.6256312244578632,0.62875,0.6263,0.6309,True,0.0027882446315559825,0.001058371943486568,0,0.6176069957115418,0.6180041142399555,29.781044722459598,29.781044722459598,0.6059053099968827,0.6060186639185603,99.99999999999984,99.9999999999999,0,2
2023-06-25 20:05:00,2023-06-25 20:09:59,0.6285,0.6282,0.6266,0.6287,0.6271906122289317,0.628,0.6266,0.6287,True,0.0027390843007305543,0.0010597720429654336,0,0.6178055549757486,0.618252545393676,29.115463761227332,29.115463761227332,0.6061251576586053,0.6062393737303159,96.97958392602409,98.99319464200799,0,2
2023-06-25 20:10:00,2023-06-25 20:14:59,0.6281,0.6265,0.6262,0.6284,0.6275953061144659,0.6273,0.6262,0.6284,True,0.002700578279249799,0.0008862704057217201,0,0.6180290501847123,0.6185102121483639,23.175758168567484,23.175758168567484,0.6063358526072758,0.606440972001656,91.19488501959138,96.05815631520517,0,1
2023-06-25 20:15:00,2023-06-25 20:19:59,0.6266,0.6258,0.6243,0.6268,0.6274476530572329,0.625875,0.6243,0.6274476530572329,True,0.002686251259303389,0.000674603767459796,0,0.6182696311665381,0.6187636052732494,17.27882271100063,17.27882271100063,0.6065302719843179,0.6066335991459182,77.37527057063049,88.51657983874873,0,1
2023-06-25 20:20:00,2023-06-25 20:24:59,0.626,0.6278,0.6259,0.6283,0.6266613265286165,0.627,0.6259,0.6283,True,0.0026729475979245716,0.0006318071510452352,0,0.6185166182198938,0.6190196138894234,16.987606085750954,16.987606085750954,0.606733950870046,0.6068442100996901,68.603012937581,79.05772284260104,0,2
2023-06-25 20:25:00,2023-06-25 20:29:59,0.6277,0.6268,0.6255,0.6277,0.6268306632643083,0.6269250000000001,0.6255,0.6277,True,0.002646308483787108,0.0004933658463888756,0,0.6187681160546586,0.6192754106291596,13.953441312339855,13.953441312339855,0.606934856831538,0.607042775173325,61.00818657028594,68.9954900261659,0,1
2023-06-25 20:30:00,2023-06-25 20:34:59,0.6264,0.6254,0.6247,0.6268,0.6268778316321542,0.625825,0.6247,0.6268778316321542,True,0.0026072864492308855,0.00027106898824347594,0,0.6190217633419091,0.6195217383496094,8.50911781169276,0.0,0.6071228184551049,0.6072254341268243,51.6115343634137,60.40757795709363,0,1
2023-06-25 20:35:00,2023-06-25 20:39:59,0.6254,0.626,0.6253,0.6264,0.626351415816077,0.625775,0.6253,0.6264,True,0.002499623131428679,0.0001412379185536522,0,0.6192717508457593,0.6197585779212871,6.338781016037835,0.0,0.6073084123013227,0.6074122457275524,34.5310299180228,49.050250283907566,0,1
2023-06-25 20:40:00,2023-06-25 20:44:59,0.626,0.6247,0.6244,0.626,0.6260632079080385,0.625275,0.6244,0.6260632079080385,True,0.0024353643363266334,-5.3498345052316494e-05,0,0.6195151643835232,0.6199828919036453,1.7978806213050191,0.0,0.607487184318225,0.6075842631829996,14.577221858417252,33.573262046618005,0,-2
2023-06-25 20:45:00,2023-06-25 20:49:59,0.6246,0.6275,0.6234,0.6278,0.62605,0.625825,0.6234,0.6278,True,0.0025756954551604504,-2.2434122409547771e-07,0,0.6197490281435842,0.6201995789538818,4.799011934464019,0.0,0.6076696501459043,0.6077824297184922,8.05940545292393,19.05588574312141,0,-1
2023-06-25 20:50:00,2023-06-25 20:54:59,0.6273,0.6295,0.6273,0.6295,0.6259375,0.6284,0.6273,0.6295,True,0.0025488600655061313,0.00015614722201609142,0,0.619974303548733,0.62042644180164,9.582566996489952,0.0,0.6078759222837561,0.6079985249451738,21.5163619977522,14.717663103031212,0,2
2023-06-25 20:55:00,2023-06-25 20:59:59,0.6295,0.6293,0.6283,0.6298,0.62716875,0.6292249999999999,0.6283,0.6298,True,0.0024739414893985546,0.0002210416723029433,0,0.6202003726751865,0.6206654199833114,12.19719407589728,12.19719407589728,0.6080883509177486,0.6082104799208438,43.270559461219015,24.2821089706318,0,2
2023-06-25 21:00:00,2023-06-25 21:04:59,0.6293,0.6319,0.6291,0.6322,0.628196875,0.630625,0.6291,0.6322,True,0.0025186599544415145,0.00041551885600241926,0,0.6204328963292489,0.6209219024969544,16.979730421433743,16.979730421433743,0.6083125961822486,0.6084461965385468,67.40974922200341,44.06555689365829,0,2
2023-06-25 21:05:00,2023-06-25 21:09:59,0.6319,0.6309,0.6277,0.6319,0.6294109375,0.6305999999999999,0.6277,0.6319,True,0.002638755671981405,0.0004375080740262778,0,0.6206773994131017,0.6211902350248694,17.248757720332563,17.248757720332563,0.6085343613943656,0.6086696174685116,76.98214990209544,62.55415286177271,0,2
2023-06-25 21:10:00,2023-06-25 21:14:59,0.6309,0.626,0.6253,0.6313,0.63000546875,0.6283749999999999,0.6253,0.6313,True,0.002878844552554162,7.884840065874041e-05,0,0.6209338172189856,0.6214507902396437,8.340408162277548,0.0,0.6087317806839738,0.6088420590857403,63.89185403247131,69.4279177188568,0,1
2023-06-25 21:15:00,2023-06-25 21:19:59,0.626,0.6269,0.6237,0.6277,0.629190234375,0.6260749999999999,0.6237,0.629190234375,True,0.002958927084514579,-0.00011222379250313674,0,0.6211923037293147,0.6216876541892541,4.015843993924221,0.0,0.608904350030402,0.6090217400898623,36.15341399968004,59.00913931141567,0,1
2023-06-25 21:20:00,2023-06-25 21:24:59,0.6269,0.6266,0.6265,0.6296,0.6276326171875,0.6274,0.6265,0.6296,True,0.0029690037213349735,-0.00026846928972079284,0,0.6214399789592844,0.62191333160969,0.6557913789604868,0.0,0.6090883863485075,0.6091966481486697,15.521963556657761,38.522410529603114,0,-2
2023-06-25 21:25:00,2023-06-25 21:29:59,0.6266,0.6234,0.6205,0.6267,0.62751630859375,0.6243000000000001,0.6205,0.62751630859375,True,0.0031997891698110456,-0.0005936019835798027,0,0.6216766552844872,0.6221073841131914,-5.796600115644793,-5.796600115644793,0.6092397456883233,0.6093379750327625,6.858061962815083,19.51114650638437,0,-2
2023-06-25 21:30:00,2023-06-25 21:34:59,0.6235,0.6188,0.6178,0.6248,0.625908154296875,0.621225,0.6178,0.625908154296875,True,0.0034712328005388282,-0.0011083584795698953,-1,0.6218920196988393,0.6222541089204888,-13.557947724653225,-13.557947724653225,0.609359001950131,0.6094321245349241,6.858061962815083,9.746029160762719,0,-2
2023-06-25 21:35:00,2023-06-25 21:39:59,0.6185,0.6215,0.6165,0.6217,0.6235665771484376,0.61955,0.6165,0.6235665771484376,True,0.0035947161719289107,-0.001220220058865424,0,0.6220730643096641,0.6223510733302102,-13.740905545804836,-13.740905545804836,0.6094604049158013,0.6095522028977607,-1.3974007136615304e-13,4.572041308543418,-1,-2
2023-06-25 21:40:00,2023-06-25 21:44:59,0.6214,0.6236,0.6213,0.6242,0.6215582885742188,0.622625,0.6213,0.6242,True,0.003545093588219704,-0.0011057260455069745,0,0.6222120688199372,0.622429293520161,-10.653601464443987,-10.653601464443987,0.609591395911664,0.6096919819734049,8.627157178464229,5.1617397137598,0,-2
2023-06-25 21:45:00,2023-06-25 21:49:59,0.6236,0.626,0.6236,0.6264,0.6220916442871094,0.6249,0.6236,0.6264,True,0.003491872617632576,-0.000827650064199148,0,0.622320681170049,0.6225078284997608,-5.4939134394155715,-5.4939134394155715,0.6097437203304534,0.6098542508094904,22.57119821809972,10.39945179885468,0,-1
2023-06-25 21:50:00,2023-06-25 21:54:59,0.6259,0.6261,0.6248,0.6272,0.6234958221435547,0.626,0.6248,0.6272,True,0.0034138817163731033,-0.0006126613973625706,0,0.6224142548349049,0.6225936196517974,-1.9266210470895757,-0.0,0.609905474357016,0.6100159000551671,38.881970390764415,23.360108595776197,1,-1
2023-06-25 21:55:00,2023-06-25 21:59:59,0.6262,0.6249,0.624,0.6268,0.6247479110717773,0.625475,0.624,0.6268,True,0.003370033022346455,-0.0005362557566016975,0,0.6225039372433511,0.6226809329625651,-1.548367179857756,-0.0,0.6100603950101801,0.6101640005521307,45.306163393373645,35.586444000746006,0,-1
2023-06-25 22:00:00,2023-06-25 22:04:59,0.6249,0.6262,0.6221,0.6269,0.6251114555358886,0.625025,0.6221,0.6269,True,0.0034721735207502817,-0.0003805746508453447,0,0.622592435102958,0.6227657581388809,0.7996549821683985,0.0,0.6102092965523673,0.6103235627356915,45.305362247332845,43.16449867715704,0,-1
2023-06-25 22:05:00,2023-06-25 22:09:59,0.6262,0.6225,0.6219,0.6264,0.6250682277679444,0.62425,0.6219,0.6264,True,0.003545589697839544,-0.0005228650905898304,0,0.6226790966209195,0.6228427250743414,-3.131974707347716,-3.131974707347716,0.6103490050443836,0.6104447213154359,41.00920020888577,43.87357528319749,-1,-2
2023-06-25 22:10:00,2023-06-25 22:14:59,0.6225,0.6222,0.6213,0.6228,0.6246591138839721,0.6222,0.6213,0.6246591138839721,True,0.003399476147993866,-0.0006174181912890476,0,0.6227609108476304,0.6228989119063808,-6.118407400542104,-6.118407400542104,0.6104669253922007,0.6105616892625461,33.26497467959041,39.85984571193641,0,-2
2023-06-25 22:15:00,2023-06-25 22:19:59,0.6221,0.6227,0.6204,0.6227,0.6234295569419861,0.6219750000000001,0.6204,0.6234295569419861,True,0.0033209421374228816,-0.0006209972271351775,0,0.6228299113770056,0.6229368091761588,-7.008073652728193,-7.008073652728193,0.6105814335972535,0.610682468473864,29.07073195155354,34.448302280009976,0,-2
2023-06-25 22:20:00,2023-06-25 22:24:59,0.6227,0.6237,0.622,0.6241,0.622702278470993,0.6231249999999999,0.622,0.6241,True,0.003233731984749818,-0.0005302984664186277,0,0.6228833602765822,0.6229679371523569,-5.382113178065389,-5.382113178065389,0.610706245203251,0.610811996150741,35.06998273455921,32.46856312190112,0,-1
2023-06-25 22:25:00,2023-06-25 22:29:59,0.6237,0.6221,0.6216,0.6239,0.6229136392354965,0.622825,0.6216,0.6239,True,0.0031670368429819714,-0.0005601383342971249,0,0.6229256487144695,0.6229914637260541,-7.14789543610452,-7.14789543610452,0.6108268298280943,0.6109243145970022,44.435132319805255,36.19194900197274,0,-2
2023-06-25 22:30:00,2023-06-25 22:34:59,0.622,0.6241,0.6218,0.6241,0.6228693196177482,0.623,0.6218,0.6241,True,0.0031051056399118283,-0.0004187987119267976,0,0.6229585562202617,0.623010044930896,-4.05145332629462,-4.05145332629462,0.6109479558994566,0.6110554159442958,55.041724195631325,44.848946416665335,0,-1
2023-06-25 22:35:00,2023-06-25 22:39:59,0.624,0.6245,0.6231,0.6252,0.6229346598088741,0.6242,0.6231,0.6252,True,0.0030333123799181254,-0.00028216270223376037,0,0.6229843005755789,0.6230328384013913,-1.2172421159517555,-0.0,0.6110798170347854,0.6111891929000739,65.03517432077308,54.83734361206996,0,-1
2023-06-25 22:40:00,2023-06-25 22:44:59,0.6245,0.6223,0.6218,0.6245,0.6235673299044371,0.623275,0.6218,0.6245,True,0.003009504352781119,-0.0003325274405969863,0,0.6230085694884852,0.6230524453471062,-3.712523872931719,-3.712523872931719,0.611201162138917,0.6112997481946005,70.80270725817046,63.62653525819169,0,-2
2023-06-25 22:45:00,2023-06-25 22:49:59,0.6219,0.621,0.6202,0.6226,0.6234211649522186,0.6214250000000001,0.6202,0.6234211649522186,True,0.0029659683275824722,-0.00043927542546581084,0,0.6230305074177958,0.6230567160275432,-7.389254245429392,-7.389254245429392,0.611302891868878,0.6113962681130622,50.44711821678657,62.0949999319101,0,-2
2023-06-25 22:50:00,2023-06-25 22:54:59,0.6209,0.6197,0.6195,0.6216,0.6224230824761093,0.620425,0.6195,0.6224230824761093,True,0.0029041134470408664,-0.0005769669541826058,0,0.6230436117226695,0.6230420219935988,-11.595012546994731,-11.595012546994731,0.6113936591139638,0.6114788923109422,22.439807174421514,47.896544216459574,0,-2
2023-06-25 22:55:00,2023-06-25 22:59:59,0.6197,0.6183,0.6175,0.6217,0.6214240412380547,0.6193000000000001,0.6175,0.6217,True,0.0029966767722522315,-0.0007343975186054005,0,0.6230428168581342,0.6230047790269523,-16.015833598664273,-16.015833598664273,0.6114723291725314,0.6115467640292412,-1.2316074086508402e-13,24.29564179706938,0,-2
2023-06-25 23:00:00,2023-06-25 23:04:59,0.6183,0.6182,0.6151,0.6192,0.6203620206190275,0.6176999999999999,0.6151,0.6203620206190275,True,0.0030754855742342146,-0.0008071797893127906,0,0.6230237979425433,0.6229390609518262,-19.077641502033472,-19.077641502033472,0.6115342960464365,0.6116129653821841,-1.2316074086508402e-13,7.479935724807148,0,-2
2023-06-25 23:05:00,2023-06-25 23:09:59,0.6182,0.6189,0.6179,0.6197,0.6190310103095137,0.618675,0.6179,0.6197,True,0.0029843794617889154,-0.0007657915840282888,0,0.6229814294471847,0.6228580646563027,-18.536359542953132,-18.536359542953132,0.611605347827069,0.6116854731893265,7.613001817036629,2.5376672723455194,0,-2
2023-06-25 23:10:00,2023-06-25 23:14:59,0.6189,0.6194,0.6183,0.6196,0.6188530051547568,0.61905,0.6183,0.6196,True,0.0028640666430897127,-0.0006649109306922554,0,0.6229197470517437,0.6227681683299382,-16.351097288421286,-16.351097288421286,0.6116794239680932,0.6117622346501292,18.28485181058642,8.632617875874368,0,-1
2023-06-25 23:15:00,2023-06-25 23:19:59,0.6194,0.6185,0.6183,0.6197,0.6189515025773784,0.6189749999999999,0.6183,0.6197,True,0.0027594904542975955,-0.000625010355083104,0,0.6228439576908409,0.6226713671513429,-16.78415961023412,-16.78415961023412,0.6117520167644306,0.6118292770914215,28.566760231310777,18.154871286311334,0,-2
2023-06-25 23:20:00,2023-06-25 23:24:59,0.6185,0.6175,0.6171,0.6193,0.6189632512886891,0.6181000000000001,0.6171,0.6193,True,0.002719526850419194,-0.0006321634386640741,0,0.6227576624210919,0.6225637904625253,-18.861346275711217,-18.861346275711217,0.6118151807767248,0.6118857021949895,26.650004901416366,24.50053898110458,0,-2
2023-06-25 23:25:00,2023-06-25 23:29:59,0.6177,0.6211,0.6174,0.6214,0.6185316256443446,0.6194,0.6174,0.6214,True,0.002810989218246395,-0.00035295631947316773,0,0.6226607264418086,0.6224573876117236,-10.086722502924232,-10.086722502924232,0.6118906516147673,0.6119773867502633,32.7503805556884,29.32238189613857,0,-1
2023-06-25 23:30:00,2023-06-25 23:34:59,0.621,0.6207,0.6189,0.6216,0.6189658128221722,0.62055,0.6189,0.6216,True,0.0028030614169430837,-0.0001748538519730082,0,0.6225590570267662,0.6223605291915438,-5.246815093099194,-5.246815093099194,0.6119768142852672,0.6120641789219025,48.14324875080168,35.847878069302205,0,-1
2023-06-25 23:35:00,2023-06-25 23:39:59,0.6206,0.6208,0.6199,0.6216,0.6197579064110861,0.620725,0.6199,0.6216,True,0.002724271315732866,-3.5543884185151604e-05,0,0.622459793109155,0.622273050406589,-1.7837134751014219,-0.0,0.6120638609092943,0.6121511025147194,69.45284689259823,50.11549206636283,0,-1
2023-06-25 23:40:00,2023-06-25 23:44:59,0.6207,0.6205,0.6202,0.6214,0.620241453205543,0.6207,0.6202,0.6214,True,0.002615394793180517,4.506027116829808e-05,0,0.6223664217578719,0.6221933849453186,-0.45059253657738196,-0.0,0.6121497926415401,0.6122341761215381,79.50820068631482,65.70143210990499,0,-1
2023-06-25 23:45:00,2023-06-25 23:49:59,0.6205,0.6205,0.6184,0.6207,0.6204707266027716,0.620025,0.6184,0.6207,True,0.0025928665936676286,0.00010458822037082887,0,0.6222799033515952,0.6221157863406799,0.4381547557719827,0.0,0.6122281529137636,0.6123164231253039,80.28278436111253,76.41461064667526,0,-1
2023-06-25 23:50:00,2023-06-25 23:54:59,0.6204,0.6181,0.6171,0.6204,0.6202478633013858,0.619,0.6171,0.6204,True,0.0026505189798342317,-1.6925111176318685e-05,0,0.6221978448461375,0.6220333148057023,-5.573637288343875,-5.573637288343875,0.6122955344768107,0.6123739711539078,71.6956136334022,77.16219956027659,0,-2
2023-06-25 23:55:00,2023-06-25 23:59:59,0.618,0.6182,0.617,0.619,0.6196239316506928,0.61805,0.617,0.6196239316506928,True,0.002604053338417501,-7.857526794496873e-05,0,0.6221155798259199,0.6219410546105437,-9.16196963939781,-9.16196963939781,0.6123527928402256,0.6124319415901873,55.9180408299466,69.29881294148718,0,-2
