start_time,end_time,open,close,low,high,h_open,h_close,h_low,h_high,finish,atr_14,macd_13_34,st_signal,av2_open,av2_close,histo2,qqe,ema_h200,ema_200,fastk,fastd,xo_signal,macd_hists
2023-06-17 00:00:00,2023-06-17 00:04:59,0.05352,0.05372,0.05352,0.05377,0.05317060934048497,0.0536325,0.05352,0.05377,True,0.0003193080622612941,0.00012775287235170776,0,0.05234846800121506,0.05239584854166429,24.87769340505126,24.87769340505126,0.052899124435491926,0.05290263414531467,95.67257906012215,94.94955123963445,0,2
2023-06-17 00:05:00,2023-06-17 00:09:59,0.05372,0.05356,0.05351,0.0538,0.05340155467024248,0.0536475,0.05351,0.0538,True,0.0003172146292426301,0.00012114026222815417,0,0.05237215827143967,0.05242527425870494,23.61218860038079,23.61218860038079,0.05290657095852186,0.05290917509909263,99.99999999999996,96.75353879650426,0,2
2023-06-17 00:10:00,2023-06-17 00:14:59,0.05356,0.05353,0.05351,0.05378,0.05352452733512124,0.053595000000000004,0.05351,0.05378,True,0.0003138421557252993,0.00010737868646044056,0,0.0523987162650723,0.052456466895217525,22.030372758694682,22.030372758694682,0.05291342099873557,0.05291535246129071,94.91170714722193,96.86142873578142,0,1
2023-06-17 00:15:00,2023-06-17 00:19:59,0.05353,0.05376,0.05347,0.05382,0.05355976366756062,0.053645,0.05347,0.05382,True,0.00031642485888777816,0.00010726621151242315,0,0.052427591580144914,0.052489179678370884,23.28763771757548,23.28763771757548,0.052920700391782975,0.0529237569144122,90.2191408290065,95.0436159920762,0,2
2023-06-17 00:20:00,2023-06-17 00:24:59,0.05376,0.05368,0.05362,0.05398,0.05360238183378031,0.05376,0.05362,0.05398,True,0.00031953736896722255,9.4551076603846e-05,0,0.0524583856292579,0.052523653861482215,21.976302042152938,21.976302042152938,0.05292905163166573,0.05293128172123397,90.2191408290065,91.78332960174505,0,1
2023-06-17 00:25:00,2023-06-17 00:29:59,0.05368,0.05355,0.05351,0.05374,0.05368119091689016,0.05362,0.05351,0.05374,True,0.00031314184261242104,7.067587930996666e-05,0,0.05249101974537006,0.052558317728724366,17.81276370946607,17.81276370946607,0.05293592673980836,0.05293743812201771,76.15775917759387,85.53201361186905,0,1
2023-06-17 00:30:00,2023-06-17 00:34:59,0.05356,0.05349,0.05346,0.05365,0.05365059545844508,0.053540000000000004,0.05346,0.05365059545844508,True,0.00030434599671153403,4.5341918492316125e-05,0,0.05252466873704721,0.05259234421954641,13.588648517166689,13.588648517166689,0.05294193741901425,0.052942936250156836,51.39918285902746,72.59202762187603,0,1
2023-06-17 00:35:00,2023-06-17 00:39:59,0.05349,0.05348,0.05345,0.05354,0.053595297729222544,0.05349,0.05345,0.053595297729222544,True,0.00028903556837499587,2.355680934581643e-05,0,0.05255850647829681,0.05262529238834423,10.507914308042338,10.507914308042338,0.052947390778029034,0.05294828016806572,18.06584952569413,48.5409305207719,0,1
2023-06-17 00:40:00,2023-06-17 00:44:59,0.05348,0.05337,0.05336,0.0535,0.05354264886461127,0.053427499999999996,0.05336,0.05354264886461127,True,0.0002783901706339248,-1.8513545697295677e-06,0,0.052591899433320516,0.05265673671068526,5.560832714462549,0.0,0.0529521679842178,0.052952476385298895,3.8821906965514494,24.44907436042443,0,1
2023-06-17 00:45:00,2023-06-17 00:49:59,0.05337,0.05359,0.05334,0.05363,0.05348507443230563,0.0534825,0.05334,0.05363,True,0.00027921944416007285,-5.829565548613313e-06,0,0.052624318072002886,0.05268715866113431,7.281286152261103,0.0,0.05295744491969822,0.052958819903853135,3.195684719653747,8.381241647299857,0,1
2023-06-17 00:50:00,2023-06-17 00:54:59,0.05359,0.05349,0.05345,0.05359,0.053483787216152816,0.05353,0.05345,0.05359,True,0.0002692751981486392,-1.7707381865644464e-05,0,0.052655738366568595,0.0527168928645847,5.770683304065429,0.0,0.05296314198517386,0.05296410527794415,9.159157186482336,5.412344200895926,0,1
2023-06-17 00:55:00,2023-06-17 00:59:59,0.05349,0.05358,0.05346,0.05372,0.05350689360807641,0.0535625,0.05346,0.05372,True,0.0002686126839951647,-2.1101763706467844e-05,0,0.05268631561557664,0.05274610457629205,6.71965191040929,0.0,0.052969105746515414,0.05297023358363625,17.047453217161944,9.800765041099424,0,1
2023-06-17 01:00:00,2023-06-17 01:04:59,0.05358,0.05378,0.05352,0.05379,0.053534696804038204,0.05366750000000001,0.05352,0.05379,True,0.00026871177799551,-1.1281635642134606e-05,0,0.05271621009593434,0.05277542491483152,10.78407519098944,0.0,0.0529760549430675,0.0529782909609135,27.776735752255963,17.994448718633496,0,2
2023-06-17 01:05:00,2023-06-17 01:09:59,0.05378,0.05356,0.05351,0.05382,0.053601098402019105,0.0536675,0.05351,0.05382,True,0.0002716609367101163,-2.2140407110346548e-05,0,0.05274581750538293,0.0528046296073363,7.814973920159304,0.0,0.05298293499338524,0.05298407911055615,35.73823054017432,26.854139836530823,0,1
2023-06-17 01:10:00,2023-06-17 01:14:59,0.05356,0.05339,0.05321,0.05356,0.05363429920100955,0.05343,0.05321,0.05363429920100955,True,0.00027725658408796536,-4.2416464443704234e-05,0,0.052775223556359614,0.05283191337308304,2.61082681557437,0.0,0.05298738340141126,0.052988118124381464,27.849934509494712,30.454966933975083,0,1
2023-06-17 01:15:00,2023-06-17 01:19:59,0.05339,0.05348,0.05336,0.05357,0.05353214960050477,0.05345,0.05336,0.05357,True,0.00027245254236739656,-4.997290897949694e-05,0,0.052803568464721326,0.05285763480530503,1.182103187457919,0.0,0.05299198655164597,0.05299301247140254,15.002118300386657,26.196761116685312,0,1
2023-06-17 01:20:00,2023-06-17 01:24:59,0.05347,0.05373,0.05341,0.05385,0.053491074800252385,0.053614999999999996,0.05341,0.05385,True,0.0002844202179125827,-3.79134485331602e-05,0,0.05283060163501318,0.05288308180044856,4.724426717269601,0.0,0.05299818569043556,0.05300034568064232,10.476296678616599,17.776116496166072,0,2
2023-06-17 01:25:00,2023-06-17 01:29:59,0.05373,0.05362,0.05359,0.05375,0.053553037400126194,0.0536725,0.05359,0.05375,True,0.0002755330594902554,-3.833696496979101e-05,0,0.05285684171773087,0.05290853264705076,4.59106019503524,0.0,0.0530048952855556,0.053006511395262794,22.516335438706577,15.998250139236694,0,1
2023-06-17 01:30:00,2023-06-17 01:34:59,0.05362,0.0535,0.05347,0.05371,0.053612768700063096,0.053575,0.05347,0.05371,True,0.0002729949838123803,-4.743521639202178e-05,0,0.052882687182390815,0.05293314295237187,2.0243689227809796,0.0,0.05301056796928142,0.05301142172963829,27.786231286222048,20.259621134515157,0,1
2023-06-17 01:35:00,2023-06-17 01:39:59,0.05351,0.05344,0.05343,0.05359,0.05359388435003155,0.0534925,0.05343,0.05359388435003155,True,0.00026492391354006746,-5.7541725649019263e-05,0,0.05290791506738134,0.05295635660302865,-0.8726415351080163,-0.0,0.05301536331287066,0.0530156861900399,18.387085653245162,22.89655079272468,0,1
2023-06-17 01:40:00,2023-06-17 01:44:59,0.05344,0.05355,0.05341,0.05355,0.05354319217501577,0.05348749999999999,0.05341,0.05355,True,0.00025600077685863416,-5.6095254289443923e-05,0,0.052932135835204994,0.05297827708199837,-0.10211836493029836,-0.0,0.05302006119035454,0.05302100274536289,6.347046893155183,17.506787944207545,0,1
2023-06-17 01:45:00,2023-06-17 01:49:59,0.05355,0.05353,0.0535,0.05364,0.05351534608750788,0.053555,0.0535,0.05364,True,0.0002477150070830175,-5.606707253629867e-05,0,0.05295520645860168,0.052999492161791006,-0.10735536359303666,-0.0,0.05302538396457986,0.05302606739466276,6.313447927069145,10.349193491156578,0,1
2023-06-17 01:50:00,2023-06-17 01:54:59,0.05353,0.05379,0.05353,0.05379,0.053535173043753936,0.05366,0.05353,0.05379,True,0.0002485925065770874,-3.76655856563287e-05,0,0.05297734931019635,0.05302072672950568,5.246885565817841,0.0,0.05303169855199698,0.053033668714118846,21.787433949542926,11.482642923255833,0,2
2023-06-17 01:55:00,2023-06-17 01:59:59,0.05379,0.05393,0.05377,0.05395,0.05359758652187697,0.05386,0.05377,0.05395,True,0.00024369304182158112,-1.637846036545192e-05,0,0.052999038019851015,0.05304320316117466,10.764359401038249,0.0,0.053039940357449744,0.05304258743338135,51.951114658237564,26.683998844949958,0,2
2023-06-17 02:00:00,2023-06-17 02:04:59,0.05394,0.05412,0.05385,0.05412,0.05372879326093848,0.0540075,0.05385,0.05412,True,0.0002455721102628967,9.273881783522194e-06,0,0.05302112059051284,0.0530675151157053,16.49640926594698,16.49640926594698,0.053049567816579594,0.05305330795643228,78.97100006450172,50.90318289076081,0,2
2023-06-17 02:05:00,2023-06-17 02:09:59,0.05411,0.05449,0.05407,0.05457,0.05386814663046924,0.054310000000000004,0.05407,0.05457,True,0.0002637455309584041,4.8924448560947224e-05,0,0.05304431785310907,0.05309518085612853,22.800802204068887,22.800802204068887,0.05306210943034497,0.05306760339965186,96.83034737536127,75.9174873660336,0,2
2023-06-17 02:10:00,2023-06-17 02:14:59,0.05448,0.05442,0.05438,0.05462,0.05408907331523462,0.054474999999999996,0.05438,0.05462,True,0.0002620494216042327,6.559376132682338e-05,0,0.0530697493546188,0.05312642931484165,24.97485162114549,24.97485162114549,0.05307616804297836,0.053081060082242386,99.99999999999996,91.93378247995439,0,2
2023-06-17 02:15:00,2023-06-17 02:19:59,0.05442,0.05432,0.05426,0.0547,0.05428203665761731,0.054425,0.05426,0.0547,True,0.00027476017720393006,6.449233702990304e-05,0,0.053098089334730224,0.053159941022028534,23.545665601011834,23.545665601011834,0.05308958925648106,0.053093387842618085,96.39893920097063,97.74309552544402,0,2
2023-06-17 02:20:00,2023-06-17 02:24:59,0.05432,0.05417,0.05415,0.05444,0.05435351832880865,0.05427,0.05415,0.05444,True,0.0002758487359750783,4.841717388280852e-05,0,0.053129015178379375,0.053193941209868444,18.732120228184186,18.732120228184186,0.05310133463701359,0.053104100401398006,82.2555222480298,92.88482048300021,0,1
2023-06-17 02:25:00,2023-06-17 02:29:59,0.05418,0.05476,0.05413,0.0548,0.054311759164404325,0.0544675,0.05413,0.0548,True,0.00030400239769114444,7.404658090387131e-05,0,0.05316147819412391,0.05322944776454948,21.467933606066538,21.467933606066538,0.05311492832221743,0.053120577014319416,73.34335809750594,83.99927318216886,0,2
2023-06-17 02:30:00,2023-06-17 02:34:59,0.05476,0.05446,0.0543,0.05476,0.05438962958220216,0.05457,0.0543,0.05476,True,0.0003151450835703486,6.433909733326857e-05,0,0.053195462979336694,0.05326659993871826,17.901629268926456,17.901629268926456,0.053129406647369495,0.05313390460621673,70.4634904807263,75.3541236087541,0,1
2023-06-17 02:35:00,2023-06-17 02:39:59,0.05445,0.05441,0.05437,0.0545,0.05447981479110108,0.054432499999999995,0.05437,0.0545,True,0.00030192043474389503,4.925889217337494e-05,0,0.053231031459027474,0.05330384942103146,14.706976996975385,0.0,0.053142372750380744,0.05314660207282154,69.42382376997388,71.07689078273545,0,1
2023-06-17 02:40:00,2023-06-17 02:44:59,0.05442,0.05434,0.0543,0.05449,0.05445615739555054,0.05438749999999999,0.0543,0.05449,True,0.00029392611797647366,2.99302772181555e-05,0,0.053267440440029463,0.053340611195812994,11.343440543651397,0.0,0.0531547620762476,0.05315847667906212,60.40958847533309,66.76563424201116,0,1
2023-06-17 02:45:00,2023-06-17 02:49:59,0.05434,0.05448,0.05432,0.05453,0.05442182869777527,0.0544175,0.05432,0.05453,True,0.0002879313952638685,2.3073884883512033e-05,0,0.05330402581792123,0.05337694260205909,11.100804899604483,0.0,0.05316732663270285,0.0531716261648426,49.91823211279475,59.91721478603398,0,1
2023-06-17 02:50:00,2023-06-17 02:54:59,0.05448,0.05441,0.05438,0.05449,0.054419664348887634,0.05444,0.05438,0.05449,True,0.00027522200988787783,1.0151332650198855e-05,0,0.05334048420999016,0.053412840277974556,9.454280977486903,0.0,0.05317999004929287,0.053183948292555606,46.949522642331424,52.425781076819824,0,1
2023-06-17 02:55:00,2023-06-17 02:59:59,0.05442,0.05435,0.05432,0.05447,0.05442983217444382,0.05439,0.05432,0.05447,True,0.00026627758061017207,-5.4438407522673345e-06,0,0.053376662243982353,0.05344780712554455,7.041067413554863,0.0,0.05319202994929991,0.05319555079710729,38.2150162101489,45.02759032175843,0,1
2023-06-17 03:00:00,2023-06-17 03:04:59,0.05436,0.05456,0.05435,0.0547,0.05440991608722191,0.0544925,0.05435,0.0547,True,0.00027225775342373093,-3.543580479076322e-06,0,0.05341223468476345,0.05348250447465681,9.062121873348445,0.0,0.05320496994980439,0.0532091274060913,28.13121576411812,37.765251538866224,0,1
2023-06-17 03:05:00,2023-06-17 03:09:59,0.05456,0.05432,0.05424,0.05459,0.054451208043610956,0.0544275,0.05424,0.05459,True,0.0002778107710363218,-2.126866198788889e-05,0,0.05344736957971013,0.053516305615898485,5.400868994055699,0.0,0.05321713442791579,0.053220180864737156,12.949675564941353,26.431969179736203,0,1
2023-06-17 03:10:00,2023-06-17 03:14:59,0.05432,0.05423,0.0542,0.05445,0.054439354021805476,0.0543,0.0542,0.05445,True,0.00027582428739087025,-4.05658691166067e-05,0,0.0534818375978043,0.053548294469013984,1.4090208374428244,0.0,0.05322790920972757,0.05323022881633181,6.277248108955207,15.786046479338305,0,1
2023-06-17 03:15:00,2023-06-17 03:19:59,0.05421,0.05441,0.05421,0.05451,0.05436967701090274,0.054335,0.05421,0.05451,True,0.0002775511240058082,-4.143258266218379e-05,0,0.053515066033409144,0.05357887715461254,2.3024007968430666,0.0,0.053238925038486505,0.05324196783308473,1.8066902952151505,7.011204656370649,0,1
2023-06-17 03:20:00,2023-06-17 03:24:59,0.05441,0.05436,0.05428,0.05446,0.054352338505451375,0.0543775,0.05428,0.05446,True,0.00027058318657682183,-4.604828777659588e-05,0,0.05354697159401084,0.05360843452008645,1.832139765708007,0.0,0.053250254142581166,0.05325309253126299,6.403620399325526,4.82918626783204,0,1
2023-06-17 03:25:00,2023-06-17 03:29:59,0.05437,0.05447,0.05437,0.05447,0.054364919252725685,0.054419999999999996,0.05437,0.05447,True,0.0002591129589641916,-4.183398551605019e-05,0,0.05357770305704864,0.05363727344405245,3.7284762444667408,0.0,0.05326189340484404,0.05326520106329022,14.454493135542426,7.554934610027779,0,1
2023-06-17 03:30:00,2023-06-17 03:34:59,0.05447,0.05443,0.05443,0.05452,0.05439245962636284,0.0544625,0.05443,0.05452,True,0.0002470334618953208,-4.231744065331781e-05,0,0.05360748825055054,0.05366564046347643,3.9260461125337542,0.0,0.053273839739124196,0.05327679110246146,23.579380500461884,14.81249801177669,0,1
2023-06-17 03:35:00,2023-06-17 03:39:59,0.05444,0.05444,0.05443,0.0545,0.05442747981318142,0.0544525,0.05443,0.0545,True,0.0002343882146170836,-4.231877248055832e-05,0,0.053636564357013486,0.053693372710580556,4.307704102125584,0.0,0.05328556770191898,0.05328836532034741,28.69154845402956,22.2418073633447,0,1
2023-06-17 03:40:00,2023-06-17 03:44:59,0.05444,0.05427,0.05425,0.05448,0.05443998990659071,0.05436,0.05425,0.05448,True,0.0002340747707158634,-5.428210230208348e-05,0,0.05366496853379702,0.05371978027589525,-0.042992681510867214,-0.0,0.0532962585705566,0.05329813282959769,20.640675717812666,24.303868224101446,0,-2
2023-06-17 03:45:00,2023-06-17 03:49:59,0.05429,0.05436,0.05418,0.05441,0.05439999495329535,0.05431,0.05418,0.05441,True,0.00023378371566473038,-5.552490564743947e-05,0,0.05369237440484614,0.05374462067276638,-0.25169169901548116,-0.0,0.053306345549954046,0.053308698672089254,9.709098057678004,19.680440743173488,0,-2
2023-06-17 03:50:00,2023-06-17 03:54:59,0.05437,0.05426,0.05423,0.05438,0.054354997476647675,0.05431,0.05423,0.05438,True,0.00022779916454582086,-6.271867963408221e-05,0,0.05371849753880626,0.0537680567953612,-2.9378818935448905,-0.0,0.05331633216139729,0.05331816435694409,-4.973799150320701e-14,10.11659125849695,0,-2
2023-06-17 03:55:00,2023-06-17 03:59:59,0.05426,0.05441,0.05425,0.05441,0.05433249873832384,0.054332500000000006,0.05425,0.05441,True,0.00022295636707826225,-5.6191697554897665e-05,0,0.053743277167083735,0.053790380900146074,-0.4909773791993004,-0.0,0.05332644328416946,0.0533290283931934,2.807854597912138,4.172317551863441,0,-2
2023-06-17 04:00:00,2023-06-17 04:04:59,0.05441,0.05429,0.05429,0.05457,0.05433249936916192,0.05439,0.05429,0.05457,True,0.00022703091228695797,-5.950941899826416e-05,0,0.053766829033614905,0.053812070849538304,-1.9983531644311512,-0.0,0.05333702593805832,0.05333859029972879,12.709966151472372,5.172606916461564,0,-2
2023-06-17 04:05:00,2023-06-17 04:09:59,0.05429,0.05428,0.05424,0.05439,0.05436124968458096,0.0543,0.05424,0.05439,True,0.00022152870426646128,-6.140306833752192e-05,0,0.053789449941576604,0.05383249521209899,-3.2583961670130037,-3.2583961670130037,0.05334660776952043,0.053347957560428004,12.709966151472372,9.409262300285704,0,-2
2023-06-17 04:10:00,2023-06-17 04:14:59,0.05429,0.05424,0.05422,0.05437,0.05433062484229048,0.054279999999999995,0.05422,0.05437,True,0.00021641951110457148,-6.42478834263416e-05,0,0.0538109725768378,0.053851645815129794,-5.21131132142056,-5.21131132142056,0.05335589525440083,0.053356833604602846,9.902111553560184,11.774014618835054,0,-2
2023-06-17 04:15:00,2023-06-17 04:19:59,0.05424,0.05429,0.05415,0.05429,0.05430531242114524,0.0542425,0.05415,0.05430531242114524,True,0.00021096097459710216,-6.130360682284831e-05,0,0.0538313091959838,0.05386940489494218,-4.508643945954951,-4.508643945954951,0.05336471719216798,0.05336611884236799,-4.855375361027351e-14,7.537359235010913,0,-2
2023-06-17 04:20:00,2023-06-17 04:24:59,0.05428,0.05442,0.05425,0.05443,0.05427390621057262,0.054345000000000004,0.05425,0.05443,True,0.00020874947641159484,-4.916289542689138e-05,0,0.05385035704546299,0.05388664983157017,0.22440427098361937,0.0,0.05337447124995735,0.053376605222045924,13.459927604915856,7.787346386158741,0,-1
2023-06-17 04:25:00,2023-06-17 04:29:59,0.05441,0.05433,0.05433,0.05447,0.054309453105286315,0.054384999999999996,0.05433,0.05447,True,0.00020383879952505193,-4.662694891280952e-05,0,0.05386850343851658,0.05390364610358726,0.06153865199856057,0.0,0.053384526262395586,0.053386091737249446,31.736974012095917,15.065633872337317,0,-2
2023-06-17 04:30:00,2023-06-17 04:34:59,0.05433,0.05428,0.05427,0.05436,0.05434722655264315,0.054310000000000004,0.05427,0.05436,True,0.00019570745670183392,-4.759565296761839e-05,0,0.05388607477105192,0.0539198154079466,-1.705839972279108,-0.0,0.0533937349563021,0.05339498634682905,38.41954749549336,27.872149704168454,0,-2
2023-06-17 04:35:00,2023-06-17 04:39:59,0.05428,0.05435,0.05426,0.0544,0.054328613276321575,0.0543225,0.05426,0.0544,True,0.00019172835265170252,-4.2480449448231656e-05,0,0.05390294508949926,0.05393530845952319,-0.23428323096560177,-0.0,0.053402976399522975,0.053404488970243684,33.3203817209094,34.49230107616631,0,-1
2023-06-17 04:40:00,2023-06-17 04:44:59,0.05434,0.05422,0.05414,0.05441,0.054325556638160785,0.05427749999999999,0.05414,0.05441,True,0.00019731918460515232,-4.730640551733775e-05,0,0.05391912677451123,0.05394985404586206,-3.5196373948227446,-3.5196373948227446,0.053411678126890905,0.0534126035078532,16.457599941346455,29.399176385916487,0,-2
2023-06-17 04:45:00,2023-06-17 04:49:59,0.05424,0.05424,0.05417,0.0543,0.05430152831908039,0.054237499999999994,0.05417,0.05430152831908039,True,0.0001925106714190699,-4.798000076951435e-05,0,0.05393449041018665,0.053963279445426546,-4.850455533565203,-4.850455533565203,0.05341989525995667,0.053420836308770085,9.77502645794901,19.851002706735034,0,-2
2023-06-17 04:50:00,2023-06-17 04:54:59,0.05425,0.05445,0.05425,0.05449,0.05426951415954019,0.05435999999999999,0.05425,0.05449,True,0.00019661705203199352,-3.283181846460852e-05,0,0.0539488849278066,0.05397657128182173,0.9895288058529914,0.0,0.053429249535977004,0.05343107674350869,23.601865346744347,16.611497248680017,0,-1
2023-06-17 04:55:00,2023-06-17 04:59:59,0.05444,0.05446,0.05443,0.0545,0.05431475707977009,0.0544575,0.05443,0.0545,True,0.00018757297688685117,-2.1795177845120945e-05,0,0.053962728104814166,0.053990335720549176,5.127464066857492,0.0,0.05343948088387773,0.05344131478586184,55.52093405246057,29.632608619051393,0,-1
2023-06-17 05:00:00,2023-06-17 05:04:59,0.05444,0.05436,0.05423,0.0545,0.054386128539885045,0.0543825,0.05423,0.0545,True,0.00019346062139493318,-2.1419570607863103e-05,0,0.053976531912681674,0.054003863223968905,3.852173317200979,0.0,0.05344886415866502,0.05345045593227117,75.23539255049006,51.452730649898406,0,-2
2023-06-17 05:05:00,2023-06-17 05:09:59,0.05436,0.05424,0.05423,0.05446,0.05438431426994252,0.0543225,0.05423,0.05446,True,0.0001960705770095809,-2.928996965269196e-05,0,0.05399019756832529,0.05401669970968723,-0.6848092710846245,-0.0,0.05345755705260865,0.05345831209214907,62.66702056474481,64.47444905589856,0,-2
2023-06-17 05:10:00,2023-06-17 05:14:59,0.05425,0.05417,0.05416,0.05436,0.05435340713497126,0.054235,0.05416,0.05436,True,0.000196351250080325,-3.866190754539429e-05,0,0.05400344863900626,0.05402830373731323,-5.468371170572183,-5.468371170572183,0.05346529280332896,0.05346539356386898,29.333687231411478,55.745366782215534,0,-2
2023-06-17 05:15:00,2023-06-17 05:19:59,0.05418,0.05411,0.05406,0.05419,0.05429420356748563,0.054135,0.05406,0.05429420356748563,True,0.00019161187507458786,-4.783501961632047e-05,0,0.05401587618815974,0.0540381717196993,-10.042527777459718,-10.042527777459718,0.05347195655652967,0.053471807558258345,9.619228733381982,33.87331217651284,0,-2
2023-06-17 05:20:00,2023-06-17 05:24:59,0.05411,0.05391,0.0539,0.05413,0.054214601783742815,0.054012500000000005,0.0539,0.054214601783742815,True,0.00019435388399783115,-6.598963270440117e-05,0,0.05402702395392952,0.05404576471633123,-16.40095093780613,-16.40095093780613,0.053477335098255745,0.05347616768205677,-4.855375361027351e-14,12.984305321597887,-1,-2
2023-06-17 05:25:00,2023-06-17 05:29:59,0.05392,0.05399,0.05391,0.05404,0.054113550891871406,0.053965000000000006,0.05391,0.054113550891871406,True,0.00018975717799798593,-6.982821789071849e-05,0,0.05403639433513037,0.05405118860413351,-17.107446799272594,-17.107446799272594,0.05348218748533778,0.05348128044143929,-4.855375361027351e-14,3.206409577794045,0,-2
2023-06-17 05:30:00,2023-06-17 05:34:59,0.05398,0.05399,0.05392,0.05404,0.0540392754459357,0.0539825,0.05392,0.05404,True,0.00018477452242670087,-6.96104171837949e-05,0,0.05404379146963194,0.054054987592271946,-17.578444040250233,-17.578444040250233,0.053487165719314514,0.05348634232759412,1.6018901522997842,0.533963384099979,0,-2
2023-06-17 05:35:00,2023-06-17 05:39:59,0.05399,0.05401,0.05397,0.05407,0.05401088772296785,0.05401,0.05397,0.05407,True,0.00017871919939622247,-6.52947393969227e-05,0,0.054049389530951945,0.05405766989962436,-16.84175741298904,-16.84175741298904,0.053492368050465616,0.05349155285169766,5.784749183436517,2.4622131119121673,0,-2
2023-06-17 05:40:00,2023-06-17 05:44:59,0.05401,0.05396,0.05392,0.05407,0.05401044386148393,0.05399,0.05392,0.05407,True,0.00017666782801077784,-6.321682010161096e-05,0,0.05405352971528815,0.0540593174115905,-17.75054955411582,-17.75054955411582,0.053497319612152525,0.05349621401735241,8.76846037770273,5.385033237813094,0,-2
2023-06-17 05:45:00,2023-06-17 05:49:59,0.05396,0.05416,0.05394,0.05416,0.05400022193074197,0.05405499999999999,0.05394,0.05416,True,0.000179762983152865,-4.543290623189705e-05,0,0.05405642356343932,0.054060584887312794,-9.82444417154354,-9.82444417154354,0.05350286867073807,0.05350281885300064,16.443133415200915,10.332114325446804,0,-1
2023-06-17 05:50:00,2023-06-17 05:54:59,0.05415,0.05408,0.05401,0.05417,0.05402761096537098,0.0541025,0.05401,0.05417,True,0.00017835134149908898,-3.741887133968706e-05,0,0.05405850422537606,0.054061870362110874,-7.343566383047289,-7.343566383047289,0.05350883515162625,0.05350856194899069,25.865191307087798,17.025595033330564,0,-1
2023-06-17 05:55:00,2023-06-17 05:59:59,0.05409,0.05407,0.054,0.05411,0.05406505548268549,0.0540675,0.054,0.05411,True,0.00017346910282058252,-3.1220084061008035e-05,0,0.05406018729374346,0.054062921050762464,-6.039145515986675,-6.039145515986675,0.053514394005838926,0.05351414839725944,33.89488828447316,25.401071002254042,0,-1
2023-06-17 06:00:00,2023-06-17 06:04:59,0.05407,0.05422,0.05407,0.05425,0.05406627774134275,0.0541525,0.05407,0.05425,True,0.00017393559547625517,-1.5450822694264028e-05,0,0.05406155417225296,0.054064362872182754,-0.11429898658626314,-0.0,0.053520743319213665,0.053521171796291685,43.20843513767422,34.32283824307848,0,-1
2023-06-17 06:05:00,2023-06-17 06:09:59,0.05422,0.05417,0.05416,0.05428,0.05410938887067138,0.0542075,0.05416,0.05428,True,0.0001700830529422371,-7.891024390408245e-06,0,0.054062958522217854,0.05406648010124482,1.7374158295696063,0.0,0.05352757671902249,0.053527627798318635,58.229699501737564,45.11100764129507,0,-1
2023-06-17 06:10:00,2023-06-17 06:14:59,0.05417,0.0541,0.05409,0.05422,0.054158444435335684,0.054145,0.05409,0.05422,True,0.00016721997773207716,-7.33686004878359e-06,0,0.05406471931173133,0.05406868574058359,0.26928668872440653,0.0,0.053533720234256094,0.05353332304410651,73.02030184317945,58.15281216086384,0,-1
2023-06-17 06:15:00,2023-06-17 06:19:59,0.0541,0.05419,0.0541,0.05419,0.05415172221766784,0.054145,0.0541,0.05419,True,0.00016170426503692877,-3.5352625147133627e-07,0,0.05406670252615746,0.0540709458529235,2.522426931731502,0.0,0.05353980261998489,0.053539857143170125,80.23420231327384,70.49473455273038,0,-1
2023-06-17 06:20:00,2023-06-17 06:24:59,0.0542,0.05408,0.05406,0.05423,0.05414836110883392,0.054142499999999996,0.05406,0.05423,True,0.00016229681753429125,-3.240783554112303e-06,0,0.054068824189540475,0.05407321619280741,-0.01693928412657897,-0.0,0.05354579960884076,0.05354523169895948,77.08948500199854,76.78132971948402,0,-2
2023-06-17 06:25:00,2023-06-17 06:29:59,0.05408,0.05417,0.05407,0.05417,0.05414543055441696,0.054122500000000004,0.05407,0.05417,True,0.00015784704485327064,1.3395285861748358e-06,0,0.05407102019117394,0.05407534178669332,1.4616291534504597,0.0,0.053551537921190606,0.05355144829896983,74.07619548607089,77.1332942671145,0,-1
2023-06-17 06:30:00,2023-06-17 06:34:59,0.05418,0.05418,0.05416,0.05423,0.054133965277208485,0.0541875,0.05416,0.05423,True,0.00015157225593517991,5.054305031696302e-06,0,0.05407318098893363,0.05407778480632773,2.7893073857281934,0.0,0.05355786590207428,0.05355770254475122,80.42383218981614,77.19650422596193,0,-1
2023-06-17 06:35:00,2023-06-17 06:39:59,0.05418,0.05413,0.05412,0.05423,0.05416073263860424,0.054165,0.05412,0.05423,True,0.000148602809082667,3.920162632462849e-06,0,0.05407548289763068,0.05408030660184554,1.4755752240684714,0.0,0.053563907037377026,0.0535633970467935,83.45202979697898,79.31735249095543,0,-1
2023-06-17 06:40:00,2023-06-17 06:44:59,0.05413,0.05424,0.05413,0.05429,0.054162866319302116,0.054197499999999996,0.05413,0.05429,True,0.00014941689414819083,1.0666994748866486e-05,0,0.054077894749738106,0.05408309610053386,4.675196905317939,4.675196905317939,0.053570211444965314,0.0535701294144871,93.9946421331465,85.95683470664729,0,-1
2023-06-17 06:45:00,2023-06-17 06:49:59,0.05423,0.05409,0.05406,0.05425,0.054180183159651056,0.0541575,0.05406,0.05425,True,0.00015231568742332023,4.3602122207667716e-06,0,0.05408049542513598,0.05408580278234485,1.0844484225134536,0.0,0.05357605511217959,0.053575302256133994,88.1271003866594,88.5245907722617,0,-2
2023-06-17 06:50:00,2023-06-17 06:54:59,0.05409,0.05414,0.05408,0.05421,0.05416884157982553,0.054130000000000005,0.05408,0.05421,True,0.0001507217097502258,3.6041968895253385e-06,0,0.054083149103740416,0.05408823701188492,0.5809640568922845,0.0,0.05358156700161064,0.053580921139157536,75.89227817429735,86.00467356470115,0,-1
2023-06-17 06:55:00,2023-06-17 06:59:59,0.05414,0.05416,0.05412,0.05418,0.054149420789912764,0.054150000000000004,0.05412,0.05418,True,0.0001442415876252095,4.4078387577604e-06,0,0.05408569305781267,0.054090577257702,1.0231989226302503,0.0,0.053587223051345854,0.05358668311787239,62.700916914010044,75.573431824989,0,-1
2023-06-17 07:00:00,2023-06-17 07:04:59,0.05416,0.05419,0.05415,0.05424,0.054149710394956384,0.054185,0.05415,0.05424,True,0.00014036718850912313,6.862282684531524e-06,0,0.05408813515775733,0.054093067590119205,2.550737620743689,0.0,0.053593171080685696,0.053592686270928384,67.39006652456398,68.66108720429052,0,-1
2023-06-17 07:05:00,2023-06-17 07:09:59,0.0542,0.05403,0.05399,0.05424,0.05416735519747819,0.054114999999999996,0.05399,0.05424,True,0.00014819810361561386,-2.7659540017380145e-06,0,0.054090601373938264,0.054095178726000885,-2.544232158427647,-0.0,0.05359836340824106,0.05359703765131716,51.11522715395153,60.40207019750858,0,-2
2023-06-17 07:10:00,2023-06-17 07:14:59,0.05403,0.05405,0.05401,0.05407,0.05414117759873909,0.054040000000000005,0.05401,0.05414117759873909,True,0.00014189823907164126,-7.426352418441695e-06,0,0.054092890049969575,0.05409646225338628,-4.955094998680117,-4.955094998680117,0.05360275780218891,0.05360154473936376,30.97325508090549,49.82618291980706,0,-2
2023-06-17 07:15:00,2023-06-17 07:19:59,0.05405,0.05412,0.05405,0.05413,0.05409058879936955,0.0540875,0.05405,0.05413,True,0.0001374769362808095,-5.2249528537124495e-06,0,0.05409467615167793,0.05409741129293406,-3.269231869306232,-0.0,0.053607581107639767,0.05360670349817606,12.139561751540898,31.409347995466035,0,-1
2023-06-17 07:20:00,2023-06-17 07:24:59,0.05412,0.05421,0.05412,0.05424,0.054089044399684774,0.0541725,0.05412,0.05424,True,0.00013622858368932277,2.693929919943274e-06,0,0.05409604372230599,0.0540986736668289,1.234062469600694,0.0,0.05361320219114584,0.053612706448442966,43.377763988660284,28.83019360703562,0,-1
2023-06-17 07:25:00,2023-06-17 07:29:59,0.05421,0.05404,0.05399,0.05423,0.054130772199842386,0.0541175,0.05399,0.05423,True,0.00014364082771151378,-3.87917074388233e-06,0,0.05409735869456744,0.05409979671134076,-2.095474758884791,-0.0,0.053618220079791154,0.053616958125572885,63.00057030458512,39.50596534826216,0,-2
2023-06-17 07:30:00,2023-06-17 07:34:59,0.05404,0.05423,0.05403,0.05424,0.05412413609992119,0.054135,0.05403,0.05424,True,0.00014838076858926242,5.165384098832161e-06,0,0.0540985777029541,0.05410092242418053,1.5056686349719541,0.0,0.05362336216854945,0.053623058044721415,74.386633886968,60.254989393404536,0,-1
2023-06-17 07:35:00,2023-06-17 07:39:59,0.05423,0.05405,0.05402,0.05423,0.054129568049960594,0.0541325,0.05402,0.05423,True,0.00015278214226145808,-1.4787125877367289e-06,0,0.05409975006356731,0.05410202536156771,-1.0358001385737765,-0.0,0.053628428216623586,0.053627306223380904,66.11063185697431,67.83261201617587,0,-2
2023-06-17 07:40:00,2023-06-17 07:44:59,0.05405,0.05411,0.05405,0.05415,0.0541310340249803,0.054090000000000006,0.05405,0.05415,True,0.0001490119892427822,-1.5081392892014275e-06,0,0.05410088771256751,0.05410281120516025,-1.0137906613178558,-0.0,0.053633020970687034,0.05363210914653134,59.872764760850124,66.7900101682642,0,-1
2023-06-17 07:45:00,2023-06-17 07:49:59,0.05411,0.05412,0.05404,0.05417,0.05411051701249015,0.05411,0.05404,0.05417,True,0.00014765399001115528,-6.857673169039035e-07,0,0.05410184945886388,0.0541034792281248,-0.6929661838456695,-0.0,0.0536377670306802,0.05363696378188924,54.93992510072004,60.30777390618155,0,-1
2023-06-17 07:50:00,2023-06-17 07:54:59,0.05412,0.05415,0.05408,0.0542,0.054110258506245075,0.0541375,0.05408,0.0542,True,0.00014567870501035811,2.0229439417380696e-06,0,0.05410266434349434,0.05410423858597768,0.5372705577621488,0.0,0.053642739498036614,0.05364206861988039,59.177389964125545,57.99669327523196,0,-1
2023-06-17 07:55:00,2023-06-17 07:59:59,0.05414,0.05416,0.05412,0.05418,0.05412387925312254,0.054150000000000004,0.05412,0.05418,True,0.00013955879750961807,4.454884349505667e-06,0,0.05410345146473601,0.05410515040572136,1.7301222958959528,0.0,0.05364778686621535,0.05364722216595123,76.42225729913747,63.51319078799441,0,-1
2023-06-17 08:00:00,2023-06-17 08:04:59,0.05416,0.05401,0.05395,0.05424,0.05413693962656127,0.05409,0.05395,0.05424,True,0.00015030459768750239,-4.3800070835587e-06,0,0.05410430093522868,0.054105764339922834,-2.8827735414134636,-0.0,0.053652186996899776,0.053650831895643264,72.26560335269694,69.28841687198671,0,-2
2023-06-17 08:05:00,2023-06-17 08:09:59,0.05401,0.05376,0.05376,0.05408,0.054113469813280635,0.053902500000000006,0.05376,0.054113469813280635,True,0.00016242569785268087,-2.695257343494985e-05,-1,0.05410503263757575,0.05410485308510085,-10.692577864877528,-10.692577864877528,0.05365467767354754,0.053651918145437856,45.065938282165746,64.58459964466677,0,-2
2023-06-17 08:10:00,2023-06-17 08:14:59,0.05375,0.05375,0.05352,0.05379,0.05400798490664032,0.0537025,0.05352,0.05400798490664032,True,0.00017010957657748933,-4.0892357940720074e-05,0,0.0541049428613383,0.05410137507771887,-16.03867321776351,-16.03867321776351,0.05365515351759185,0.05365289408428922,14.436131727353166,43.92255778740534,0,-2
2023-06-17 08:15:00,2023-06-17 08:19:59,0.05374,0.05372,0.05358,0.05376,0.05385524245332016,0.053700000000000005,0.05358,0.05385524245332016,True,0.00017081603539338293,-4.992958237676254e-05,0,0.05410315896952859,0.05409588295816621,-20.06674511305816,-20.06674511305816,0.05365559975124765,0.053653561804843555,-5.684341886080802e-14,19.834023336506338,0,-2
2023-06-17 08:20:00,2023-06-17 08:24:59,0.0537,0.05357,0.05354,0.0537,0.05377762122666008,0.0536275,0.05354,0.05377762122666008,True,0.0001714720328652841,-6.353845245853958e-05,0,0.054099520963847396,0.054088345368616744,-24.678264686085303,-24.678264686085303,0.05365532015173275,0.05365273034409884,-5.684341886080802e-14,4.812043909117738,0,-2
2023-06-17 08:25:00,2023-06-17 08:29:59,0.05357,0.0536,0.05353,0.05366,0.053702560613330036,0.05359,0.05353,0.053702560613330036,True,0.000168509744803478,-6.704542751339169e-05,0,0.05409393316623207,0.05407899179215419,-26.08542402815131,-26.08542402815131,0.05365467019997422,0.05365220566405806,-5.684341886080802e-14,-2.960594732333751e-15,0,-2
2023-06-17 08:30:00,2023-06-17 08:34:59,0.05361,0.05352,0.05349,0.05364,0.05364628030666502,0.053565,0.05349,0.05364628030666502,True,0.00016718762017465795,-7.129715738915857e-05,0,0.054086462479193124,0.05406810112531897,-28.15028444712759,-28.15028444712759,0.05365377795917846,0.0536508901848137,-5.684341886080802e-14,-2.960594732333751e-15,0,-2
2023-06-17 08:35:00,2023-06-17 08:39:59,0.05353,0.05366,0.05353,0.05366,0.05360564015333251,0.053595000000000004,0.05353,0.05366,True,0.00016524564730503963,-6.063738225286766e-05,0,0.054077281802256044,0.05405628084988391,-22.622679312920948,-22.622679312920948,0.05365319310386325,0.05365098082974092,3.5865665494626087,1.1955221831542189,0,-1
2023-06-17 08:40:00,2023-06-17 08:44:59,0.05365,0.0539,0.05363,0.05392,0.05360032007666626,0.053774999999999996,0.05363,0.05392,True,0.0001741566724975372,-3.385932213570746e-05,0,0.05406678132606998,0.054045044778144244,-11.93588818140313,-11.93588818140313,0.05365440511278004,0.05365345863243007,24.836103533513977,9.47422336099223,0,-1
2023-06-17 08:45:00,2023-06-17 08:49:59,0.0539,0.05373,0.05372,0.05393,0.053687660038333126,0.05382,0.05372,0.05393,True,0.00017671691017628468,-2.5921582800039603e-05,0,0.05405591305210711,0.054034654493339634,-9.265313873264567,-9.265313873264567,0.05365605282310063,0.05365422023807753,49.66324735309706,26.02863914535794,0,-1
2023-06-17 08:50:00,2023-06-17 08:54:59,0.05374,0.05376,0.05367,0.05383,0.05375383001916656,0.053750000000000006,0.05367,0.05383,True,0.00017552284516369294,-1.676446922503115e-05,0,0.05404528377272337,0.054024521116498,-6.668117578717819,-0.0,0.053656987620880725,0.05365527277302203,66.86781677906598,47.1223892218924,0,-1
2023-06-17 08:55:00,2023-06-17 08:59:59,0.05375,0.05377,0.0537,0.05383,0.05375191500958328,0.053762500000000005,0.0537,0.05383,True,0.00017227121336628668,-8.574186597455684e-06,0,0.054034902444610684,0.05401474529413727,-4.630342963681393,-0.0,0.05365803749529982,0.05365641433746957,67.45952790615989,61.330197346107695,0,-1
2023-06-17 09:00:00,2023-06-17 09:04:59,0.05378,0.05382,0.05372,0.05384,0.05375720750479164,0.05379,0.05372,0.05384,True,0.00016853755526869495,1.3801390654665977e-06,0,0.05402482386937398,0.054005506728716825,-1.641415220176718,-0.0,0.05365935055504808,0.0536580420555047,66.8376844498301,67.05500971168537,0,-1
2023-06-17 09:05:00,2023-06-17 09:09:59,0.05382,0.05375,0.05375,0.05383,0.053773603752395815,0.0537875,0.05375,0.05383,True,0.00016221344417807415,3.797218927906502e-06,0,0.0540151652990454,0.053996737383188775,-2.181163963907217,-0.0,0.05366062567390332,0.05365895705992754,75.43535516032512,69.91085583877175,0,-1
2023-06-17 09:10:00,2023-06-17 09:14:59,0.05376,0.05388,0.05374,0.05389,0.05378055187619791,0.0538175,0.05374,0.05389,True,0.00016134105530821153,1.4940802868493004e-05,0,0.05400595134111709,0.053988603456722,1.6766538290150166,0.0,0.05366218661247144,0.05366115649216707,86.92744038251317,76.40015999755617,0,-1
2023-06-17 09:15:00,2023-06-17 09:19:59,0.05388,0.05403,0.05388,0.05405,0.05379902593809895,0.053959999999999994,0.05388,0.05405,True,0.00016195955135762526,3.257305008044306e-05,0,0.053997277398919546,0.053982003309080255,7.598933880021818,7.598933880021818,0.053665149929760285,0.053664826576822124,96.0554733525932,86.13942296514388,0,-1
2023-06-17 09:20:00,2023-06-17 09:24:59,0.05403,0.05404,0.05395,0.05404,0.05387951296904947,0.054015,0.05395,0.05404,True,0.00015681958340350917,4.395558432431404e-05,0,0.053989640353999904,0.053977033358816304,11.744893287213863,11.744893287213863,0.05366863102498655,0.05366855964570946,99.99999999999994,94.32763791170215,0,-1
2023-06-17 09:25:00,2023-06-17 09:29:59,0.05405,0.05418,0.05404,0.05423,0.05394725648452474,0.054125,0.05404,0.05423,True,0.00015918961316040156,5.962895675366931e-05,0,0.053983336856408104,0.05397413569053772,16.965546653279603,16.965546653279603,0.05367317200981255,0.05367364860445862,99.99999999999994,98.68515778419776,0,2
2023-06-17 09:30:00,2023-06-17 09:34:59,0.05419,0.05411,0.05409,0.05422,0.054036128242262366,0.0541525,0.05409,0.05422,True,0.0001571046407918013,6.287543158773961e-05,0,0.05397873627347291,0.05397307810477095,17.127743599432463,17.127743599432463,0.05367794144255073,0.05367799040938938,99.99999999999994,100.0,1,2
2023-06-17 09:35:00,2023-06-17 09:39:59,0.05411,0.05412,0.0541,0.05416,0.05409431412113118,0.054122500000000004,0.0541,0.05416,True,0.00015016859502095815,6.33248371364953e-05,0,0.05397590718912193,0.05397327065316541,17.46990050138423,17.46990050138423,0.053682364910784056,0.053682388514768586,98.08749426811725,99.36249808937244,0,2
2023-06-17 09:40:00,2023-06-17 09:44:59,0.05412,0.05412,0.0541,0.05421,0.05410840706056559,0.054137500000000005,0.0541,0.05421,True,0.00014729940966231822,6.115657260082875e-05,0,0.05397458892114367,0.0539745490358419,17.6980051026854,17.6980051026854,0.053686893618139435,0.053686742857905215,96.65748544384722,98.24832657065487,0,2
2023-06-17 09:45:00,2023-06-17 09:49:59,0.05411,0.05396,0.05391,0.05414,0.0541229535302828,0.05403,0.05391,0.05414,True,0.0001532065946864384,4.6321978838543666e-05,0,0.05397456897849279,0.05397593596809772,10.3078722084271,10.3078722084271,0.05369030761198879,0.053689461834443473,82.95546716781548,92.56681562659338,0,1
2023-06-17 09:50:00,2023-06-17 09:54:59,0.05396,0.054,0.05386,0.05406,0.0540764767651414,0.05397,0.05386,0.0540764767651414,True,0.00015654898078026414,3.7602916465454195e-05,0,0.05397525247329526,0.053976987182562615,7.025751804007257,7.025751804007257,0.053693090620824724,0.05369255176643906,65.67291709980972,81.76195657049087,0,1
2023-06-17 09:55:00,2023-06-17 09:59:59,0.05401,0.05386,0.05382,0.05401,0.0540232383825707,0.053925,0.05382,0.0540232383825707,True,0.00015893833929595975,2.0824950792639623e-05,0,0.05397611982792894,0.053977458123744666,0.20222832082367148,0.0,0.05369539817683642,0.05369421791801678,44.0347830593671,64.22105577566417,0,1
2023-06-17 10:00:00,2023-06-17 10:04:59,0.05386,0.05404,0.05378,0.05405,0.05397411919128535,0.053932499999999994,0.05378,0.05405,True,0.000166871315060534,2.149881107658515e-05,0,0.0539767889758368,0.05397752043850895,1.9625192676869645,0.0,0.05369775739895745,0.05369765853574796,34.51780081432569,48.07516699116757,0,2
2023-06-17 10:05:00,2023-06-17 10:09:59,0.05403,0.05405,0.0539,0.05406,0.05395330959564267,0.05401,0.0539,0.05406,True,0.00016638050684192397,2.1733313172769066e-05,0,0.053977154707172875,0.05397779234369381,3.425424997523514,3.425424997523514,0.05370086429051011,0.0537011644209644,36.42352039316826,38.325368088953745,0,2
2023-06-17 10:10:00,2023-06-17 10:14:59,0.05406,0.05414,0.05406,0.05416,0.05398165479782134,0.054105,0.05406,0.05416,True,0.00016235332778178645,2.712345941070554e-05,0,0.05397747352543334,0.053978879196361185,6.931924465710495,6.931924465710495,0.053704885541350805,0.05370553094413888,50.54811139132278,40.496477532938975,0,2
2023-06-17 10:15:00,2023-06-17 10:19:59,0.05414,0.05406,0.05405,0.05418,0.05404332739891067,0.0541075,0.05405,0.05418,True,0.000160042375797373,2.390345479016216e-05,0,0.05397817636089726,0.05398061735860626,5.933277557135781,5.933277557135781,0.053708891655367214,0.05370905799942108,63.94712994540268,50.30625390996463,0,1
2023-06-17 10:20:00,2023-06-17 10:24:59,0.05407,0.05425,0.05398,0.05426,0.05407541369945534,0.05414,0.05398,0.05426,True,0.00016861077752613226,3.373655536524876e-05,1,0.053979396859751755,0.05398307936038338,10.004156834835186,10.004156834835186,0.053713181290637194,0.053714440506889526,73.61137438416263,62.70220524029609,0,2
2023-06-17 10:25:00,2023-06-17 10:29:59,0.05426,0.05415,0.0541,0.05426,0.05410770684972767,0.054192500000000005,0.0541,0.05426,True,0.00016799572198855143,3.1626607509779026e-05,0,0.05398123811006757,0.05398645455999602,9.014085008023265,9.014085008023265,0.05371795063102886,0.05371877443219411,80.40433944460581,72.6542812580571,0,2
2023-06-17 10:30:00,2023-06-17 10:34:59,0.05416,0.05425,0.05413,0.05426,0.05415010342486384,0.054200000000000005,0.05413,0.05426,True,0.0001652817418465124,3.5552496029839674e-05,0,0.05398384633503179,0.05399057702720393,10.697856773032562,10.697856773032562,0.0537227471421629,0.053724060258739444,88.84702180772645,80.95424521216502,0,2
2023-06-17 10:35:00,2023-06-17 10:39:59,0.05424,0.05412,0.05411,0.05424,0.05417505171243192,0.0541775,0.05411,0.05424,True,0.00016347590314319017,2.7374999691750854e-05,0,0.05398721168111786,0.05399510516500774,7.4772639099232805,7.4772639099232805,0.05372727204622098,0.05372799995765746,90.83841754378359,86.69659293203868,0,1
2023-06-17 10:40:00,2023-06-17 10:44:59,0.05413,0.05408,0.05408,0.05422,0.05417627585621596,0.054127499999999995,0.05408,0.05422,True,0.00016179905291867618,1.786618212227903e-05,0,0.0539911584230628,0.05399957856911051,4.141955901926131,4.141955901926131,0.05373125441392027,0.05373150244564097,79.05934970705957,86.24826301952328,0,1
2023-06-17 10:45:00,2023-06-17 10:49:59,0.05408,0.05424,0.05408,0.05426,0.054151887928107975,0.054165,0.05408,0.05426,True,0.00016309912056734215,2.160866756244904e-05,0,0.05399536849608665,0.05400423547855601,6.314828881313403,6.314828881313403,0.05373557029039868,0.05373656212279877,71.50078969645197,80.46618564909846,0,2
2023-06-17 10:50:00,2023-06-17 10:54:59,0.05424,0.05422,0.05418,0.05425,0.05415844396405399,0.0542225,0.05418,0.05425,True,0.00015644918338396062,2.1372359491850172e-05,0,0.05399980198732133,0.05400939942284634,7.029499710970491,7.029499710970491,0.05374041536213601,0.053741372449935106,75.29882002174023,75.28631980841735,0,2
2023-06-17 10:55:00,2023-06-17 10:59:59,0.05423,0.05418,0.05416,0.05424,0.05419047198202699,0.0542025,0.05416,0.05424,True,0.00015098852742796321,1.7167927147270172e-05,0,0.05400460070508383,0.05401478990781697,5.944508707372286,5.944508707372286,0.053745013219229185,0.05374573690316958,83.35706531013112,76.71889167610787,0,1
2023-06-17 11:00:00,2023-06-17 11:04:59,0.05418,0.05445,0.05415,0.05449,0.054196485991013496,0.054317500000000005,0.05415,0.05449,True,0.0001644893468973944,3.181586500649832e-05,0,0.054009695306450396,0.05402111078769733,11.285836271908543,11.285836271908543,0.0537507096051075,0.05375274449617287,92.29292492461131,83.64960341882765,0,2
2023-06-17 11:05:00,2023-06-17 11:09:59,0.05444,0.05435,0.05431,0.05445,0.05425699299550675,0.0543875,0.05431,0.05445,True,0.00016274010783329492,3.257140195890599e-05,0,0.05401540304707386,0.054028601080517734,11.275039697704258,11.275039697704258,0.05375704582794225,0.05375868733700697,94.12859064555182,89.92619362676486,0,2
2023-06-17 11:10:00,2023-06-17 11:14:59,0.05434,0.05434,0.05431,0.05445,0.05432224649775337,0.05436,0.05431,0.05445,True,0.0001611158144166311,3.0429405152537987e-05,0,0.054022002063795795,0.05403677198975015,10.909455672003823,10.909455672003823,0.053763045371942826,0.05376447154260889,94.63356072221761,93.68502543079369,0,2
2023-06-17 11:15:00,2023-06-17 11:19:59,0.05434,0.05425,0.05425,0.05439,0.05434112324887669,0.054307499999999995,0.05425,0.05439,True,0.0001596075419583004,2.0974840409101637e-05,0,0.05402938702677297,0.05404506248611151,7.4690832563977025,7.4690832563977025,0.05376846283092847,0.053769302671538156,75.17493809131128,87.97902981969366,0,1
2023-06-17 11:20:00,2023-06-17 11:24:59,0.05426,0.05435,0.05422,0.0544,0.05432431162443834,0.0543075,0.05422,0.0544,True,0.00016106414610413605,2.0211294093346017e-05,0,0.054037224756442244,0.05405339025263882,8.061853921165188,8.061853921165188,0.05377382638484958,0.05377508075440842,55.71631546040593,75.1749380913117,0,2
2023-06-17 11:25:00,2023-06-17 11:29:59,0.05436,0.05435,0.05424,0.05436,0.05431590581221917,0.054327499999999994,0.05424,0.05436,True,0.00015813099281098363,1.8210898025677858e-05,0,0.054045307504540535,0.054061827446164515,8.457034364343514,8.457034364343514,0.05377933557505008,0.053780801343916794,44.57237306292867,58.4878755382154,0,1
2023-06-17 11:30:00,2023-06-17 11:34:59,0.05433,0.05417,0.05415,0.05437,0.05432170290610958,0.054255000000000005,0.05415,0.05437,True,0.00016255020761019945,3.1280652103826543e-06,0,0.054053567475352525,0.054069795477114144,2.5518265142846417,0.0,0.05378406855440282,0.053784673967360405,30.697662360501663,43.662116961278855,0,1
2023-06-17 11:35:00,2023-06-17 11:39:59,0.05417,0.05428,0.05417,0.05428,0.054288351453054794,0.054225,0.05417,0.054288351453054794,True,0.000158796621352328,1.4483220757608947e-07,0,0.05406168147623334,0.05407713363199824,2.296329990060208,0.0,0.05378845593197095,0.0537896025846006,16.822951658073674,30.69766236050144,0,1
2023-06-17 11:40:00,2023-06-17 11:44:59,0.05428,0.05431,0.05417,0.05434,0.0542566757265274,0.054275,0.05417,0.05434,True,0.00015959686268430433,-3.676487934075126e-07,0,0.05406940755411579,0.054084268586653134,3.0499038269836802,0.0,0.0537932971664787,0.05379478066833592,7.237984594160589,18.25286620424541,0,1
2023-06-17 11:45:00,2023-06-17 11:49:59,0.05431,0.05435,0.05421,0.05439,0.054265837863263694,0.054315,0.05421,0.05439,True,0.00016105422963542541,1.4266108897554577e-06,0,0.054076838070384464,0.05409146904950045,4.8281970115326445,0.0,0.05379848823944906,0.05380030523880024,19.86501311021223,14.6419831208156,0,2
2023-06-17 11:50:00,2023-06-17 11:54:59,0.05436,0.05427,0.05426,0.0544,0.05429041893163185,0.0543225,0.05426,0.0544,True,0.00015955035609003748,-3.5992101474970235e-06,0,0.054084153559942456,0.05409872314255176,2.741043076429534,0.0,0.05380370228681773,0.05380497881851368,33.49904917156275,20.200682291978627,0,1
2023-06-17 11:55:00,2023-06-17 11:59:59,0.05427,0.05437,0.05427,0.05446,0.05430645946581593,0.0543425,0.05427,0.05446,True,0.000161725330655035,-4.6003963635778676e-07,0,0.054091438351247106,0.05410610690951633,4.803043413141047,0.0,0.05380906345809318,0.053810600919821996,42.65158693867432,32.00521640681654,0,2
2023-06-17 12:00:00,2023-06-17 12:04:59,0.05437,0.05425,0.05425,0.0544,0.054324479732907965,0.0543175,0.05425,0.0544,True,0.000160887807036818,-7.267857690540779e-06,0,0.054098772630381715,0.05411337058258438,1.7612547709657278,0.0,0.0538141225281619,0.05381497304997302,40.760962217944616,38.97053277606067,0,1
2023-06-17 12:05:00,2023-06-17 12:09:59,0.05426,0.05412,0.0541,0.05428,0.05432098986645398,0.05419,0.0541,0.05432098986645398,True,0.00016225296367704524,-2.0874899610333835e-05,0,0.05410607160648305,0.054119615082769454,-3.7104553696042686,-3.7104553696042686,0.05381786260250855,0.05381800814400314,27.126926156594095,36.84649177107112,0,1
2023-06-17 12:10:00,2023-06-17 12:14:59,0.05413,0.05437,0.0541,0.05437,0.05425549493322699,0.0542425,0.0541,0.05437,True,0.00016994918055725623,-1.2175695160126346e-05,0,0.05411284334462625,0.05412537454289616,0.03283297874822466,0.0,0.05382208785024478,0.053823500600281717,16.856332237503967,28.24807353734767,0,2
2023-06-17 12:15:00,2023-06-17 12:19:59,0.05436,0.05431,0.05427,0.05444,0.05424899746661349,0.05434499999999999,0.05427,0.05444,True,0.00016995281051745249,-1.068266028494356e-05,0,0.05411910894376121,0.054131415870557524,0.8048474639352534,0.0,0.0538272909562125,0.05382834139032867,24.603400566202936,22.862219653433772,0,1
2023-06-17 12:20:00,2023-06-17 12:24:59,0.05431,0.0543,0.0543,0.05443,0.05429699873330674,0.054335,0.0543,0.05443,True,0.00016709903833763432,-1.0469656349338484e-05,0,0.05412526240715936,0.05413756905394403,1.0113480389676823,0.0,0.053832342787493964,0.05383303451082291,45.69428898969348,29.051340597800237,0,1
2023-06-17 12:25:00,2023-06-17 12:29:59,0.05432,0.05442,0.05431,0.05443,0.05431599936665337,0.05437,0.05431,0.05443,True,0.00016444910702780318,-2.1624160120275717e-06,0,0.0541314157305517,0.05414400822196913,4.431970754000474,0.0,0.05383769261050397,0.053838874963451536,65.27148150969974,45.18972368853216,0,2
2023-06-17 12:30:00,2023-06-17 12:34:59,0.05441,0.0545,0.05436,0.05455,0.05434299968332669,0.054455,0.05436,0.05455,True,0.0001662741708115317,8.265691136407656e-06,0,0.05413771197626041,0.05415121155856543,8.514017496636107,8.514017496636107,0.05384383497258851,0.05384545332202416,80.12134271901216,63.695704406135235,0,2
2023-06-17 12:35:00,2023-06-17 12:39:59,0.05449,0.05434,0.05434,0.05451,0.05439899984166335,0.054419999999999996,0.05434,0.05451,True,0.0001665403014678511,3.126165010538108e-06,0,0.05414446176741292,0.05415872697068111,5.658617377345614,0.0,0.05384956795793589,0.05385037418449158,85.91854352107198,77.10378924992807,0,1
2023-06-17 12:40:00,2023-06-17 12:44:59,0.05436,0.05447,0.05436,0.05449,0.054409499920831675,0.054419999999999996,0.05436,0.05449,True,0.0001653588513630044,8.033051989685732e-06,0,0.05415159436904701,0.0541664365183284,7.034334415138943,0.0,0.05385524389865295,0.053856539615491666,87.10951178443399,84.38313267483949,0,2
2023-06-17 12:45:00,2023-06-17 12:49:59,0.05448,0.05448,0.05448,0.05456,0.054414749960415836,0.0545,0.05448,0.05456,True,0.00015997607626564692,1.0973256757683059e-05,0,0.0541590154436877,0.054174794899626504,8.190353224247964,8.190353224247964,0.05386165938224844,0.05386274320140717,87.10951178443399,86.71252236331344,0,2
2023-06-17 12:50:00,2023-06-17 12:54:59,0.05448,0.05449,0.0544,0.05452,0.05445737498020792,0.05447249999999999,0.0544,0.05452,True,0.00015712064224667228,1.2492016556715229e-05,0,0.0541669051716571,0.05418341808559104,9.236678792219621,9.236678792219621,0.053867737398345474,0.0538689845625872,88.4863539620704,87.56845917697957,0,2
2023-06-17 12:55:00,2023-06-17 12:59:59,0.05449,0.05443,0.05442,0.0545,0.054464937490103955,0.054459999999999995,0.05442,0.0545,True,0.00015161202494333833,8.203184325154657e-06,0,0.05417516162862406,0.054192104826612235,7.256269168546417,0.0,0.05387363055856094,0.05387456680574554,87.53631841269255,87.71072805306575,0,1
2023-06-17 13:00:00,2023-06-17 13:04:59,0.05444,0.05432,0.05431,0.05445,0.05446246874505198,0.05438,0.05431,0.05446246874505198,True,0.0001507825945902428,-3.0898385057122216e-06,0,0.05418363322761814,0.05420023311961786,1.9616237021826635,0.0,0.0538786690604658,0.05387899897683265,66.36920881338928,80.79729372938418,0,1
2023-06-17 13:05:00,2023-06-17 13:09:59,0.05431,0.05435,0.05429,0.05436,0.05442123437252599,0.0543275,0.05429,0.05442123437252599,True,0.00014501240926236835,-8.799206660613164e-06,0,0.05419193317361799,0.05420750576800741,-0.23491485794590972,-0.0,0.053883135039963656,0.05388368555417759,42.422623010654895,65.442716745579,0,1
2023-06-17 13:10:00,2023-06-17 13:14:59,0.05435,0.05434,0.05429,0.05435,0.054374367186263,0.054332500000000006,0.05429,0.054374367186263,True,0.00013894009431505665,-1.3370723252079607e-05,0,0.054199719470812695,0.054214089168588504,-2.1010243390523797,-0.0,0.053887606333098345,0.05388822599642458,21.53141925593887,43.44108369332778,0,1
2023-06-17 13:15:00,2023-06-17 13:19:59,0.05435,0.05444,0.05433,0.05445,0.0543534335931315,0.054392499999999996,0.05433,0.05445,True,0.0001375872304354094,-9.4366453151566e-06,0,0.05420690431970059,0.054220496414201486,1.1534779878137442,0.0,0.05389263015067946,0.05389371628501737,19.906415622965003,27.953485963186356,0,2
2023-06-17 13:20:00,2023-06-17 13:24:59,0.05444,0.05435,0.05433,0.05444,0.05437296679656575,0.054389999999999994,0.05433,0.05444,True,0.00013561671397573725,-1.3193236871633304e-05,0,0.054213700366951036,0.054226703858591796,-0.655782986818771,-0.0,0.05389757910440404,0.05389825642148486,25.643720884817515,22.360518587907233,0,-2
2023-06-17 13:25:00,2023-06-17 13:29:59,0.05435,0.05435,0.05433,0.05443,0.05438148339828287,0.054365000000000004,0.05433,0.05443,True,0.00013307266297747002,-1.556044983988952e-05,0,0.05422020211277141,0.054232539881817844,-1.8619569699071192,-0.0,0.05390223005858907,0.05390275138246511,25.67407745021558,23.741404652666134,0,-2
2023-06-17 13:30:00,2023-06-17 13:34:59,0.05436,0.0543,0.05426,0.05437,0.05437324169914144,0.0543225,0.05426,0.05437324169914144,True,0.00013142461562193637,-2.0326270600143917e-05,0,0.054226370997294625,0.05423775184602622,-4.831633147242194,-4.831633147242194,0.05390641184905087,0.053906704105027646,15.1328573491594,22.150218561397597,0,-2
2023-06-17 13:35:00,2023-06-17 13:39:59,0.05428,0.05444,0.05427,0.05445,0.054347870849570726,0.054360000000000006,0.05427,0.05445,True,0.00013489428593465517,-1.3367131922228833e-05,0,0.05423206142166042,0.05424269401444396,-0.2657901236034377,-0.0,0.05391092516398569,0.05391201053184329,11.471104608031874,17.426013135802386,0,-1
2023-06-17 13:40:00,2023-06-17 13:44:59,0.05444,0.05529,0.05442,0.05543,0.054353935424785366,0.054895,0.05442,0.05543,True,0.00019740183693932244,4.956763901004644e-05,0,0.054237377718052183,0.05425106053116088,12.401685759227696,12.401685759227696,0.05392071695339877,0.053925721869834894,39.72723145451064,22.11039780390074,0,2
2023-06-17 13:45:00,2023-06-17 13:49:59,0.05529,0.05527,0.05504,0.05538,0.05462446771239268,0.055245,0.05504,0.05538,True,0.00020758742001508512,8.612865734326498e-05,0,0.05424421912460653,0.05426446703038631,20.27835942042985,20.27835942042985,0.053933893899136096,0.05393909777162758,73.06056478784397,41.4196336167956,0,2
2023-06-17 13:50:00,2023-06-17 13:54:59,0.05527,0.05532,0.05515,0.0555,0.05493473385619634,0.05531,0.05515,0.0555,True,0.00021775974715686496,0.00010865610393650849,0,0.054254343077496416,0.054282195529568,25.78595991623233,25.78595991623233,0.05394758649715464,0.0539528380923079,99.99999999999993,70.92926541411828,0,2
2023-06-17 13:55:00,2023-06-17 13:59:59,0.05533,0.05554,0.05532,0.05558,0.055122366928098174,0.0554425,0.05532,0.05558,True,0.00022077690807423148,0.00013257872555949937,0,0.05426826930353221,0.05430411422426118,30.449007199069342,30.449007199069342,0.05396246125837698,0.05396863074810583,99.99999999999993,91.0201882626147,0,2
2023-06-17 14:00:00,2023-06-17 14:04:59,0.05555,0.0555,0.05545,0.0557,0.05528243346404908,0.05555,0.05545,0.0557,True,0.00022286427178321496,0.0001382842671687619,0,0.05428619176389669,0.054329919068115594,32.155511973266385,32.155511973266385,0.053978257663766266,0.0539838682530998,99.99999999999993,100.00000000000001,0,2
2023-06-17 14:05:00,2023-06-17 14:09:59,0.05549,0.05558,0.05541,0.05558,0.05541621673202454,0.055515,0.05541,0.05558,True,0.00021908825237012793,0.00013995854290559397,0,0.05430805541600615,0.05435836631864169,33.77946702237165,33.77946702237165,0.053993548632286004,0.053999750161029154,97.92514029331994,99.30838009777335,0,2
2023-06-17 14:10:00,2023-06-17 14:14:59,0.05559,0.05575,0.05556,0.05578,0.055465608366012276,0.05567,0.05556,0.05578,True,0.00021915337720083343,0.00014489423511402044,0,0.05433321086732392,0.05438976224096915,35.748330898159864,35.748330898159864,0.05401022974042246,0.05401716558231245,97.49519176578342,98.47344401970118,0,2
2023-06-17 14:15:00,2023-06-17 14:19:59,0.05574,0.05596,0.05571,0.05598,0.055567804183006136,0.0558475,0.05571,0.05598,True,0.0002227852788293453,0.00015422322552963906,0,0.054361486554146535,0.05442448210269201,37.86199811911743,37.86199811911743,0.054028511036537656,0.05403649726806058,97.49519176578342,97.63850794162902,0,2
2023-06-17 14:20:00,2023-06-17 14:24:59,0.05593,0.05603,0.05582,0.05614,0.055707652091503065,0.05598,0.05582,0.05614,True,0.00022972918748439213,0.0001561219720727429,0,0.054392984328419276,0.054462489801011094,39.495926481978046,39.495926481978046,0.05404792883716912,0.05405633311613958,99.57005147246339,98.18681166801015,0,2
2023-06-17 14:25:00,2023-06-17 14:29:59,0.05602,0.05574,0.05574,0.05611,0.055843826045751534,0.055902499999999994,0.05574,0.05611,True,0.00023974853123550713,0.00012819098134969544,0,0.05442773706471519,0.054502293530555544,31.380517013506463,31.380517013506463,0.0540663822815754,0.0540730860204566,96.01162958729033,97.69229094184578,0,1
2023-06-17 14:30:00,2023-06-17 14:34:59,0.05574,0.05615,0.05571,0.05616,0.05587316302287576,0.055940000000000004,0.05571,0.05616,True,0.0002547664932901137,0.00013001890541217636,0,0.05446501529763537,0.05454349548207987,29.868395670447754,29.868395670447754,0.05408502524394778,0.05409375183119833,92.39269167726665,95.99145757900686,0,2
2023-06-17 14:35:00,2023-06-17 14:39:59,0.05614,0.05594,0.05594,0.05615,0.05590658151143788,0.0560425,0.05594,0.05615,True,0.00025156888662653426,0.00010827824733250897,0,0.05450425538985763,0.054586218833402936,24.480628268469914,24.480628268469914,0.05410450260470452,0.05411212245974362,89.75294672244424,92.71908932900048,0,1
2023-06-17 14:40:00,2023-06-17 14:44:59,0.05596,0.05586,0.05582,0.05598,0.05597454075571894,0.055905,0.05582,0.05598,True,0.00024502825186749615,8.101339549214419e-05,0,0.054545237111630285,0.054628903469635656,19.349305051156563,19.349305051156563,0.05412241800167263,0.05412951427606458,83.28283351323076,88.47615730431396,0,1
2023-06-17 14:45:00,2023-06-17 14:49:59,0.05586,0.05584,0.05581,0.05593,0.05593977037785947,0.05586,0.05581,0.05593977037785947,True,0.0002360976624483894,5.538313842872762e-05,0,0.05458707029063297,0.054670956015351393,15.509179908171916,15.509179908171916,0.05413970737479032,0.054146534034511695,53.56843808992111,75.53473944186543,0,1
2023-06-17 14:50:00,2023-06-17 14:54:59,0.05584,0.05573,0.05571,0.05591,0.055899885188929736,0.0557975,0.05571,0.05591,True,0.00023351925798779008,2.5698593140800687e-05,0,0.054629013152992185,0.05471179357010631,10.57458394120524,0.0,0.05415620282379738,0.05416228991476531,22.874849711410192,53.242040438187416,0,1
2023-06-17 14:55:00,2023-06-17 14:59:59,0.05574,0.05578,0.05574,0.05584,0.05584869259446487,0.055775000000000005,0.05574,0.05584869259446487,True,0.00022469645384580502,5.655073592249996e-06,0,0.05467040336154925,0.054751239990950364,8.319388481881063,0.0,0.05417231025838646,0.054178386532528836,-8.526512829121202e-14,25.481095933777137,0,1
2023-06-17 15:00:00,2023-06-17 15:04:59,0.05576,0.0557,0.05561,0.05585,0.05581184629723244,0.05573,0.05561,0.05585,True,0.00022578956428539017,-1.6178833047253893e-05,0,0.054710821676249806,0.05478901177003033,4.881546764520955,0.0,0.054187809658800525,0.05419352696504098,-8.526512829121202e-14,7.6249499038034045,0,1
2023-06-17 15:05:00,2023-06-17 15:09:59,0.05569,0.05562,0.05561,0.05577,0.05577092314861622,0.0556725,0.05561,0.05577092314861622,True,0.0002210903096935766,-3.816356747841568e-05,0,0.05474991672314007,0.05482481142614968,0.7560381794769242,0.0,0.05420258269702141,0.054207720726582864,-8.526512829121202e-14,-2.1316282072803006e-14,0,1
2023-06-17 15:10:00,2023-06-17 15:14:59,0.05561,0.05559,0.05553,0.05563,0.05572171157430811,0.05559,0.05553,0.05572171157430811,True,0.00021244100185832082,-5.5767867691056074e-05,0,0.05478736407464488,0.0548582467545445,-2.689054237287813,-0.0,0.054216387844314734,0.054221474749203934,-8.526512829121202e-14,-2.1316282072803006e-14,0,1
2023-06-17 15:15:00,2023-06-17 15:19:59,0.05559,0.05563,0.05551,0.05564,0.055655855787154054,0.055592499999999996,0.05551,0.055655855787154054,True,0.00020655235886844113,-6.485863635419248e-05,0,0.054822805414594694,0.05488960838184304,-3.5409998415651884,-3.5409998415651884,0.05423008050258026,0.05423548992582877,0.10570047357618863,0.035233491192069984,0,1
2023-06-17 15:20:00,2023-06-17 15:24:59,0.05563,0.05555,0.05553,0.05565,0.05562417789357703,0.05559,0.05553,0.05565,True,0.000200370047520695,-7.615966906926447e-05,0,0.05485620689821887,0.054919105042911066,-6.326506610568998,-6.326506610568998,0.05424361203986802,0.05424856962805933,0.10570047357618863,0.07046698238416128,0,1
2023-06-17 15:25:00,2023-06-17 15:29:59,0.05556,0.05556,0.05553,0.05563,0.055607088946788515,0.055569999999999994,0.05553,0.05563,True,0.0001932007584120736,-8.208654096119591e-05,0,0.05488765597056497,0.054946793803217375,-7.733506518260995,-7.733506518260995,0.054256809930018586,0.0542616186864866,0.10570047357618863,0.10570047357625258,0,1
2023-06-17 15:30:00,2023-06-17 15:34:59,0.05555,0.0553,0.05528,0.05557,0.05558854447339426,0.055425,0.05528,0.05558854447339426,True,0.00020011498995406825,-0.00010265301578544882,0,0.05491722488689117,0.05497187436199564,-13.996728432064117,-13.996728432064117,0.05426843371180944,0.05427195083885987,-8.526512829121202e-14,0.07046698238416128,0,-2
2023-06-17 15:35:00,2023-06-17 15:39:59,0.05531,0.05523,0.05521,0.05542,0.05550677223669713,0.0552925,0.05521,0.05550677223669713,True,0.00020082106210020587,-0.00011856488112031304,0,0.0549445496244434,0.05499382029515385,-19.07755290171917,-19.07755290171917,0.0542786234261198,0.0542814836663339,-8.526512829121202e-14,0.03523349119206999,0,-2
2023-06-17 15:40:00,2023-06-17 15:44:59,0.05524,0.05523,0.0552,0.05528,0.05539963611834857,0.055237499999999995,0.0552,0.05539963611834857,True,0.00019219098623590573,-0.0001257594133357876,0,0.05496918495979863,0.05501277038458611,-22.46476921482254,-22.46476921482254,0.05428816448655641,0.054290921639803216,-8.526512829121202e-14,-2.130703021426446e-14,0,-2
2023-06-17 15:45:00,2023-06-17 15:49:59,0.05524,0.05509,0.05509,0.05524,0.05531856805917428,0.055165000000000006,0.05509,0.05531856805917428,True,0.00018917734436191226,-0.00013638958152752026,0,0.05499097767219237,0.05502873438031691,-26.452408821960386,-26.452408821960386,0.05429688921803346,0.05429887266826289,-8.526512829121202e-14,-2.130703021426446e-14,0,-2
2023-06-17 15:50:00,2023-06-17 15:54:59,0.0551,0.05516,0.05501,0.05523,0.05524178402958714,0.055125,0.05501,0.05524178402958714,True,0.00019137896262177553,-0.00013414104382505264,0,0.05500985602625464,0.05504196343095014,-25.44111993404799,-25.44111993404799,0.05430512912631173,0.05430744109942445,-8.526512829121202e-14,-2.130703021426446e-14,0,-2
2023-06-17 15:55:00,2023-06-17 15:59:59,0.05516,0.05516,0.05511,0.05523,0.05518339201479357,0.055165,0.05511,0.05523,True,0.00018628046529164884,-0.00012824797748402553,0,0.05502590972860239,0.05505322291725692,-24.766927342106392,-24.766927342106392,0.054313685055403155,0.05431592427256451,2.473650795536265,0.8245502651787621,-1,-2
2023-06-17 16:00:00,2023-06-17 16:04:59,0.05517,0.05518,0.05517,0.0554,0.055174196007396786,0.05523,0.05517,0.0554,True,0.00019011757491367372,-0.00011868238543855919,0,0.05503956632292965,0.05506330046879343,-23.07136921415723,-23.07136921415723,0.054322802617040936,0.0543245220409967,9.083498852796254,3.852383216110875,0,-2
2023-06-17 16:05:00,2023-06-17 16:09:59,0.05518,0.05513,0.05513,0.05525,0.055202098003698394,0.05517249999999999,0.05513,0.05525,True,0.00018510917670555433,-0.0001117781015022422,0,0.05505143339586154,0.05507198382090335,-23.2802316372598,-23.2802316372598,0.05433125731736889,0.05433253674705643,13.38783696762846,8.314995538653724,0,-2
2023-06-17 16:10:00,2023-06-17 16:14:59,0.05513,0.05522,0.05511,0.05524,0.0551872990018492,0.055175,0.05511,0.05524,True,0.00018117280694087177,-9.712192812586919e-05,0,0.05506170860838244,0.05507952708562863,-17.952793386193896,-17.952793386193896,0.054339652766947306,0.054341367227185224,15.953418473904732,12.808251431443212,0,-1
2023-06-17 16:15:00,2023-06-17 16:19:59,0.05521,0.05512,0.0551,0.05522,0.0551811495009246,0.0551625,0.0551,0.05522,True,0.00017680332073080916,-9.098195821310659e-05,0,0.05507061784700554,0.0550860352334269,-17.658140062802282,-17.658140062802282,0.05434784030160455,0.05434911481696447,14.474363404204917,14.605206281912766,0,-2
2023-06-17 16:20:00,2023-06-17 16:24:59,0.05511,0.05517,0.05506,0.05518,0.0551718247504623,0.05513,0.05506,0.05518,True,0.00017274594067860863,-8.018939039990689e-05,0,0.055078326540216216,0.05509146078901129,-14.762934103193949,-14.762934103193949,0.054355622985170673,0.05435728282873597,12.88880675005399,14.438862876054609,0,-1
2023-06-17 16:25:00,2023-06-17 16:29:59,0.05516,0.05523,0.05509,0.05526,0.05515091237523115,0.055185000000000005,0.05509,0.05526,True,0.00017254980205870776,-6.605670414733707e-05,0,0.05508489366461375,0.05509637414554163,-9.921734129424209,-9.921734129424209,0.05436387549278091,0.05436596658168387,16.716070357665973,14.693080170641688,0,-1
2023-06-17 16:30:00,2023-06-17 16:34:59,0.05521,0.05526,0.05513,0.05526,0.05516795618761558,0.055215,0.05513,0.05526,True,0.00016951053048308565,-5.2348353022622366e-05,0,0.055090633905077686,0.055101056365207596,-5.327711140771619,-5.327711140771619,0.05437234439335026,0.05437486243659249,24.40525676327282,18.003377956997657,0,-1
2023-06-17 16:35:00,2023-06-17 16:39:59,0.05527,0.05537,0.05523,0.05539,0.05519147809380779,0.055315,0.05523,0.05539,True,0.000168831206877151,-3.3958643552659096e-05,0,0.05509584513514264,0.05510621059053495,1.7982311224391268,0.0,0.054381724051127865,0.05438476430289505,55.01980863592488,32.04704525228795,0,-1
2023-06-17 16:40:00,2023-06-17 16:44:59,0.05535,0.05524,0.05519,0.05542,0.05525323904690389,0.055299999999999995,0.05519,0.05542,True,0.0001732004063859255,-2.976965320457778e-05,0,0.05510102786283879,0.05511159814981988,0.5481024311427447,0.0,0.05439086112524599,0.054393274110826444,77.22871933269509,52.21792824396433,0,-1
2023-06-17 16:45:00,2023-06-17 16:49:59,0.05524,0.05523,0.05516,0.05528,0.05527661952345195,0.0552275,0.05516,0.05528,True,0.00016940037735835954,-2.6672764658351623e-05,0,0.05510631300632934,0.055116635023083185,-0.6783714665483132,-0.0,0.05439918589016892,0.05440159974156449,84.98100822448272,72.40984539770096,0,-1
2023-06-17 16:50:00,2023-06-17 16:54:59,0.05524,0.05524,0.05521,0.05526,0.05525205976172597,0.0552375,0.05521,0.05526,True,0.00016087177897561918,-2.3006021391954654e-05,0,0.055111474014706265,0.05512142985110295,-0.989373295911065,-0.0,0.054407527324097586,0.054409942032693205,73.83901476109047,78.68291410608948,0,-1
2023-06-17 16:55:00,2023-06-17 16:59:59,0.05524,0.05533,0.05522,0.05541,0.05524477988086299,0.0553,0.05522,0.05541,True,0.00016295236619164657,-1.3612203756978071e-05,0,0.05511645193290461,0.055126430034047484,2.863970096284497,0.0,0.05441640764923095,0.05441909683833805,74.84007381253917,77.88669893270418,0,-1
2023-06-17 17:00:00,2023-06-17 17:04:59,0.05534,0.05542,0.05533,0.0555,0.055272389940431495,0.055397499999999995,0.05533,0.0555,True,0.0001634557686065292,-9.151964587326511e-07,0,0.05512144098347605,0.05513222654148376,8.33385264651303,0.0,0.054426169762173925,0.054429056073777474,87.60113886091786,78.76007581151589,0,-1
2023-06-17 17:05:00,2023-06-17 17:09:59,0.05543,0.0554,0.05538,0.05549,0.055334944970215745,0.055425,0.05538,0.05549,True,0.00015963749942034846,5.805991414877734e-06,0,0.055126833762479906,0.0551387989098325,10.696856356889477,10.696856356889477,0.054436108371505525,0.05443871720737173,98.74313232431011,87.06144833258911,1,-1
2023-06-17 17:10:00,2023-06-17 17:14:59,0.05539,0.05545,0.05537,0.05545,0.05537997248510787,0.055415,0.05537,0.05545,True,0.00015394910660460905,1.3152382308744875e-05,0,0.0551328163361562,0.05514586841486293,13.919536369953057,13.919536369953057,0.054445848586714425,0.05444877972272126,98.63347789183662,94.99258302568825,0,-1
2023-06-17 17:15:00,2023-06-17 17:19:59,0.05545,0.05533,0.05527,0.05546,0.05539748624255393,0.055377499999999996,0.05527,0.05546,True,0.00015652417041856574,8.894532001187542e-06,0,0.05513934237550957,0.055153023524896407,9.228520586037142,0.0,0.0544551187500307,0.05445754808368921,92.10542099505574,96.49401040373421,0,-2
2023-06-17 17:20:00,2023-06-17 17:24:59,0.05535,0.0554,0.05526,0.05541,0.055387493121276964,0.055355,0.05526,0.05541,True,0.00015605815824581135,1.0339403058028722e-05,0,0.05514618295020299,0.055160042566758806,8.935151236685904,0.0,0.054464072792318956,0.05446692571469728,82.51774221559712,91.08554703416321,0,-1
2023-06-17 17:25:00,2023-06-17 17:29:59,0.05539,0.05541,0.05537,0.05546,0.05537124656063848,0.055407500000000005,0.05537,0.05546,True,0.00015133971837111052,1.1275219915984284e-05,0,0.0551531127584809,0.05516726652893343,9.131646143730187,0.0,0.05447346012771877,0.05447630953843163,80.36480763542765,84.99599028202691,0,-1
2023-06-17 17:30:00,2023-06-17 17:34:59,0.0554,0.05548,0.05534,0.05554,0.055389373280319246,0.05544,0.05534,0.05554,True,0.00015481545277317398,1.5935778575946806e-05,0,0.05516018964370717,0.05517482524681065,11.849442221229829,11.849442221229829,0.05448307743988077,0.05448629650819848,86.89286453220852,83.25847146107783,0,-1
2023-06-17 17:35:00,2023-06-17 17:39:59,0.05547,0.05548,0.05542,0.05553,0.055414686640159624,0.055475,0.05542,0.05553,True,0.00015161434900366196,1.7969229663449096e-05,0,0.05516750744525891,0.05518283579658493,13.661306272896262,13.661306272896262,0.05449294731610086,0.05449618410513183,96.48054331166713,87.91273849310117,0,-1
2023-06-17 17:40:00,2023-06-17 17:44:59,0.05549,0.05549,0.05542,0.0555,0.05544484332007981,0.055475,0.05542,0.0555,True,0.00014649903836054352,1.8869254247673247e-05,0,0.05517517162092192,0.05519114711589891,15.283008227432859,15.283008227432859,0.05450271898459737,0.054506072820503654,99.9999999999999,94.45780261462524,0,-1
2023-06-17 17:45:00,2023-06-17 17:49:59,0.05549,0.05549,0.05541,0.05552,0.05545992166003991,0.0554775,0.05541,0.05552,True,0.0001438919641919332,1.8279553402320414e-05,0,0.055183159368410416,0.05519965536135607,16.36414286379059,16.36414286379059,0.054512418298183464,0.054515863140697646,99.9999999999999,98.82684777055569,0,-1
2023-06-17 17:50:00,2023-06-17 17:54:59,0.05549,0.05547,0.05545,0.05551,0.05546871083001995,0.05548,0.05545,0.05551,True,0.0001378996810353664,1.5351903087141062e-05,0,0.05519140736488324,0.05520827742519726,14.834577522416353,14.834577522416353,0.05452204597680851,0.054525357039795184,99.9999999999999,99.99999999999994,0,-2
2023-06-17 17:55:00,2023-06-17 17:59:59,0.05546,0.05541,0.05538,0.05546,0.055474355415009974,0.055427500000000005,0.05538,0.055474355415009974,True,0.00013447827524712592,8.276220919770907e-06,0,0.05519984239504025,0.05521656973669351,8.423794522465656,0.0,0.05453105546957658,0.05453415945730966,86.266941225793,95.42231374193098,0,-2
2023-06-17 18:00:00,2023-06-17 18:04:59,0.0554,0.0552,0.0552,0.0554,0.05545092770750499,0.0553,0.0552,0.05545092770750499,True,0.00013987268415804562,-1.1462833614599895e-05,0,0.05520820606586688,0.055223670752182374,-3.8109329965906653,-3.8109329965906653,0.054538706658934025,0.054540784736341406,52.93360789245967,79.73351637275091,0,-2
2023-06-17 18:05:00,2023-06-17 18:09:59,0.05521,0.05531,0.05518,0.05535,0.0553754638537525,0.055262500000000006,0.05518,0.0553754638537525,True,0.00014202463528961403,-1.6541330800436444e-05,0,0.05521593840902462,0.05522952784154885,-5.505012975071182,-5.505012975071182,0.054545908582725726,0.05454843861956189,19.600274559126337,52.93360789245972,0,-2
2023-06-17 18:10:00,2023-06-17 18:14:59,0.05531,0.05534,0.05527,0.05536,0.05531898192687625,0.05532,0.05527,0.05536,True,0.00013830858991178445,-1.7372022739852423e-05,0,0.055222733125286735,0.05523475990441852,-5.162532017718938,-5.162532017718938,0.05455361098488766,0.05455631485220307,8.886410343668972,27.140097598418375,0,-2
2023-06-17 18:15:00,2023-06-17 18:19:59,0.05534,0.05545,0.05534,0.05549,0.05531949096343813,0.055404999999999996,0.05534,0.05549,True,0.00013914369063237108,-9.905005408000085e-06,0,0.05522874651485263,0.05524004717241081,-0.4296101371352563,-0.0,0.05456208251737634,0.05456520724173339,29.0544539712261,19.18037962467385,0,-1
2023-06-17 18:20:00,2023-06-17 18:24:59,0.05544,0.05549,0.05544,0.05557,0.05536224548171906,0.05548500000000001,0.05544,0.05557,True,0.00013849056987291588,-2.19234742274866e-06,0,0.05523439684363172,0.05524589051258031,4.059349828405345,0.0,0.054571265775909907,0.05457440915972609,58.11374964189914,32.018204652264785,0,-1
2023-06-17 18:25:00,2023-06-17 18:29:59,0.05547,0.05553,0.0554,0.05558,0.05542362274085953,0.055494999999999996,0.0554,0.05558,True,0.00014145552916770758,5.336421503854041e-06,0,0.055240143678106014,0.05525220017139245,8.34458622529435,8.34458622529435,0.054580457161224234,0.05458391752629598,79.33373644898593,55.50064668737044,0,-1
2023-06-17 18:30:00,2023-06-17 18:34:59,0.05553,0.05554,0.05549,0.05559,0.05545931137042977,0.0555375,0.05549,0.05559,True,0.00013849441994144297,1.0342418782765908e-05,0,0.05524617192474923,0.05525912527037908,11.537916295030584,11.537916295030584,0.05458997997554041,0.0545934307847408,92.49902615476215,76.64883741521578,0,-1
2023-06-17 18:35:00,2023-06-17 18:39:59,0.05555,0.05561,0.05555,0.05563,0.055498405685214885,0.05558500000000001,0.05555,0.05563,True,0.00013503053280276847,1.7590008034832198e-05,0,0.05525264859756415,0.05526681329671415,15.848114261617056,15.848114261617056,0.054599880672301204,0.05460354590131054,96.77306381742245,89.53527547372356,0,-1
2023-06-17 18:40:00,2023-06-17 18:44:59,0.05561,0.05561,0.05558,0.05563,0.05554170284260745,0.055607500000000004,0.05558,0.05563,True,0.00012895692331685654,2.1132734770827102e-05,0,0.05525973094713915,0.055275203607007356,18.7215795726747,18.7215795726747,0.054609906735263385,0.05461356036995422,99.99999999999994,96.42402999072823,0,-1
2023-06-17 18:45:00,2023-06-17 18:49:59,0.05561,0.05562,0.05559,0.05568,0.05557460142130373,0.055625,0.05559,0.05568,True,0.00012617428593708106,2.2772305137224873e-05,0,0.055267467277073254,0.055284209332558905,20.98001533391195,20.98001533391195,0.05462000716575827,0.05462357469463129,99.99999999999994,98.9243546058075,0,2
2023-06-17 18:50:00,2023-06-17 18:54:59,0.05563,0.05569,0.0556,0.05573,0.05559980071065186,0.055662500000000004,0.0556,0.05573,True,0.00012644755122728993,2.718491972799575e-05,0,0.055275838304816076,0.05529389507989668,24.55048860697366,24.55048860697366,0.05463038022878555,0.05463418589169964,99.99999999999994,100.0,0,2
2023-06-17 18:55:00,2023-06-17 18:59:59,0.05569,0.05545,0.05545,0.05569,0.05563115035532593,0.05557000000000001,0.05545,0.05569,True,0.00013455844042534093,1.1890748509586232e-05,0,0.05528486669235638,0.05530341511027139,13.04782404966312,13.04782404966312,0.0546397296792454,0.05464230344501606,88.08757250576245,96.02919083525417,0,-2
2023-06-17 19:00:00,2023-06-17 19:04:59,0.05546,0.05542,0.05532,0.05549,0.05560057517766297,0.0554225,0.05532,0.05560057517766297,True,0.0001370899803949592,-1.0771993952567247e-06,0,0.05529414090131388,0.055311727346122,4.431148871968674,0.0,0.054647518438655895,0.054650041719195006,62.02233680122716,83.36996976899658,0,-2
2023-06-17 19:05:00,2023-06-17 19:09:59,0.05542,0.05546,0.0554,0.05548,0.05551153758883148,0.05544,0.0554,0.05551153758883148,True,0.00013301212465246238,-7.1571796283344095e-06,0,0.05530293412371794,0.05531915171468279,0.8233468616925137,0.0,0.054655403827325984,0.054658101005571176,37.51638357743258,62.542097628140795,0,-2
2023-06-17 19:10:00,2023-06-17 19:14:59,0.05546,0.05552,0.05544,0.05552,0.05547576879441574,0.05548500000000001,0.05544,0.05552,True,0.0001292255443201434,-7.127785438466031e-06,0,0.05531104291920036,0.055326134867874334,1.3355848784165758,0.0,0.0546636585156113,0.054666677114968476,28.8706081445201,42.803109507726674,0,-2
2023-06-17 19:15:00,2023-06-17 19:19:59,0.05552,0.05542,0.05542,0.05555,0.05548038439720787,0.0554775,0.05542,0.05555,True,0.0001292808625829907,-1.4109604772354778e-05,0,0.05531858889353734,0.05533267127926957,-2.457259362260011,-0.0,0.0546717564408291,0.054674172865068295,28.626045560867798,31.671012427606883,0,-2
2023-06-17 19:20:00,2023-06-17 19:24:59,0.05543,0.05529,0.05521,0.05544,0.055478942198603935,0.0553425,0.05521,0.055478942198603935,True,0.0001364750866842057,-2.7345025606567163e-05,0,0.055325630086403454,0.05533788487740565,-8.579603573087368,-8.579603573087368,0.05467843050609448,0.0546803004982517,19.798665451329047,25.76510638557237,0,-2
2023-06-17 19:25:00,2023-06-17 19:29:59,0.0553,0.05525,0.05522,0.05531,0.055410721099301966,0.05527,0.05522,0.055410721099301966,True,0.00013315543763533385,-3.781327435193061e-05,0,0.05533175748190455,0.055341523817431106,-13.542280337895768,-13.542280337895768,0.05468431676971543,0.05468596915001039,7.023535045145697,18.4827486857809,-1,-2
2023-06-17 19:30:00,2023-06-17 19:34:59,0.05525,0.05535,0.05524,0.05535,0.05534036054965098,0.0552975,0.05524,0.05535,True,0.000131501477804239,-3.636072266948962e-05,0,0.055336640649667826,0.05534408673029896,-11.617037043776882,-11.617037043776882,0.0546904180953899,0.054692576422149586,2.474483367265943,9.765561287913618,0,-2
2023-06-17 19:35:00,2023-06-17 19:39:59,0.05535,0.0551,0.05505,0.05537,0.05531893027482549,0.0552175,0.05505,0.05537,True,0.00014496565796107914,-5.1206860748984245e-05,-1,0.05534036368998339,0.05534523601003335,-15.83330141911945,-15.83330141911945,0.054695662691455676,0.05469663038809835,2.474483367265943,3.9908339265592496,0,-2
2023-06-17 19:40:00,2023-06-17 19:44:59,0.05512,0.05522,0.05508,0.05524,0.05526821513741274,0.05516499999999999,0.05508,0.05526821513741274,True,0.00014603953953528783,-5.046900778813993e-05,0,0.055342799850008374,0.05534490423534716,-14.096843143707893,-14.096843143707893,0.054700332714426265,0.054701838045928215,2.474483367265943,2.4744833672659987,0,-2
2023-06-17 19:45:00,2023-06-17 19:49:59,0.05521,0.0552,0.05517,0.05529,0.05521660756870637,0.0552175,0.05517,0.05529,True,0.00014417957242562456,-4.920635727082357e-05,0,0.05534385204267777,0.05534376889825908,-13.404316834997275,-13.404316834997275,0.0547054786575663,0.05470679488129211,4.300806890797413,3.083257875109822,0,-2
2023-06-17 19:50:00,2023-06-17 19:54:59,0.05522,0.05527,0.05522,0.05531,0.05521705378435318,0.055255,0.05522,0.05531,True,0.0001417381743952227,-4.140933401814704e-05,0,0.05534381047046843,0.05534226599034062,-10.264420103996443,-10.264420103996443,0.05471094653162037,0.05471239891232403,11.5304302463054,6.101906834789641,0,-1
2023-06-17 19:55:00,2023-06-17 19:59:59,0.05527,0.05522,0.05521,0.05532,0.05523602689217659,0.055255000000000006,0.05521,0.05532,True,0.000139471161938421,-3.78986735446185e-05,0,0.055343038230404526,0.05534048400286903,-9.704160540411557,-9.704160540411557,0.05471635999896743,0.05471744966941534,18.760053601813937,11.530430246305636,0,-1
2023-06-17 20:00:00,2023-06-17 20:04:59,0.05521,0.05521,0.05505,0.05532,0.0552455134460883,0.055197500000000004,0.05505,0.05532,True,0.00014879465037139088,-3.451216678540624e-05,0,0.05534176111663678,0.05533810000928251,-9.654046242609219,-9.654046242609219,0.05472114746166427,0.05472235066772961,19.99215305385115,16.76087896732355,0,-1
2023-06-17 20:05:00,2023-06-17 20:09:59,0.05521,0.05514,0.05505,0.05525,0.055221506723044156,0.055162499999999996,0.05505,0.05525,True,0.00015245217534486287,-3.54159157649088e-05,0,0.05533993056295965,0.05533501827155809,-11.837320458047863,-11.837320458047863,0.054725539029209895,0.05472650638247857,16.886838181730635,18.546348279131962,0,-2
2023-06-17 20:10:00,2023-06-17 20:14:59,0.05512,0.0552,0.05512,0.05523,0.05519200336152208,0.0551675,0.05512,0.05523,True,0.00014941987710594403,-3.008076231147683e-05,0,0.05533747441725887,0.05533144264428237,-10.100660612368046,-10.100660612368046,0.054729936650809795,0.05473121776175739,14.687413630601037,17.188801622060996,0,-1
2023-06-17 20:15:00,2023-06-17 20:19:59,0.05521,0.05522,0.05514,0.05525,0.055179751680761044,0.055205,0.05514,0.05525,True,0.00014660417159837653,-2.3645250644525054e-05,0,0.055334458530770625,0.055327759996775194,-7.910456283233927,-7.910456283233927,0.0547346636493092,0.05473608126661553,21.01777846934893,17.530676760560254,0,-1
2023-06-17 20:20:00,2023-06-17 20:24:59,0.05522,0.0553,0.05522,0.05533,0.05519237584038052,0.0552675,0.05522,0.05533,True,0.00014398958791277813,-1.2634374843115031e-05,0,0.05533110926377292,0.05532444717483198,-2.7398559935625713,-0.0,0.05473996550354493,0.05474169239829099,39.93774922879616,25.21431377624876,0,-1
2023-06-17 20:25:00,2023-06-17 20:29:59,0.05527,0.05519,0.05518,0.05529,0.05522993792019026,0.055232500000000004,0.05518,0.05529,True,0.00014227604591900841,-1.2167695796718643e-05,0,0.05532777821930245,0.055321208111416435,-4.19774342298242,-4.19774342298242,0.05474486634430568,0.0547461531704473,61.34183980419664,40.76578916744729,0,-1
2023-06-17 20:30:00,2023-06-17 20:34:59,0.05521,0.05518,0.05515,0.05523,0.05523121896009513,0.0551925,0.05515,0.05523121896009513,True,0.0001378277569247938,-1.1662107187820392e-05,0,0.055324493165359444,0.055317774899489504,-5.5572594843375995,-5.5572594843375995,0.054749320410531495,0.054750470054323444,68.38850734076523,56.55603212458606,0,-1
2023-06-17 20:35:00,2023-06-17 20:39:59,0.05519,0.05526,0.05519,0.05531,0.05521185948004756,0.0552375,0.05519,0.05531,True,0.00013726863143016555,-4.9635935059495865e-06,0,0.055321134032424474,0.055314521136415024,-2.451718906116014,-0.0,0.054754177918884414,0.05475554000403167,75.72537777318045,68.48524163938083,0,-1
2023-06-17 20:40:00,2023-06-17 20:44:59,0.05526,0.05532,0.05526,0.05539,0.05522467974002378,0.055307499999999996,0.05526,0.05539,True,0.00013674944347086837,4.074761475758461e-06,0,0.05531782758441975,0.05531191125340157,2.0345698058533443,0.0,0.054759683611233824,0.05476115652140449,82.62442172673438,75.57943561356008,0,-1
2023-06-17 20:45:00,2023-06-17 20:49:59,0.05532,0.05522,0.05522,0.05536,0.05527,0.055279999999999996,0.05522,0.05536,True,0.00013698162608009214,3.242010549326841e-06,0,0.05531486941891066,0.055309637529016006,0.1720177556796969,0.0,0.05476486088873399,0.05476572212815668,92.73839475507059,83.69606475166188,0,-1
2023-06-17 20:50:00,2023-06-17 20:54:59,0.05522,0.05511,0.05506,0.05525,0.055275,0.055159999999999994,0.05506,0.055275,True,0.00014076865278865719,-4.626331070488894e-06,0,0.05531225347396333,0.05530682073723378,-4.778703750186089,-4.778703750186089,0.05476879262118439,0.05476914777862279,72.11462448986141,82.49248032388886,0,-2
2023-06-17 20:55:00,2023-06-17 20:59:59,0.05512,0.05511,0.05508,0.05518,0.055217499999999996,0.0551225,0.05508,0.055217499999999996,True,0.00013785660616089617,-9.139714631471358e-06,0,0.05530953710559856,0.055303338420978246,-8.079184754096616,-8.079184754096616,0.054772312097590516,0.054772539343014605,43.60606635928582,69.48636186807266,0,-2
2023-06-17 21:00:00,2023-06-17 21:04:59,0.05513,0.05521,0.05504,0.05525,0.05517,0.0551575,0.05504,0.05525,True,0.00014300970572083226,-4.4093085535054435e-06,0,0.055306437763288405,0.05529959616223862,-5.132248397277884,-5.132248397277884,0.05477614481303738,0.05477689218537267,26.558502281792318,47.42639771031324,0,-1
2023-06-17 21:05:00,2023-06-17 21:09:59,0.05521,0.05515,0.0551,0.05525,0.05516375,0.0551775,0.0551,0.05525,True,0.00014350901245505833,-4.8791247801322906e-06,0,0.05530301696276351,0.055295812146097204,-5.649527387872006,-5.649527387872006,0.054780138396987255,0.0547806047009411,32.82706699454372,34.33054521187401,0,-1
2023-06-17 21:10:00,2023-06-17 21:14:59,0.05515,0.05522,0.05512,0.05528,0.055170625,0.0551925,0.05512,0.05528,True,0.00014468694013683992,2.32301504896984e-07,0,0.05529941455443036,0.05529212413238657,-2.7753526508157336,-0.0,0.05478424149751474,0.054784976793469047,47.12354206266565,35.50303711300062,0,-1
2023-06-17 21:15:00,2023-06-17 21:19:59,0.05522,0.05505,0.05503,0.05522,0.0551815625,0.05513,0.05503,0.05522,True,0.0001479235872699225,-7.734842805537197e-06,0,0.05529576934340847,0.055288108189294416,-6.717571872240981,-6.717571872240981,0.05478768188062405,0.0547876138403002,43.55278055352676,41.1677965369121,0,-2
2023-06-17 21:20:00,2023-06-17 21:24:59,0.05505,0.05518,0.05505,0.05519,0.05515578125,0.0551175,0.05505,0.05519,True,0.00014735761675064242,-3.215917964084346e-06,0,0.055291938766351446,0.055283775855441114,-4.319818175182611,-4.319818175182611,0.05479096365295615,0.054791518180197715,30.49619629501285,40.390839637068474,0,-1
2023-06-17 21:25:00,2023-06-17 21:29:59,0.05517,0.05515,0.05511,0.0552,0.055136640625,0.0551575,0.05511,0.0552,True,0.0001432606441255965,-1.7934357855272536e-06,0,0.055287857310896284,0.055279498591872624,-3.742748160011601,-3.742748160011601,0.054794610780787435,0.05479508516347933,24.96921213351595,33.00606299401858,0,-1
2023-06-17 21:30:00,2023-06-17 21:34:59,0.05515,0.05503,0.05503,0.05516,0.0551470703125,0.0550925,0.05503,0.05516,True,0.00014231345525948233,-8.605265637386006e-06,0,0.055283677951384454,0.055274848062978235,-6.924109853504547,-6.924109853504547,0.0547975748526204,0.05479742262453924,18.17860336097156,24.548003929833513,0,-2
2023-06-17 21:35:00,2023-06-17 21:39:59,0.05504,0.05511,0.05503,0.05511,0.055119785156250004,0.055072499999999996,0.05503,0.055119785156250004,True,0.00013786249416951907,-6.706657901465091e-06,0,0.05527926300718135,0.055269798345972336,-5.819207976061222,-5.819207976061222,0.05480031042622616,0.05480053284718064,15.209243496693324,19.452352997060338,0,-1
2023-06-17 21:40:00,2023-06-17 21:44:59,0.05512,0.05508,0.05502,0.05514,0.055096142578125,0.05508999999999999,0.05502,0.05514,True,0.0001365866017288393,-6.793636728935989e-06,0,0.055274530676576845,0.05526458906039842,-6.078165355684426,-6.078165355684426,0.0548031929095473,0.05480331361487038,6.379171258815457,13.25567270549351,0,-1
2023-06-17 21:45:00,2023-06-17 21:49:59,0.05507,0.05506,0.055,0.05507,0.0550930712890625,0.05505,0.055,0.0550930712890625,True,0.00013254470160535054,-7.463646943532145e-06,0,0.05526955986848763,0.05525901544406905,-6.959474430053341,-6.959474430053341,0.0548056487014921,0.054805867708254755,4.764193871504877,8.784202875671282,0,-2
2023-06-17 21:50:00,2023-06-17 21:54:59,0.05507,0.05492,0.05489,0.05513,0.05507153564453125,0.055002499999999996,0.05489,0.05513,True,0.000140220080062111,-1.66969085890807e-05,0,0.05526428765627834,0.055252867327994504,-11.557964563371037,-11.557964563371037,0.054807607420880235,0.05480700335294874,4.764193871504877,5.302519667275132,0,-2
2023-06-17 21:55:00,2023-06-17 21:59:59,0.05493,0.05495,0.05493,0.055,0.055037017822265624,0.0549525,0.05493,0.055037017822265624,True,0.00013591864577196046,-1.9367616704533895e-05,0,0.055258577492136425,0.055245966033671705,-12.978992004193103,-12.978992004193103,0.05480904913808541,0.0548084262051582,-1.0658141036401503e-14,3.1761292476699765,0,-2
2023-06-17 22:00:00,2023-06-17 22:04:59,0.05495,0.05476,0.05467,0.05497,0.05499475891113281,0.0548375,0.05467,0.05499475891113281,True,0.00014763874250253432,-3.2729617411336674e-05,0,0.055252271762904065,0.05523773008473714,-17.872761269446286,-17.872761269446286,0.05480933223123879,0.05480794435237056,-1.0658141036401503e-14,1.588064623835014,0,-2
2023-06-17 22:05:00,2023-06-17 22:09:59,0.05475,0.05489,0.05475,0.05489,0.054916129455566405,0.05482,0.05475,0.054916129455566405,True,0.00014709311803806765,-3.0407646247646537e-05,0,0.0552450009238206,0.05522837979159835,-15.403190561303262,-15.403190561303262,0.05480943837819163,0.05480876082647632,-1.0658141036401503e-14,5.1514348342607263e-14,0,-2
2023-06-17 22:10:00,2023-06-17 22:14:59,0.05489,0.05481,0.05481,0.05493,0.0548680647277832,0.05486,0.05481,0.05493,True,0.00014515789532106295,-3.24001137779066e-05,0,0.05523669035770947,0.05521849076292408,-15.60889473345425,-15.60889473345425,0.054809941478906145,0.05480877315656114,8.061246375905435,2.687082125301867,0,-2
2023-06-17 22:15:00,2023-06-17 22:19:59,0.05481,0.05472,0.05463,0.05481,0.054864032363891604,0.05474249999999999,0.05463,0.054864032363891604,True,0.00014764661708384412,-3.772535641337693e-05,0,0.05522759056031677,0.05520743925827025,-17.552270896776662,-17.552270896776662,0.05480927041941454,0.05480788984157048,8.061246375905435,5.374164250603681,0,-2
2023-06-17 22:20:00,2023-06-17 22:24:59,0.05473,0.05474,0.05468,0.05478,0.054803266181945795,0.054732499999999996,0.05468,0.054803266181945795,True,0.00014424328729214115,-3.736179809011038e-05,0,0.05521751490929351,0.05519547974254265,-17.876509663863565,-17.876509663863565,0.054808506534644245,0.05480721432075883,8.061246375905435,8.061246375905498,0,-2
2023-06-17 22:25:00,2023-06-17 22:29:59,0.05474,0.0545,0.05443,0.05474,0.0547678830909729,0.0546025,0.05443,0.0547678830909729,True,0.0001560830524855595,-5.110415140135665e-05,0,0.05520649732591808,0.05518199546005699,-21.974929056053682,-21.974929056053682,0.05480645671837913,0.054804157461845804,-1.0658141036401503e-14,5.374164250603683,0,-2
2023-06-17 22:30:00,2023-06-17 22:34:59,0.05451,0.05455,0.05449,0.05462,0.05468519154548645,0.0545425,0.05449,0.05468519154548645,True,0.0001542199773080199,-5.3380255144944296e-05,0,0.055194246392987534,0.055166991570689675,-22.44435998761915,-22.44435998761915,0.05480383028337038,0.054801628531877186,-1.0658141036401503e-14,2.6870821253018673,0,-2
2023-06-17 22:35:00,2023-06-17 22:39:59,0.05454,0.05463,0.05454,0.05468,0.054613845772743225,0.0545975,0.05454,0.05468,True,0.0001532042646431614,-4.5996590828311214e-05,0,0.055180618981838604,0.05515127158526539,-19.336647819135504,-19.336647819135504,0.0548017772457249,0.05479992078529134,9.415264159772493,3.1384213865908865,0,-1
2023-06-17 22:40:00,2023-06-17 22:44:59,0.05462,0.05464,0.05458,0.0547,0.05460567288637161,0.054634999999999996,0.05458,0.0547,True,0.00015083253145436432,-3.742400573784752e-05,0,0.055165945283551995,0.05513535295807705,-16.83255988059262,-16.83255988059262,0.05480011777064306,0.0547983295336964,24.91181238813569,11.442358849302787,0,-1
2023-06-17 22:45:00,2023-06-17 22:49:59,0.05464,0.05466,0.05459,0.05473,0.0546203364431858,0.054655,0.05459,0.05473,True,0.00015005877920762408,-2.7720823843817614e-05,0,0.05515064912081452,0.05511952437881159,-14.194762089590029,-14.194762089590029,0.05479867381272621,0.05479695312042579,43.62896742943415,25.985347992447505,0,-1
2023-06-17 22:50:00,2023-06-17 22:54:59,0.05467,0.05459,0.05457,0.0547,0.0546376682215929,0.0546325,0.05457,0.0547,True,0.00014862600926422224,-2.384849965431893e-05,0,0.05513508674981305,0.055103720921868035,-14.693377545031325,-14.693377545031325,0.054797020341952815,0.05479489388539668,53.89769611595028,40.812825311173434,0,-1
2023-06-17 22:55:00,2023-06-17 22:59:59,0.0546,0.0546,0.05457,0.05463,0.05463508411079645,0.054599999999999996,0.05457,0.05463508411079645,True,0.00014229558003106335,-1.8395212308170735e-05,0,0.05511940383584055,0.05508782268786364,-14.424052534317582,-14.424052534317582,0.05479505994054035,0.054792954642755916,58.79976605827173,52.10880986788545,0,-1
2023-06-17 23:00:00,2023-06-17 23:04:59,0.0546,0.05479,0.05451,0.05487,0.05461754205539822,0.0546925,0.05451,0.05487,True,0.00015784589574313019,2.0826478543776593e-07,0,0.0551036132618521,0.0550725935623757,-6.041548361482697,-0.0,0.05479403944361955,0.05479292524332551,73.41594435030659,62.03780217484293,0,-1
2023-06-17 23:05:00,2023-06-17 23:09:59,0.05478,0.05485,0.05476,0.05487,0.054655021027699105,0.054815,0.05476,0.05487,True,0.00015442833176147796,1.7563858213964447e-05,0,0.0550881034121139,0.05505883619899925,1.21444524115455,0.0,0.0547942480063696,0.054793493151352124,87.06528483735129,73.0936650819766,0,-1
2023-06-17 23:10:00,2023-06-17 23:14:59,0.05484,0.05479,0.05473,0.0549,0.054735010513849554,0.054815,0.05473,0.0549,True,0.000155540593778515,2.5076178811679075e-05,0,0.05507346980555657,0.055046331954426715,3.146944320682948,3.146944320682948,0.05479445449386841,0.054793458393627224,99.99999999999999,86.82707639588601,0,-1
2023-06-17 23:15:00,2023-06-17 23:19:59,0.05478,0.05467,0.05444,0.0548,0.054775005256924775,0.0546725,0.05444,0.0548,True,0.00017014483708004962,2.1732007921637224e-05,0,0.055059900879991644,0.055033922389973025,-0.1521936109601043,-0.0,0.05479324101631748,0.05479222995189959,90.39857281526166,92.48795255087104,0,-1
2023-06-17 23:20:00,2023-06-17 23:24:59,0.05467,0.05474,0.05463,0.05486,0.05472375262846239,0.054725,0.05463,0.05486,True,0.00017442020586004616,2.4512019990623115e-05,0,0.055046911634982335,0.05502203271648395,0.3828256086825874,0.0,0.05479256200122975,0.05479171025088567,85.4048228438139,91.93446521969192,0,-1
2023-06-17 23:25:00,2023-06-17 23:29:59,0.05474,0.05475,0.05474,0.05487,0.054724376314231195,0.054775,0.05474,0.05487,True,0.0001712473340129004,2.6972381610444957e-05,0,0.055034472175733144,0.05501097698578511,1.130810421026176,0.0,0.05479238725494886,0.05479129522351367,84.55323544602929,86.78554370170168,0,-1
2023-06-17 23:30:00,2023-06-17 23:34:59,0.05476,0.05471,0.0547,0.05485,0.054749688157115596,0.054755000000000005,0.0547,0.05485,True,0.00016972966729769356,2.564300624409728e-05,0,0.05502272458075913,0.05500051645691048,-0.19488786212541243,-0.0,0.05479201524246181,0.05479048631581702,91.88889687497698,87.28231838827345,0,-1
2023-06-17 23:35:00,2023-06-17 23:39:59,0.05471,0.05461,0.05451,0.05475,0.0547523440785578,0.054645,0.05451,0.0547523440785578,True,0.00017474897677642953,1.7766984297853543e-05,0,0.055011620518834806,0.05498984158798922,-4.816418442606199,-0.0,0.05479055240422836,0.05478869043207755,87.55717088377769,87.99976773492806,0,-2
2023-06-17 23:40:00,2023-06-17 23:44:59,0.05462,0.05462,0.05459,0.05469,0.0546986720392789,0.05463,0.05459,0.0546986720392789,True,0.0001694097641495419,1.3525822063575568e-05,0,0.055000731053412015,0.05497896829264305,-7.305008454282088,-0.0,0.054788954867867876,0.054787011920315584,75.5317115494375,84.99259310273078,0,-2
2023-06-17 23:45:00,2023-06-17 23:49:59,0.05463,0.05459,0.05456,0.05471,0.05466433601963945,0.0546225,0.05456,0.05471,True,0.00016802335242457493,9.060187315539108e-06,0,0.05498984967302754,0.054967961919170555,-10.105783370069993,-0.0,0.054787298600525905,0.0547850516027005,61.94889367129107,75.01259203483548,0,-2
2023-06-17 23:50:00,2023-06-17 23:54:59,0.05459,0.05454,0.05453,0.0547,0.05464341800981973,0.05459,0.05453,0.0547,True,0.00016816454153710503,3.263701388408493e-06,0,0.05497890579609905,0.05495670330321763,-13.729938475381985,-13.729938475381985,0.05478533543037142,0.05478261327829552,52.41482194483486,63.298475721854544,0,-2
2023-06-17 23:55:00,2023-06-17 23:59:59,0.05454,0.05454,0.05452,0.05467,0.054616709004909864,0.0545675,0.05452,0.05467,True,0.00016686707428445498,2.902727587235246e-07,0,0.05496780454965834,0.054945168967136554,-16.146041878923313,-16.146041878923313,0.0547831679136513,0.054780199215824915,44.36154392597064,52.90841984736559,0,-2
