start_time,end_time,open,close,low,high,h_open,h_close,h_low,h_high,finish,atr_14,macd_13_34,st_signal,av2_open,av2_close,histo2,qqe,ema_h200,ema_200,fastk,fastd,xo_signal,macd_hists
2023-06-13 00:00:00,2023-06-13 00:02:59,0.183,0.1825,0.1822,0.1835,0.18329242625765324,0.1828,0.1822,0.1835,True,0.0004236227138920526,-5.187739053957726e-05,0,0.1835558092241659,0.18354025311664493,-12.697447226407107,-12.697447226407107,0.18267050195331264,0.1826708180844218,7.902921117863937,26.198863216265867,0,-2
2023-06-13 00:03:00,2023-06-13 00:05:59,0.1825,0.1828,0.1824,0.1829,0.18304621312882663,0.18264999999999998,0.1824,0.18304621312882663,True,0.0004290782343283346,-6.649081169949224e-05,0,0.1835480311704054,0.1835261792832698,-13.057228432730447,-13.057228432730447,0.18267029795377718,0.18267210347661658,0.6477544379107556,9.741326169909177,0,-2
2023-06-13 00:06:00,2023-06-13 00:08:59,0.1828,0.1832,0.1825,0.1833,0.1828481065644133,0.18295,0.1825,0.1833,True,0.00045557264616202467,-4.4867900042747894e-05,0,0.1835371052268376,0.18351114565264842,-8.311786456468113,-8.311786456468113,0.18267308105871471,0.1826773561783418,11.67116073729875,6.740612097691148,0,-1
2023-06-13 00:09:00,2023-06-13 00:11:59,0.1832,0.1833,0.1831,0.1835,0.18289905328220665,0.183275,0.1831,0.1835,True,0.00045160317143616455,-2.1286089406620886e-05,0,0.183524125439743,0.18349768935922509,-4.078539491177594,-0.0,0.18267907030191158,0.18268355163925382,33.67808484463035,15.33233333994662,0,-1
2023-06-13 00:12:00,2023-06-13 00:14:59,0.1833,0.1832,0.1831,0.1833,0.18308702664110332,0.183225,0.1831,0.1833,True,0.0004336315163335798,-1.1176098700686217e-05,0,0.18351090739948403,0.18348522418578048,-2.581744833807619,-0.0,0.18268450243821097,0.18268869042891298,54.251121482022704,33.2001223546506,0,-1
2023-06-13 00:15:00,2023-06-13 00:17:59,0.1833,0.1832,0.183,0.1833,0.18315601332055165,0.1832,0.183,0.1833,True,0.000424086408024038,-3.3545803834507263e-06,0,0.18349806579263223,0.1834734533258247,-1.5838817288943048,-0.0,0.182689631767184,0.18269377808633672,62.40561823258303,50.111608186412035,0,-1
2023-06-13 00:18:00,2023-06-13 00:20:59,0.1831,0.1833,0.1831,0.1835,0.18317800666027584,0.18325,0.1831,0.1835,True,0.00042236595030803415,9.498819992145429e-06,0,0.18348575955922847,0.183462652917552,0.6557244558781363,0.0,0.1826952075704956,0.18269981014517914,61.90937123228716,59.522036982297635,0,-1
2023-06-13 00:21:00,2023-06-13 00:23:59,0.1833,0.1829,0.1829,0.1833,0.18321400333013793,0.18309999999999998,0.1829,0.1833,True,0.00042076838242888773,-9.272827853019984e-06,0,0.18347420623839023,0.18345166149548103,-3.617294015566948,-0.0,0.1826992353558638,0.18270180208403308,58.06173881050654,60.79224275845891,0,-2
2023-06-13 00:24:00,2023-06-13 00:26:59,0.1829,0.1832,0.1829,0.1832,0.18315700166506896,0.18305,0.1829,0.1832,True,0.00041214206939825255,3.669105029079897e-07,0,0.18346293386693563,0.18344025204657452,-1.9033142739345195,-0.0,0.18270272555132783,0.1827067592772268,53.40473698855058,57.79194901044809,0,-1
2023-06-13 00:27:00,2023-06-13 00:29:59,0.1833,0.1836,0.1832,0.1838,0.18310350083253446,0.183475,0.1832,0.1838,True,0.0004255604930126623,3.479921901451184e-05,0,0.18345159295675506,0.18343150771512617,3.449012585948765,3.449012585948765,0.18271040987420017,0.18271564724461758,63.0916768739919,58.18605089101634,0,2
2023-06-13 00:30:00,2023-06-13 00:32:59,0.1835,0.1834,0.1833,0.1836,0.18328925041626723,0.18345,0.1833,0.1836,True,0.0004165918863689023,4.2515070511524444e-05,0,0.1834415503359406,0.1834247501182217,4.12639015738484,4.12639015738484,0.18271776897992953,0.18272245672477064,78.70540924400639,65.06727436884962,0,2
2023-06-13 00:33:00,2023-06-13 00:35:59,0.1835,0.1834,0.1832,0.1835,0.1833696252081336,0.1834,0.1832,0.1835,True,0.0004082638944854089,4.625636206653582e-05,0,0.18343315022708112,0.18341926000252354,4.577975205008897,4.577975205008897,0.18272455734828844,0.18272919844890229,93.8107878349556,78.53595798431797,0,2
2023-06-13 00:36:00,2023-06-13 00:38:59,0.1833,0.1832,0.1832,0.1834,0.1833848126040668,0.183275,0.1832,0.1834,True,0.0003933879020221658,3.347019628794188e-05,0,0.18342620511480232,0.1834139478187919,1.865577399479207,0.0,0.182730034389599,0.18273388304145052,87.79582546262999,86.77067418053066,0,1
2023-06-13 00:39:00,2023-06-13 00:41:59,0.1833,0.1836,0.1833,0.1836,0.18332990630203339,0.18345,0.1833,0.1836,True,0.00039386019473486907,5.166080807424176e-05,0,0.1834200764667971,0.18341001285548486,5.076304041318217,5.076304041318217,0.1827371982265184,0.18274250112064008,87.33120842028704,89.64594057262423,1,2
2023-06-13 00:42:00,2023-06-13 00:44:59,0.1837,0.1836,0.1835,0.1838,0.1833899531510167,0.18364999999999998,0.1835,0.1838,True,0.0003871558951109495,6.154921787443504e-05,0,0.18341504466114095,0.1834085613982295,7.21678846921089,7.21678846921089,0.18274628083122965,0.1827510334477979,90.39050749676811,88.50584712656173,0,2
2023-06-13 00:45:00,2023-06-13 00:47:59,0.1835,0.1831,0.183,0.1835,0.18351997657550834,0.18327500000000002,0.183,0.18351997657550834,True,0.0004023590454601686,3.123982771726672e-05,0,0.1834118030296852,0.18340650228249517,1.7559784798276183,0.0,0.1827515417184811,0.1827545057517999,79.34398580018348,85.68856723907957,0,1
2023-06-13 00:48:00,2023-06-13 00:50:59,0.1831,0.1831,0.183,0.1832,0.18339748828775418,0.1831,0.183,0.18339748828775418,True,0.0003879048279272998,1.0536869590267607e-05,0,0.18340915265609017,0.18340277819458428,-1.8845615130945603,-0.0,0.1827550089650634,0.18275794350551333,49.137082454858586,72.95719191727008,-1,1
2023-06-13 00:51:00,2023-06-13 00:53:59,0.183,0.183,0.183,0.1832,0.1832487441438771,0.18305,0.183,0.1832487441438771,True,0.0003744830545039216,-9.900061495303855e-06,0,0.18340596542533721,0.1833974257604,-5.512536710259035,-5.512536710259035,0.18275794419924185,0.18276035202784655,15.803749121525252,48.094939125522465,0,-2
2023-06-13 00:54:00,2023-06-13 00:56:59,0.183,0.1829,0.1826,0.1831,0.18314937207193854,0.1829,0.1826,0.18314937207193854,True,0.00038344855061078433,-2.9231258091523568e-05,0,0.1834016955928686,0.1833897988816141,-9.119371139010731,-9.119371139010731,0.18275935768979665,0.18276174155990776,1.6676161979584616,22.202815924780793,0,-2
2023-06-13 00:57:00,2023-06-13 00:59:59,0.1829,0.1831,0.1828,0.1831,0.18302468603596928,0.182975,0.1828,0.1831,True,0.00037748793985287275,-2.6360479141139828e-05,0,0.18339574723724134,0.18338094822485737,-7.392614653699972,-7.392614653699972,0.18276150338442554,0.18276510731553058,4.044058090750543,7.171807803411446,0,-2
2023-06-13 01:00:00,2023-06-13 01:02:59,0.1831,0.1829,0.1827,0.1831,0.18299984301798464,0.18295,0.1827,0.1831,True,0.00037909594414909693,-3.6649869375343885e-05,0,0.18338834773104934,0.18337102327742894,-9.053440696283403,-9.053440696283403,0.18276337897264022,0.18276644953129645,7.030252221342345,4.2473088366838105,0,-2
2023-06-13 01:03:00,2023-06-13 01:05:59,0.1829,0.1831,0.1829,0.1832,0.1829749215089923,0.183025,0.1829,0.1832,True,0.0003734462338527325,-2.749733127691131e-05,0,0.18337968550423914,0.18336083520885368,-6.41443203840268,-6.41443203840268,0.18276598216694231,0.1827697684414328,14.353944780156176,8.476085030749715,0,-1
2023-06-13 01:06:00,2023-06-13 01:08:59,0.1831,0.1831,0.183,0.1832,0.18299996075449615,0.1831,0.183,0.1832,True,0.00036105721714896637,-1.9855313744555556e-05,0,0.1833702603565464,0.18335102446389406,-4.655092933148865,-0.0,0.18276930572747024,0.1827730543275877,21.94489192009475,14.443029640531117,0,-1
2023-06-13 01:09:00,2023-06-13 01:11:59,0.1831,0.1829,0.1829,0.1832,0.18304998037724807,0.183025,0.1829,0.1832,True,0.00035669598735261126,-2.721487386535409e-05,0,0.18336064241022024,0.18334106352085455,-6.837621181309437,-6.837621181309437,0.18277184994908746,0.18277431746860673,26.77312030724019,21.023985669163732,0,-2
2023-06-13 01:12:00,2023-06-13 01:14:59,0.1829,0.1824,0.1821,0.1829,0.18303749018862403,0.182575,0.1821,0.18303749018862403,True,0.0003883605596845673,-6.446998006527482e-05,0,0.1833508529655374,0.18332796518991365,-13.232335446080711,-13.232335446080711,0.1827698912431264,0.1827705929166803,19.44942774842636,22.722479991920462,0,-2
2023-06-13 01:15:00,2023-06-13 01:17:59,0.1825,0.1827,0.1823,0.1827,0.182806245094312,0.18255,0.1823,0.182806245094312,True,0.00038919194827852753,-6.44183937701257e-05,0,0.18333940907772553,0.18331231511330723,-12.029669020414914,-12.029669020414914,0.18276770327055797,0.1827698904995989,7.81442251773732,18.012323524467984,0,-2
2023-06-13 01:18:00,2023-06-13 01:20:59,0.1826,0.1816,0.1816,0.1827,0.18267812254715599,0.182125,0.1816,0.1827,True,0.00043996395197291773,-0.00013614403196687944,0,0.18332586209551638,0.18329184745358928,-17.78126966152115,-17.78126966152115,0.1827613082131395,0.18275824979811037,8.052817671947803e-14,9.087950088721282,0,-2
2023-06-13 01:21:00,2023-06-13 01:23:59,0.1816,0.181,0.181,0.1823,0.18240156127357798,0.18147500000000003,0.181,0.18240156127357798,True,0.0005013950982605661,-0.0002165475180271779,0,0.18330885477455283,0.18326326761546768,-23.284566797591012,-23.284566797591012,0.18274850912644158,0.1827407547752436,8.052817671947803e-14,2.6048075059125226,0,-2
2023-06-13 01:24:00,2023-06-13 01:26:59,0.181,0.1822,0.181,0.1822,0.18193828063678902,0.1816,0.181,0.1822,True,0.0005512954483848119,-0.0001751694275475531,0,0.18328606119501026,0.18322935472325552,-16.638753076374144,-16.638753076374144,0.1827370811749347,0.1827353741307138,4.464868625058089,1.4882895416861122,0,-1
2023-06-13 01:27:00,2023-06-13 01:29:59,0.1822,0.182,0.1819,0.1823,0.18176914031839453,0.1821,0.1819,0.1823,True,0.0005404886306430384,-0.00015262762074272698,0,0.18325770795913288,0.18319490629029084,-13.271892223641913,-13.271892223641913,0.1827307420587662,0.18272805697518432,25.580040883170412,10.014969836076222,0,-1
2023-06-13 01:30:00,2023-06-13 01:32:59,0.182,0.1815,0.1815,0.1824,0.18193457015919728,0.18184999999999998,0.1815,0.1824,True,0.0005661680141685365,-0.00016359836969561948,0,0.18322630712471186,0.1831585573093441,-13.493946329887812,-13.493946329887812,0.1827219784561914,0.18271583750279444,42.57060932911289,24.205172945780493,0,-2
2023-06-13 01:33:00,2023-06-13 01:35:59,0.1815,0.1815,0.1813,0.1815,0.18189228507959865,0.18145,0.1813,0.18189228507959865,True,0.0005400131560136415,-0.00016119063393695623,0,0.18319243221702797,0.18311821698088454,-13.641982400718412,-13.641982400718412,0.18270932195413975,0.1827037396171945,49.380611374584646,39.17708719562268,0,-2
2023-06-13 01:36:00,2023-06-13 01:38:59,0.1815,0.1816,0.1811,0.182,0.18167114253979932,0.18155,0.1811,0.182,True,0.0005657265020126659,-0.00014312108944953205,0,0.18315532459895625,0.18307569712035884,-12.744448124240634,-12.744448124240634,0.18269778641230752,0.18269275713344132,42.50801388278183,44.819744862159816,0,-1
2023-06-13 01:39:00,2023-06-13 01:41:59,0.1816,0.1817,0.1815,0.1819,0.18161057126989966,0.18167499999999998,0.1815,0.1819,True,0.0005538888947260477,-0.00011550332476189363,0,0.18311551085965755,0.18303261066330442,-11.067028897770093,-11.067028897770093,0.18268760943308057,0.18268287895300908,43.4650980467023,45.11790776802295,0,-1
2023-06-13 01:42:00,2023-06-13 01:44:59,0.1817,0.1832,0.1816,0.1834,0.18164278563494982,0.182475,0.1816,0.1834,True,0.0006428968308170441,1.3236252162679646e-05,0,0.18307406076148097,0.18299486259050649,-0.5462742660352831,-0.0,0.1826854939163335,0.18268802443606372,65.52356070950587,50.49889087966337,0,-1
2023-06-13 01:45:00,2023-06-13 01:47:59,0.1831,0.1842,0.1831,0.1844,0.1820588928174749,0.1837,0.1831,0.1844,True,0.0006898327714729692,0.00016726670750071297,1,0.18303446167599371,0.1829699812598439,9.232128962118466,9.232128962118466,0.1826955885042307,0.1827030689690382,84.61431927652968,64.53432601091265,0,2
2023-06-13 01:48:00,2023-06-13 01:50:59,0.1842,0.1839,0.1839,0.1845,0.18287944640873743,0.184125,0.1839,0.1845,True,0.000683416144939185,0.00024131689120191716,0,0.1830022214679188,0.18295831667011234,13.337613559131604,13.337613559131604,0.1827098115041886,0.18271497873054032,100.00000000000007,83.37929332867857,1,2
2023-06-13 01:51:00,2023-06-13 01:53:59,0.1839,0.1831,0.1823,0.184,0.1835022232043687,0.18332500000000002,0.1823,0.184,True,0.0007560292774435294,0.0002256529777420032,0,0.18298026906901557,0.18295164889418225,10.654994987192403,10.654994987192403,0.1827159327827539,0.18271880978794788,92.23223458355433,92.28218462002805,0,2
2023-06-13 01:54:00,2023-06-13 01:56:59,0.1831,0.1835,0.183,0.1836,0.18341361160218436,0.18330000000000002,0.183,0.1836,True,0.0007448843290547071,0.00023460673312552922,0,0.18296595898159893,0.18294878936634584,10.654777755933935,10.654777755933935,0.18272174439685585,0.18272658282488372,84.24502629325077,92.15908695893508,0,2
2023-06-13 01:57:00,2023-06-13 01:59:59,0.1835,0.1834,0.1834,0.1838,0.1833568058010922,0.183525,0.1834,0.1838,True,0.0007202497341222268,0.00022440581398796994,0,0.1829573741739724,0.18295049145769696,9.95215432445412,9.95215432445412,0.18272973698992195,0.18273328349329282,77.8383761686036,84.77187901513626,0,2
2023-06-13 02:00:00,2023-06-13 02:02:59,0.1834,0.1827,0.1827,0.1834,0.1834409029005461,0.18305,0.1827,0.1834409029005461,True,0.0007188033245420682,0.00016076957787398603,0,0.1829539328158347,0.18295251426061182,5.074743403839243,5.074743403839243,0.18273292368653965,0.18273295231425507,74.91738457353001,79.00026234512815,0,1
2023-06-13 02:03:00,2023-06-13 02:05:59,0.1826,0.1826,0.1824,0.1831,0.18324545145027304,0.18267500000000003,0.1824,0.18324545145027304,True,0.0007174602299319209,0.00010632328689078293,0,0.18295322353822327,0.1829522027846178,1.2598803771014673,0.0,0.1827323473314497,0.18273162940565552,67.98716675394205,73.58097583202526,0,1
2023-06-13 02:06:00,2023-06-13 02:08:59,0.1826,0.1829,0.1826,0.183,0.18296022572513654,0.18277500000000002,0.1826,0.183,True,0.0006947844992224968,8.751808649849681e-05,0,0.18295271316142053,0.1829507417578258,0.9402851550022007,0.0,0.18273277173611188,0.18273330473495247,58.48716763705511,67.13057298817576,0,1
2023-06-13 02:09:00,2023-06-13 02:11:59,0.1829,0.1827,0.1827,0.1831,0.18286761286256828,0.18285,0.1827,0.1831,True,0.0006737284635637478,5.817165638913819e-05,0,0.18295172745962318,0.18294890028556365,-0.7228905895994444,-0.0,0.18273393818649883,0.18273297334455493,54.07324322137989,60.18252587079238,0,1
2023-06-13 02:12:00,2023-06-13 02:14:59,0.1827,0.1828,0.1826,0.1828,0.18285880643128416,0.182725,0.1826,0.18285880643128416,True,0.0006398907161663357,4.380404783675247e-05,0,0.18295031387259345,0.18294591428743232,-0.9428948181720003,-0.0,0.18273384924931974,0.18273364027644992,52.49379750432336,55.01806945425282,0,1
2023-06-13 02:15:00,2023-06-13 02:17:59,0.1828,0.1824,0.1821,0.1828,0.1827919032156421,0.182525,0.1821,0.1828,True,0.0006441842364401674,5.408551160165196e-06,0,0.18294811408001288,0.1829406754704649,-4.192252065181755,-0.0,0.18273177114733646,0.18273032047270416,48.453182603182064,51.673407776295136,-1,1
2023-06-13 02:18:00,2023-06-13 02:20:59,0.1825,0.1828,0.1825,0.1829,0.18265845160782104,0.18267499999999998,0.1825,0.1829,True,0.0006338853624087269,8.050481275840272e-06,0,0.18294439477523888,0.18293472809676006,-2.5789561803737655,-0.0,0.1827312062602983,0.18273101380133397,44.010905442861485,48.319295183455665,1,2
2023-06-13 02:21:00,2023-06-13 02:23:59,0.1828,0.1827,0.1826,0.1828,0.18266672580391052,0.182725,0.1826,0.1828,True,0.0006028935508081019,2.8068888613668003e-06,0,0.18293956143599946,0.18292860672983458,-2.3994320916636838,-0.0,0.18273114450646447,0.1827307052062958,31.683948223645945,41.38267875656319,-1,1
2023-06-13 02:24:00,2023-06-13 02:26:59,0.1826,0.1826,0.1824,0.1829,0.18269586290195527,0.18262500000000004,0.1824,0.1829,True,0.0005955440114646661,-7.304091339910824e-06,0,0.182934084082917,0.18292170426956333,-3.236932100496688,-0.0,0.18273008834222104,0.18272940465697943,20.51986097073182,32.071571545746444,0,1
2023-06-13 02:27:00,2023-06-13 02:29:59,0.1826,0.1828,0.1826,0.1828,0.18266043145097766,0.1827,0.1826,0.1828,True,0.0005672908677886169,4.7532924790384115e-07,0,0.18292789417624014,0.18291474878698571,-1.49548886263959,-0.0,0.18272978895573128,0.1827301070982035,10.87206601455329,21.025291736310376,0,2
2023-06-13 02:30:00,2023-06-13 02:32:59,0.1828,0.1828,0.1827,0.1831,0.18268021572548881,0.18285,0.1827,0.1831,True,0.0005553415200894308,5.75709974110837e-06,0,0.18292132148161291,0.1829088284411005,-0.33452670406818896,-0.0,0.182730985085525,0.18273080254996268,20.21603315981135,17.202653381698845,0,2
2023-06-13 02:33:00,2023-06-13 02:35:59,0.1829,0.1833,0.1829,0.1835,0.1827651078627444,0.18314999999999998,0.1829,0.1835,True,0.000565674268654472,4.346323721265585e-05,0,0.1829150749613567,0.18290582200452124,5.423875991895798,5.423875991895798,0.18273515438815657,0.18273646620618197,44.33209973721703,25.14006630386058,1,2
2023-06-13 02:36:00,2023-06-13 02:38:59,0.1832,0.1831,0.183,0.1832,0.1829575539313722,0.183125,0.183,0.1832,True,0.0005466975351791521,5.236883150991597e-05,0,0.18291044848293897,0.18290495880999644,6.360894788907245,6.360894788907245,0.18273903344897094,0.18274008345786175,65.25892084567407,43.269017914234176,0,2
2023-06-13 02:39:00,2023-06-13 02:41:59,0.1831,0.1832,0.1831,0.1832,0.18304127696568612,0.18315,0.1831,0.1832,True,0.0005147905683806405,6.274007842479639e-05,0,0.1829077036464677,0.18290596045403268,7.993266289801625,7.993266289801625,0.18274312266838416,0.18274465974186313,84.5108173660437,64.70061264964495,0,2
2023-06-13 02:42:00,2023-06-13 02:44:59,0.1832,0.1833,0.1832,0.1833,0.18309563848284305,0.18325,0.1832,0.1833,True,0.0004851626706391654,7.349083402212452e-05,0,0.18290683205025016,0.18290910953258585,10.113572970395161,10.113572970395161,0.18274816622392262,0.18275018551557592,91.50610218422757,80.42528013198181,0,2
2023-06-13 02:45:00,2023-06-13 02:47:59,0.1832,0.1834,0.1831,0.1834,0.18317281924142154,0.18327500000000002,0.1831,0.1834,True,0.00047193676559351036,8.388428157911621e-05,0,0.182907970791418,0.18291409922199506,12.56688937458545,12.56688937458545,0.18275340835104778,0.18275665133134134,99.7720346194642,91.92965138991184,0,2
2023-06-13 02:48:00,2023-06-13 02:50:59,0.1835,0.1835,0.1833,0.1836,0.18322390962071078,0.183475,0.1833,0.1836,True,0.0004596555680511184,9.34431200367091e-05,0,0.1829110350067065,0.18292187601539273,15.23278186697496,15.23278186697496,0.18276058836745526,0.1827640478355071,100.0000000000001,97.09271226789731,0,2
2023-06-13 02:51:00,2023-06-13 02:53:59,0.1835,0.1835,0.1833,0.1835,0.1833494548103554,0.18345,0.1833,0.1835,True,0.0004411087417617532,9.502348277029064e-05,0,0.1829164555110496,0.1829316222317014,17.010043528567962,17.010043528567962,0.1827674481846945,0.18277137074261648,98.58089283409954,99.45097581785463,0,2
2023-06-13 02:54:00,2023-06-13 02:56:59,0.1836,0.1837,0.1835,0.1837,0.18339972740517768,0.18362499999999998,0.1835,0.1837,True,0.0004238866887787712,0.00010493370698196495,0,0.18292403887137548,0.18294405280521578,20.303249554788877,20.303249554788877,0.18277598103857814,0.18278061083472974,98.58089283409954,99.05392855606641,0,2
2023-06-13 02:57:00,2023-06-13 02:59:59,0.1836,0.1835,0.1834,0.1836,0.18351236370258883,0.183525,0.1834,0.1836,True,0.00041503763958028716,9.218460102634955e-05,0,0.18293404583829562,0.1829578253987359,17.244678781676896,17.244678781676896,0.18278343396356742,0.1827877689358767,92.84122683267867,96.66767083362593,0,1
2023-06-13 03:00:00,2023-06-13 03:02:59,0.1836,0.1837,0.1833,0.1837,0.1835186818512944,0.183575,0.1833,0.1837,True,0.0004139635224674103,9.263601926091713e-05,0,0.18294593561851574,0.18297290313257944,17.763818081279524,17.763818081279524,0.1827913102425369,0.18279684586188788,90.42093022314437,93.94768329664088,0,2
2023-06-13 03:03:00,2023-06-13 03:05:59,0.1836,0.1835,0.1833,0.1836,0.18354684092564721,0.1835,0.1833,0.1836,True,0.00041296612800545326,7.402189881567755e-05,0,0.18295941937554758,0.1829883903835295,13.717194300014263,13.717194300014263,0.18279836188191464,0.18280384242047606,81.99696238312072,88.41970647964793,0,1
2023-06-13 03:06:00,2023-06-13 03:08:59,0.1836,0.1836,0.1834,0.1836,0.1835234204628236,0.18355,0.1834,0.1836,True,0.00039775426171934986,6.436763648670266e-05,0,0.18297390487953852,0.183004436844339,12.544153779217865,12.544153779217865,0.18280584086816426,0.18281176438644148,80.93209295364566,84.44999518663694,0,1
2023-06-13 03:09:00,2023-06-13 03:11:59,0.1835,0.1834,0.1832,0.1838,0.1835367102314118,0.183475,0.1832,0.1838,True,0.0004122003858822527,4.026313479709985e-05,0,0.18298917086193875,0.18302029889945773,7.782594442935512,7.782594442935512,0.18281249916798353,0.18281761747712366,70.22459705894302,77.71788413190315,0,1
2023-06-13 03:12:00,2023-06-13 03:14:59,0.1835,0.1834,0.1832,0.1836,0.18350585511570588,0.183425,0.1832,0.1836,True,0.0004113289297478069,2.154690392359483e-05,0,0.18300473488069824,0.18303556388693915,4.608221552080607,4.608221552080607,0.1828185937036255,0.18282341232809757,50.24559576849051,67.13409526035976,0,1
2023-06-13 03:15:00,2023-06-13 03:17:59,0.1833,0.1836,0.1833,0.1836,0.18346542755785294,0.18345,0.1833,0.1836,True,0.0004033768633372508,2.083378274520689e-05,0,0.1830201493838187,0.1830504255914095,6.323240297298909,6.323240297298909,0.18282487635334066,0.18283113956861402,31.236105901538405,50.56876624299067,0,1
2023-06-13 03:18:00,2023-06-13 03:20:59,0.1837,0.1835,0.1833,0.1838,0.18345771377892647,0.183575,0.1833,0.1838,True,0.00041027851595601866,1.1186797875267833e-05,0,0.18303528748761408,0.18306572545416464,5.124056244969481,5.124056244969481,0.18283234027022285,0.1828377948962895,32.08670850594092,37.8561367253233,0,1
2023-06-13 03:21:00,2023-06-13 03:23:59,0.1835,0.183,0.1829,0.1835,0.18351635688946322,0.183225,0.1829,0.18351635688946322,True,0.000423830050530588,-3.1249909012305246e-05,0,0.18305050647088936,0.18307886393647674,-2.946569449493687,-0.0,0.18283624733221068,0.18283940887742095,27.156344303083756,30.15971957018772,0,1
2023-06-13 03:24:00,2023-06-13 03:26:59,0.1831,0.1828,0.1828,0.1833,0.1833706784447316,0.183,0.1828,0.1833706784447316,True,0.0004292707612069746,-7.235840458651307e-05,0,0.18306468520368305,0.18308866686552536,-10.034186421279884,-10.034186421279884,0.18283787671198967,0.1828390167492874,19.637036267598454,26.293363025541066,0,1
2023-06-13 03:27:00,2023-06-13 03:29:59,0.1829,0.1826,0.1824,0.1829,0.1831853392223658,0.18270000000000003,0.1824,0.1831853392223658,True,0.00043432284969219075,-0.00011064434715993943,0,0.1830766760346042,0.18309371811247427,-16.18501505304137,-16.18501505304137,0.1828365048044077,0.18283663847317508,9.947598300641403e-14,15.59779352356079,0,-2
2023-06-13 03:30:00,2023-06-13 03:32:59,0.1827,0.1828,0.1825,0.183,0.1829426696111829,0.18275000000000002,0.1825,0.183,True,0.00043901407471417717,-0.00011777724686606295,0,0.18308519707353924,0.1830953367229368,-15.943114139580572,-15.943114139580572,0.18283564406008523,0.18283627391125293,1.9469454939907742,7.194660587196464,-1,-2
2023-06-13 03:33:00,2023-06-13 03:35:59,0.1828,0.1829,0.1828,0.1829,0.18284633480559148,0.18285,0.1828,0.1829,True,0.0004147987836631657,-0.00011111335152850881,0,0.183090266898238,0.18309492779551065,-13.805644056563857,-13.805644056563857,0.1828357869052585,0.18283690800168823,7.793428053195906,3.246791182395615,0,-2
2023-06-13 03:36:00,2023-06-13 03:38:59,0.1828,0.183,0.1828,0.1831,0.18284816740279575,0.182925,0.1828,0.1831,True,0.00040659887054436976,-9.56471915917286e-05,0,0.18309259734687433,0.18309343995868277,-10.435416549413844,-10.435416549413844,0.1828366745977435,0.18283853080764156,17.19779863966069,8.979390728949145,0,-1
2023-06-13 03:39:00,2023-06-13 03:41:59,0.1831,0.1824,0.1823,0.1831,0.18288658370139788,0.18272500000000003,0.1823,0.1831,True,0.00043469895121977354,-0.00012302833847187215,0,0.18309301865277855,0.18308974068434533,-14.575114402619192,-14.575114402619192,0.1828355634077162,0.18283416731701826,18.340439871347282,14.443888854734647,0,-2
2023-06-13 03:42:00,2023-06-13 03:44:59,0.1825,0.1827,0.1825,0.1827,0.18280579185069895,0.18259999999999998,0.1825,0.18280579185069895,True,0.0004250775975612179,-0.00011496707493868723,0,0.18309137966856195,0.18308346807772738,-12.505013359363709,-12.505013359363709,0.18283321949321157,0.18283283231883898,12.49395731214215,16.010731941050064,0,-2
2023-06-13 03:45:00,2023-06-13 03:47:59,0.1826,0.183,0.1826,0.1832,0.18270289592534947,0.18285,0.1826,0.1832,True,0.00043757205487827305,-8.416544103575466e-05,0,0.18308742387314467,0.1830769277711261,-7.3764158478559665,-7.3764158478559665,0.18283338646342837,0.18283449567885054,13.94763254731842,14.92734324360264,0,-1
2023-06-13 03:48:00,2023-06-13 03:50:59,0.1829,0.183,0.1829,0.183,0.18277644796267473,0.18295,0.1829,0.183,True,0.0004134597652441099,-6.0478407663228884e-05,0,0.1830821758221354,0.18307090768225048,-3.957350840184141,-3.957350840184141,0.1828345467971256,0.18283614248801622,25.763943704779688,17.40184452141344,0,-1
2023-06-13 03:51:00,2023-06-13 03:53:59,0.1829,0.183,0.1829,0.1832,0.18286322398133736,0.183,0.1829,0.1832,True,0.00040535549629810167,-4.235594052765253e-05,0,0.18307654175219296,0.1830656815218338,-1.677974168402919,-0.0,0.18283619309765173,0.18283777291102102,42.65293457898015,27.454836943692772,0,-1
2023-06-13 03:54:00,2023-06-13 03:56:59,0.183,0.1833,0.1829,0.1834,0.18293161199066868,0.18314999999999998,0.1829,0.1834,True,0.0004121158179910944,-8.00421647051636e-06,0,0.1830711116370134,0.1830621454434143,3.764796535878297,0.0,0.1828393155543915,0.18284237218553823,54.463311112012654,40.96006313192419,0,-1
2023-06-13 03:57:00,2023-06-13 03:59:59,0.1834,0.1832,0.1832,0.1834,0.18304080599533434,0.18330000000000002,0.1832,0.1834,True,0.0003969646881345881,7.882393375766968e-06,0,0.18306662854021385,0.18306099339921494,5.435758480907019,5.435758480907019,0.18284389947922344,0.18284593067125426,67.55511524554662,54.89045364551316,0,-1
2023-06-13 04:00:00,2023-06-13 04:02:59,0.1831,0.1832,0.1829,0.1835,0.18317040299766718,0.183175,0.1829,0.1835,True,0.00041146721041068816,1.7961738909158736e-05,0,0.1830638109697144,0.18306086859323834,6.549733110926169,6.549733110926169,0.1828471940117685,0.18284945374915224,77.59318094740547,66.53720243498827,0,2
2023-06-13 04:03:00,2023-06-13 04:05:59,0.1832,0.1834,0.1831,0.1834,0.18317270149883358,0.18327500000000002,0.1831,0.1834,True,0.0004035052668099243,3.751892867277967e-05,0,0.18306233978147637,0.18306223950178685,10.141707003257622,10.141707003257622,0.1828514507877708,0.18285493182129997,86.21744235281028,77.12191284858748,1,2
2023-06-13 04:06:00,2023-06-13 04:08:59,0.1834,0.1834,0.1833,0.1835,0.1832238507494168,0.1834,0.1833,0.1835,True,0.00038896917632350156,4.855021585353927e-05,0,0.18306228964163163,0.18306563622394229,12.536356264811921,12.536356264811921,0.1828569089888875,0.18286035538526713,91.55307366947112,85.12123232322898,0,2
2023-06-13 04:09:00,2023-06-13 04:11:59,0.1834,0.1843,0.1834,0.1845,0.18331192537470842,0.1839,0.1834,0.1845,True,0.0004397570923003936,0.00011520898379162709,0,0.18306396293278696,0.1830740351100033,20.377141216127853,20.377141216127853,0.18286728800392346,0.18287468020730427,97.95935042674512,91.90995548300886,0,2
2023-06-13 04:12:00,2023-06-13 04:14:59,0.1842,0.184,0.184,0.1842,0.1836059626873542,0.1841,0.184,0.1842,True,0.0004297744428503651,0.00013236596769347392,0,0.18306899902139515,0.18308768682228804,20.252940252543326,20.252940252543326,0.1828795537949292,0.1828858774191719,100.0000000000001,96.50414136540547,0,2
2023-06-13 04:15:00,2023-06-13 04:17:59,0.1841,0.184,0.184,0.1843,0.1838529813436771,0.1841,0.184,0.1843,True,0.0004205048397896244,0.00013710354016129662,0,0.1830783429218416,0.1831053804563353,20.17013961015364,20.17013961015364,0.18289169753826323,0.18289696321599605,100.0000000000001,99.3197834755818,0,2
2023-06-13 04:18:00,2023-06-13 04:20:59,0.184,0.1842,0.184,0.1843,0.18397649067183858,0.184125,0.184,0.1843,True,0.00041189735123322224,0.00014708931881541278,0,0.18309186168908845,0.1831263064532518,21.633571832501445,21.633571832501445,0.18290396920454918,0.1829099287561354,100.0000000000001,100.00000000000013,0,2
2023-06-13 04:21:00,2023-06-13 04:23:59,0.1842,0.1843,0.1842,0.1845,0.1840507453359193,0.1843,0.1842,0.1845,True,0.00040390468328799174,0.00015292259366213445,0,0.18310908407117013,0.18315083442370067,23.317434046637686,23.317434046637686,0.18291786005823527,0.1829237603108007,100.0000000000001,100.00000000000013,0,2
2023-06-13 04:24:00,2023-06-13 04:26:59,0.1844,0.1846,0.1844,0.1848,0.18417537266795964,0.18455,0.1844,0.1848,True,0.00041076863448170664,0.00016927386171755704,0,0.18312995924743541,0.18317974523114702,26.23655325266789,26.23655325266789,0.1829341002566608,0.18294043931268328,100.0000000000001,100.00000000000013,0,2
2023-06-13 04:27:00,2023-06-13 04:29:59,0.1846,0.1847,0.1845,0.1848,0.1843626863339798,0.18464999999999998,0.1845,0.1848,True,0.0004028565891615843,0.0001777005445932076,0,0.18315485223929123,0.18321259442444598,28.68836580750201,28.68836580750201,0.18295117388594775,0.18295794737922375,100.0000000000001,100.00000000000013,0,2
2023-06-13 04:30:00,2023-06-13 04:32:59,0.1848,0.1842,0.1842,0.1849,0.18450634316698988,0.184525,0.1842,0.1849,True,0.00042408111850718587,0.00013919241921605055,0,0.1831837233318686,0.18324746132329064,20.938283332851867,20.938283332851867,0.1829668338472816,0.1829703061117688,94.51060877402075,98.17020292467367,0,1
2023-06-13 04:33:00,2023-06-13 04:35:59,0.1841,0.1842,0.1841,0.1843,0.18451567158349494,0.184175,0.1841,0.18451567158349494,True,0.00040807532432809957,0.00010612690112136449,0,0.18321559232757964,0.18328127617968265,15.771561683085096,15.771561683085096,0.18297885540104,0.1829825418718507,72.94199530092892,89.15086802498327,0,1
2023-06-13 04:36:00,2023-06-13 04:38:59,0.1843,0.1842,0.1841,0.1844,0.18434533579174747,0.18425,0.1841,0.1844,True,0.0004003556583046635,7.789150111706225e-05,0,0.18324843425363113,0.1833145453295372,12.327080583240587,12.327080583240587,0.18299150360600477,0.18299465588307606,53.17346783674075,73.54202397056348,0,1
2023-06-13 04:39:00,2023-06-13 04:41:59,0.1843,0.1844,0.1841,0.1845,0.18429766789587373,0.18432500000000002,0.1841,0.1845,True,0.00040033025414004355,6.763374807243852e-05,0,0.18328148979158415,0.18334767115880835,12.835727980504828,12.835727980504828,0.18300477222684056,0.18300863940662754,40.70053711147867,55.60533341638279,0,1
2023-06-13 04:42:00,2023-06-13 04:44:59,0.1844,0.1846,0.1843,0.1846,0.18431133394793686,0.184475,0.1843,0.1846,True,0.00039316380741575435,6.934922385503381e-05,0,0.18331458047519625,0.18338148603187907,15.400765906029065,15.400765906029065,0.1830194013589118,0.18302447384039244,46.19760525345595,46.690536733891804,0,2
2023-06-13 04:45:00,2023-06-13 04:47:59,0.1845,0.1843,0.1842,0.1845,0.18439316697396843,0.184375,0.1842,0.1845,True,0.00039365210688605646,4.432979973185053e-05,0,0.18334803325353766,0.18341492528164227,11.243807262476004,11.243807262476004,0.18303288990260422,0.1830371656429756,41.79542934933839,42.897857238091014,0,1
2023-06-13 04:48:00,2023-06-13 04:50:59,0.1843,0.1841,0.1841,0.1844,0.1843840834869842,0.184225,0.1841,0.1844,True,0.00038696267067990915,9.933533161258579e-06,0,0.18338147926758996,0.18344681021219927,5.536366955191646,0.0,0.18304475169461812,0.18304774110921465,26.424417967246473,38.13915085668028,0,1
2023-06-13 04:51:00,2023-06-13 04:53:59,0.1841,0.1843,0.1841,0.1844,0.1843045417434921,0.184225,0.1841,0.1844,True,0.00038075105134562954,-1.568473509980055e-06,0,0.18341414473989462,0.18347725265178225,4.83188361168876,0.0,0.18305649545885078,0.18306020139668516,9.16262996502769,25.794159093870864,0,1
2023-06-13 04:54:00,2023-06-13 04:56:59,0.1843,0.1845,0.1843,0.1845,0.18426477087174603,0.1844,0.1843,0.1845,True,0.00036784026196379926,2.250337087546109e-06,0,0.18344569869583843,0.18350755122667325,6.947144614854999,0.0,0.18306986366324032,0.183074527750947,6.670135185368848,14.085727705881018,0,2
2023-06-13 04:57:00,2023-06-13 04:59:59,0.1845,0.1845,0.1844,0.1845,0.18433238543587302,0.184475,0.1844,0.1845,True,0.0003487088146806699,2.0851085175676307e-06,0,0.18347662496125583,0.18353804323519518,8.35731861696582,0.0,0.1830838451193275,0.1830887115544202,16.032687981741564,10.621817710712714,0,1
2023-06-13 05:00:00,2023-06-13 05:02:59,0.1846,0.1845,0.1844,0.1847,0.1844036927179365,0.18455,0.1844,0.1847,True,0.0003452296136320503,-6.519091677824047e-07,0,0.18350733409822548,0.18356899290752926,9.297434618373032,0.0,0.18309843372510531,0.1831027542255205,28.066012820941037,16.922945329350497,0,1
2023-06-13 05:03:00,2023-06-13 05:05:59,0.1845,0.1848,0.1845,0.1848,0.18447684635896824,0.18464999999999998,0.1845,0.1848,True,0.0003419989269440463,1.564371217679754e-05,0,0.18353816350287736,0.18360077666048163,13.825255794802437,13.825255794802437,0.18311387219550226,0.183119642243177,36.90321543398869,27.00063874555711,0,2
2023-06-13 05:06:00,2023-06-13 05:08:59,0.1849,0.1849,0.1847,0.185,0.1845634231794841,0.184875,0.1847,0.185,True,0.00033899900359089975,2.9773050675151115e-05,0,0.18356947008167948,0.18363454275990396,17.816537879707695,17.816537879707695,0.1831313958552485,0.18313735724573246,50.0565854310874,38.34193789533906,0,2
2023-06-13 05:09:00,2023-06-13 05:11:59,0.1848,0.1849,0.1848,0.1851,0.18471921158974206,0.1849,0.1848,0.1851,True,0.0003362133604772637,3.496169061599437e-05,0,0.1836020064207917,0.18366980942987862,20.477392602977858,20.477392602977858,0.18314899390644007,0.18315489597960577,69.07740825762549,52.012403040900544,0,2
2023-06-13 05:12:00,2023-06-13 05:14:59,0.1849,0.185,0.1849,0.1851,0.18480960579487105,0.184975,0.1849,0.1851,True,0.00032648383472888613,4.093699844619442e-05,0,0.18363590792533513,0.18370653012250102,23.333597494501532,23.333597494501532,0.18316716312130135,0.1831732552235898,86.9034037925424,68.67913249375178,0,2
2023-06-13 05:15:00,2023-06-13 05:17:59,0.1849,0.1846,0.1846,0.1851,0.18489230289743552,0.18480000000000002,0.1846,0.1851,True,0.0003388778465339657,1.2800081819909937e-05,0,0.18367121902391806,0.18374294294827062,14.916329912256543,14.916329912256543,0.18318341025442272,0.1831874516890267,80.77083720417278,78.91721641811357,0,1
2023-06-13 05:18:00,2023-06-13 05:20:59,0.1846,0.1847,0.1846,0.1848,0.18484615144871777,0.18467499999999998,0.1846,0.18484615144871777,True,0.00032895800035296854,-1.8633258420515885e-06,0,0.1837070809860943,0.18377800592466026,11.124709976603,0.0,0.18319825194343345,0.18320250192097667,55.16305134281382,74.27909744650968,0,1
2023-06-13 05:21:00,2023-06-13 05:23:59,0.1847,0.1847,0.1846,0.1848,0.1847605757243589,0.1847,0.1846,0.1848,True,0.0003197467146134712,-1.4011441118044028e-05,0,0.18374254345537727,0.18381193711242047,8.596963352833967,0.0,0.18321319471016545,0.18321740239937492,28.647923779191093,54.860604108725916,0,1
2023-06-13 05:24:00,2023-06-13 05:26:59,0.1847,0.1845,0.1845,0.1849,0.18473028786217943,0.18464999999999998,0.1845,0.1849,True,0.0003254790921410812,-3.767932717600286e-05,0,0.18377724028389886,0.18384440137782743,2.7631044636732582,0.0,0.18322749128021357,0.18323016456455526,14.536404445699425,32.782459855901465,0,1
2023-06-13 05:27:00,2023-06-13 05:29:59,0.1845,0.1842,0.1841,0.1845,0.1846901439310897,0.18432500000000002,0.1841,0.1846901439310897,True,0.0003308020141310028,-7.452808349660202e-05,0,0.18381082083086311,0.18387325813993805,-5.167063220277768,-5.167063220277768,0.18323841176498756,0.18323981466839054,9.090042641320816,17.424790288737128,0,1
2023-06-13 05:30:00,2023-06-13 05:32:59,0.1843,0.1846,0.1843,0.1846,0.18450757196554485,0.18445,0.1843,0.1846,True,0.00033574472740735854,-7.012256347712568e-05,0,0.18384203948540057,0.18389993433419022,-2.8622956017662844,-0.0,0.18325046736931605,0.1832533488507946,7.185102020228513,10.270516369082936,0,1
2023-06-13 05:33:00,2023-06-13 05:35:59,0.1847,0.1847,0.1845,0.1847,0.18447878598277243,0.18465,0.1845,0.1847,True,0.0003260486754496905,-5.969963252931481e-05,0,0.1838709869097954,0.1839260829376636,0.08564964483341697,0.0,0.1832643930671338,0.18326774338959267,16.87396123720014,11.049701966249842,0,2
2023-06-13 05:36:00,2023-06-13 05:38:59,0.1847,0.1849,0.1846,0.1849,0.18456439299138622,0.18477500000000002,0.1846,0.1849,True,0.0003241880557747142,-3.889961789319376e-05,0,0.18389853492372948,0.18395249439091169,4.603539151777255,0.0,0.18327942398188868,0.1832839847489002,32.79274839327156,18.950603883566757,0,2
2023-06-13 05:39:00,2023-06-13 05:41:59,0.1849,0.1847,0.1847,0.185,0.18466969649569312,0.18482500000000002,0.1847,0.185,True,0.00032246033750509137,-3.968944104322552e-05,0,0.18392551465732057,0.1839792746301522,3.9518234528854848,0.0,0.18329480284774052,0.18329807445289126,45.3453357280562,31.670681786175987,0,1
2023-06-13 05:42:00,2023-06-13 05:44:59,0.1848,0.1847,0.1847,0.1849,0.18474734824784655,0.18477500000000002,0.1847,0.1849,True,0.00031371317054044236,-4.0623208986157095e-05,0,0.1839523946437364,0.18400581842310382,3.5173463202909687,0.0,0.18330953117761375,0.1833120239608227,48.330852019322975,42.15631204688359,0,1
2023-06-13 05:45:00,2023-06-13 05:47:59,0.1848,0.185,0.1847,0.185,0.1847611741239233,0.184875,0.1847,0.185,True,0.0003127336583589818,-2.0970365191268648e-05,0,0.1839791065334201,0.18403268004792778,7.516051321949753,0.0,0.18332510798181662,0.18332881974230705,50.69367856167984,48.123288769686354,0,2
2023-06-13 05:48:00,2023-06-13 05:50:59,0.1849,0.1849,0.1847,0.1849,0.18481808706196165,0.18485000000000001,0.1847,0.1849,True,0.00031182411133333983,-1.628435338165183e-05,0,0.18400589329067393,0.18405943607812073,8.041224365533282,0.0,0.18334028103672392,0.18334445337671196,50.14345016563152,49.72266024887813,0,2
2023-06-13 05:51:00,2023-06-13 05:53:59,0.1849,0.1853,0.1849,0.1854,0.18483404353098082,0.18512499999999998,0.1849,0.1854,True,0.00032526524623810134,1.2827051999284305e-05,0,0.18403266468439733,0.18408781219054968,12.754444705035901,12.754444705035901,0.18335803943436846,0.18336391155206805,60.6370839841413,53.82473757048424,0,2
2023-06-13 05:54:00,2023-06-13 05:56:59,0.1853,0.1855,0.1853,0.1857,0.1849795217654904,0.18545,0.1853,0.1857,True,0.00033060344293538065,4.268795150967695e-05,0,0.18406023843747352,0.18411949896043422,17.390102996766103,17.390102996766103,0.18337885496238468,0.18338516616349027,75.68880361904634,62.156445922939746,0,2
2023-06-13 05:57:00,2023-06-13 05:59:59,0.1855,0.1853,0.1853,0.1855,0.1852147608827452,0.1854,0.1853,0.1855,True,0.0003212746255828539,4.4194462427749634e-05,0,0.18408986869895388,0.18415323177610365,16.341649939753196,16.341649939753196,0.18339896585828136,0.18340421923649036,89.35291422454536,75.22626727591103,0,2
2023-06-13 06:00:00,2023-06-13 06:02:59,0.1854,0.1856,0.1854,0.1857,0.1853073804413726,0.185525,0.1854,0.1857,True,0.0003268978666126509,6.151491392504527e-05,0,0.18412155023752877,0.18418920164795247,18.333045746374538,18.333045746374538,0.18342012042685568,0.1834260678013014,97.24640135952036,87.42937306770405,0,2
2023-06-13 06:03:00,2023-06-13 06:05:59,0.1857,0.1859,0.1855,0.1861,0.18541619022068628,0.18580000000000002,0.1855,0.1861,True,0.00034640516185460365,8.818147667012378e-05,0,0.18415537594274062,0.18422857277074284,21.627532660773113,21.627532660773113,0.1834438008206183,0.18345068404208448,97.24640135952036,94.61523898119539,0,2
2023-06-13 06:06:00,2023-06-13 06:08:59,0.1859,0.186,0.1859,0.1864,0.18560809511034315,0.18605000000000002,0.1859,0.1864,True,0.000357376221722132,0.00010583505672453244,0,0.18419197435674173,0.18427206686041317,24.39428884542596,24.39428884542596,0.18346973315076143,0.18347605037002393,100.00000000000007,98.16426757301362,0,2
2023-06-13 06:09:00,2023-06-13 06:11:59,0.1859,0.1863,0.1859,0.1863,0.1858290475551716,0.18610000000000002,0.1859,0.1863,True,0.0003604207773134071,0.00013041035162998855,0,0.18423202060857746,0.18431885162836692,27.713854146469572,27.713854146469572,0.1834959049602066,0.18350414937131723,100.00000000000007,99.08213378650686,0,2
2023-06-13 06:12:00,2023-06-13 06:14:59,0.1863,0.186,0.1859,0.1863,0.18596452377758582,0.186125,0.1859,0.1863,True,0.00036324786464816256,0.00011700159448563448,0,0.1842754361184722,0.18436807770379968,24.044441185583196,24.044441185583196,0.18352206510985627,0.183528983705931,100.00000000000007,100.0000000000001,0,1
2023-06-13 06:15:00,2023-06-13 06:17:59,0.186,0.1863,0.186,0.1865,0.18604476188879293,0.1862,0.186,0.1865,True,0.000373015874316151,0.0001205888448764027,0,0.18432175691113595,0.1844194026743116,23.8252454429076,23.8252454429076,0.18354871122816616,0.1835565560073645,100.00000000000007,100.0000000000001,0,2
2023-06-13 06:18:00,2023-06-13 06:20:59,0.1863,0.1859,0.1859,0.1864,0.18612238094439648,0.186125,0.1859,0.1864,True,0.0003820861690078545,8.680659445619568e-05,0,0.18437057979272378,0.1844715133960401,17.73378936163192,17.73378936163192,0.18357434594231375,0.1835798738580375,94.59273435012386,98.19757811670803,0,1
2023-06-13 06:21:00,2023-06-13 06:23:59,0.1859,0.1855,0.1854,0.1859,0.18612369047219823,0.18567499999999998,0.1854,0.18612369047219823,True,0.0003905085855072935,3.023884684571587e-05,0,0.18442104659438194,0.18452079773169913,9.491770504228064,0.0,0.1835952479727385,0.18359897959079335,62.90543357074321,85.83272264028908,0,1
2023-06-13 06:24:00,2023-06-13 06:26:59,0.1855,0.1855,0.1854,0.1855,0.1858993452360991,0.185475,0.1854,0.1858993452360991,True,0.00036975797225677175,-1.1141443907462323e-05,0,0.18447092216304053,0.18456614647808114,3.9970912659588294,0.0,0.18361395197300975,0.18361789521675562,29.57210023740988,62.35675605275901,0,1
2023-06-13 06:27:00,2023-06-13 06:29:59,0.1855,0.1854,0.1854,0.1856,0.18568717261804957,0.185475,0.1854,0.18568717261804957,True,0.00035763240280985793,-4.768364101963871e-05,0,0.18451853432056084,0.18460808556672095,-0.7437397999574742,-0.0,0.1836324698638256,0.18363562760265856,1.646032553952755,31.37452212070197,0,1
2023-06-13 06:30:00,2023-06-13 06:32:59,0.1855,0.1857,0.1853,0.1858,0.18558108630902478,0.185575,0.1853,0.1858,True,0.0003678015168948681,-5.1950770142543856e-05,0,0.1845633099436409,0.1846477385674393,0.37151506880824314,0.0,0.18365179852189698,0.18365616862153758,2.980350655412446,11.399494482258383,0,1
2023-06-13 06:33:00,2023-06-13 06:35:59,0.1857,0.1859,0.1856,0.1859,0.18557804315451237,0.18577500000000002,0.1856,0.1859,True,0.00036295855140237914,-4.193181968214089e-05,0,0.1846055242555401,0.1846866918659984,3.4151723590546936,0.0,0.18367292490476367,0.1836784953019203,11.445487010274851,5.357290073213373,0,2
2023-06-13 06:36:00,2023-06-13 06:38:59,0.186,0.1859,0.1858,0.186,0.1856765215772562,0.185925,0.1858,0.186,True,0.00035131865487363816,-3.677213747150024e-05,0,0.18464610806076928,0.184725856182593,5.444277219218996,0.0,0.18369533361217896,0.1837005998262793,23.60371060690059,12.67651609086265,0,1
2023-06-13 06:39:00,2023-06-13 06:41:59,0.1859,0.1855,0.1853,0.1859,0.18580076078862812,0.18564999999999998,0.1853,0.1859,True,0.00036908160809695094,-6.235431542449813e-05,0,0.18468598212168114,0.18476303113385636,0.9375932718943361,0.0,0.1837147830289732,0.18371850430561978,22.073444425136913,19.040880680770808,0,1
2023-06-13 06:42:00,2023-06-13 06:44:59,0.1855,0.1857,0.1855,0.1857,0.18572538039431405,0.1856,0.1855,0.18572538039431405,True,0.0003570043503757406,-6.541879936227562e-05,0,0.18472450662776876,0.1847980417309309,0.8478532569214252,0.0,0.18373354140679438,0.18373822068068824,13.608308070274509,19.761821034104027,0,1
2023-06-13 06:45:00,2023-06-13 06:47:59,0.1856,0.1859,0.1856,0.186,0.18566269019715703,0.18577499999999997,0.1856,0.186,True,0.00036007546820604567,-5.368050952425115e-05,0,0.18476127417934984,0.18483230879290943,3.3044091908480624,0.0,0.1837538544276223,0.18375973092267145,6.335258289570535,14.005670261660674,0,2
2023-06-13 06:48:00,2023-06-13 06:50:59,0.1859,0.1857,0.1856,0.186,0.1857188450985785,0.18580000000000002,0.1856,0.186,True,0.00036292722047704323,-6.02397283324187e-05,0,0.18479679148612965,0.18486592688257755,1.9314049747723843,0.0,0.1837742140850589,0.18377903708264487,10.449691407593974,10.131085922479693,0,1
2023-06-13 06:51:00,2023-06-13 06:53:59,0.1858,0.1857,0.1856,0.1858,0.18575942254928926,0.18572499999999997,0.1856,0.1858,True,0.0003512895618715405,-6.45217147786924e-05,0,0.18483135918435362,0.18489828879617506,1.0160688307219274,0.0,0.1837936248901827,0.18379815114152404,12.991459575420352,9.925469757528306,0,-2
2023-06-13 06:54:00,2023-06-13 06:56:59,0.1857,0.1856,0.1854,0.1858,0.18574221127464463,0.18562499999999998,0.1854,0.1858,True,0.000354768878880715,-7.389094962111369e-05,0,0.18486482399026435,0.18492875357002853,-1.2415378094748064,-0.0,0.18381184752809132,0.18381607998588698,8.106285759498583,10.515812247504323,0,-2
2023-06-13 06:57:00,2023-06-13 06:59:59,0.1857,0.1857,0.1857,0.1857,0.1856836056373223,0.1857,0.1857,0.1857,True,0.00033657110181780796,-7.229366276081614e-05,0,0.18489678878014645,0.18495803027143268,-0.7467669196628819,-0.0,0.1838306351148765,0.18383482545866422,5.26429470935617,8.787346681425054,0,-2
2023-06-13 07:00:00,2023-06-13 07:02:59,0.1857,0.1855,0.1855,0.1857,0.18569180281866116,0.1856,0.1855,0.1857,True,0.00032681602311653636,-8.413129693174155e-05,0,0.18492740952578957,0.1849854846193894,-3.8542250109800946,-3.8542250109800946,0.18384824073562397,0.18385139435957304,2.7225265415297915,5.364369003461533,0,-2
2023-06-13 07:03:00,2023-06-13 07:05:59,0.1855,0.1855,0.1855,0.1856,0.18564590140933057,0.185525,0.1855,0.18564590140933057,True,0.00031061487860821154,-9.027189027286167e-05,0,0.18495644707258949,0.18501080126987754,-5.92586373852491,-5.92586373852491,0.1838649249074088,0.1838677983957962,2.7225265415297915,3.5697825974719364,0,-2
2023-06-13 07:06:00,2023-06-13 07:08:59,0.1856,0.1853,0.1853,0.1857,0.18558545070466528,0.185475,0.1853,0.1857,True,0.00031699953013619725,-0.00010602037524536637,0,0.1849836241712335,0.18503391814379613,-10.343377890940545,-10.343377890940545,0.18388094555509626,0.18388204915802708,7.460698725481052e-14,1.815017694353238,0,-2
2023-06-13 07:09:00,2023-06-13 07:11:59,0.1852,0.185,0.1849,0.1852,0.18553022535233266,0.185075,0.1849,0.18553022535233266,True,0.00032292813512646774,-0.000133957629808139,0,0.18500877115751482,0.18505240008642643,-16.279060307183485,-16.279060307183485,0.1838928266938515,0.18389317304700195,7.460698725481052e-14,0.9075088471766656,0,-2
2023-06-13 07:12:00,2023-06-13 07:14:59,0.1849,0.185,0.1848,0.185,0.18530261267616632,0.184925,0.1848,0.18530261267616632,True,0.00031414755404600615,-0.0001477308364157483,0,0.1850305856219706,0.18506607694975677,-20.23618191801211,-20.23618191801211,0.1839030970750072,0.18390418625051436,7.460698725481052e-14,9.325873406851315e-14,-1,-2
2023-06-13 07:15:00,2023-06-13 07:17:59,0.185,0.1849,0.1848,0.1852,0.18511380633808316,0.184975,0.1848,0.1852,True,0.0003202798716141494,-0.00015834411321377675,0,0.1850483312858637,0.18507621995570805,-23.76715249545024,-23.76715249545024,0.18391376277575341,0.1839140948450366,2.007253091329478,0.6690843637765611,0,-2
2023-06-13 07:18:00,2023-06-13 07:20:59,0.185,0.1852,0.1848,0.1853,0.18504440316904158,0.185075,0.1848,0.1853,True,0.00033311702364171013,-0.0001387507917591793,0,0.1850622756207859,0.18508419724543157,-17.87107667314524,-17.87107667314524,0.18392531737499965,0.1839268899212054,9.332969040561684,3.7800740439637646,0,-1
2023-06-13 07:21:00,2023-06-13 07:23:59,0.1851,0.1851,0.1848,0.1851,0.18505970158452079,0.185025,0.1848,0.1851,True,0.0003378943790958745,-0.00012770971951305853,0,0.18507323643310875,0.18509007166567407,-15.537867173804692,-15.537867173804692,0.1839362594906713,0.18393856265830782,14.999380446338677,8.77986752607663,0,-2
2023-06-13 07:24:00,2023-06-13 07:26:59,0.1852,0.1852,0.185,0.1852,0.1850423507922604,0.18515,0.185,0.1852,True,0.00032804478058902673,-0.00010877086841598177,0,0.18508165404939142,0.1850951078101485,-11.633165466699225,-11.633165466699225,0.1839483365106646,0.18395111427364805,24.788711068546295,16.37368685181557,0,-1
2023-06-13 07:27:00,2023-06-13 07:29:59,0.1851,0.1851,0.185,0.1851,0.1850961753961302,0.185075,0.185,0.1851,True,0.0003188987248326681,-9.911287790959835e-05,0,0.18508838092976998,0.1850989348411488,-10.907670501332106,-10.907670501332106,0.18395954709264806,0.1839625459724177,26.50097698264575,22.09635616584359,0,-1
2023-06-13 07:30:00,2023-06-13 07:32:59,0.1851,0.1854,0.1851,0.1855,0.1850855876980651,0.185275,0.1851,0.1855,True,0.0003246916730589069,-6.829848357450878e-05,0,0.1850936578854594,0.1851031558837981,-4.37631914780404,-4.37631914780404,0.1839726361763033,0.18397684899756778,41.16039745149015,30.81669516756075,0,-1
2023-06-13 07:33:00,2023-06-13 07:35:59,0.1854,0.1855,0.1854,0.1856,0.18518029384903256,0.185475,0.1854,0.1856,True,0.00031578512498326914,-3.8792107924279706e-05,0,0.18509840688462875,0.18510903038644105,1.475964764900894,0.0,0.18398758507007143,0.18399200472893526,60.09815851083175,42.5865109816559,0,-1
2023-06-13 07:36:00,2023-06-13 07:38:59,0.1855,0.1853,0.1853,0.1855,0.18532764692451628,0.1854,0.1853,0.1855,True,0.00030751475891303604,-3.1964276962495426e-05,0,0.1851037186355349,0.1851156517846698,1.0174865995568894,0.0,0.1840016389499712,0.18400501960725432,78.02187087499993,59.7601422791073,0,-1
2023-06-13 07:39:00,2023-06-13 07:41:59,0.1853,0.1852,0.1852,0.1855,0.18536382346225816,0.1853,0.1852,0.1855,True,0.0003069779904192474,-3.3196045627008484e-05,0,0.18510968521010235,0.18512212968286587,-1.1333818356423961,-0.0,0.18401455796539437,0.18401690995942094,81.62935421085683,73.24979453222953,0,-2
2023-06-13 07:42:00,2023-06-13 07:44:59,0.1852,0.1849,0.1848,0.1852,0.18533191173112906,0.185025,0.1848,0.18533191173112906,True,0.0003136224196750162,-5.324337636189458e-05,0,0.18511590744648412,0.18512656336475358,-6.794617254163278,-6.794617254163278,0.18402461211499244,0.18402569692499884,62.139049911305385,73.93009166572074,0,-2
2023-06-13 07:45:00,2023-06-13 07:47:59,0.1848,0.1847,0.1846,0.1848,0.18517845586556453,0.184725,0.1846,0.18517845586556453,True,0.00031264938969823095,-7.761138890622919e-05,-1,0.18512123540561887,0.1851272988819533,-12.539576547920944,-12.539576547920944,0.1840315811486741,0.18403240640833218,35.51069119494441,59.75969843903556,0,-2
2023-06-13 07:48:00,2023-06-13 07:50:59,0.1847,0.185,0.1847,0.185,0.18495172793278225,0.18485000000000001,0.1847,0.185,True,0.0003117458618626426,-6.926635371616647e-05,0,0.1851242671437861,0.18512597539458944,-10.194029254021366,-10.194029254021366,0.18403972461983156,0.1840420342052642,18.954465486596817,38.86806886428222,0,-1
2023-06-13 07:51:00,2023-06-13 07:53:59,0.185,0.1851,0.1849,0.1854,0.18490086396639113,0.1851,0.1849,0.1854,True,0.000325192586015311,-5.3747204585186613e-05,0,0.1851251212691878,0.18512475518484953,-6.946838967852514,-6.946838967852514,0.18405027462361434,0.18405256122809738,27.67803452634513,27.38106373596214,0,-1
2023-06-13 07:54:00,2023-06-13 07:56:59,0.1852,0.1853,0.1851,0.1854,0.18500043198319555,0.18525,0.1851,0.1854,True,0.0003233931155856475,-2.7341655904687247e-05,0,0.18512493822701867,0.18512465381776544,-1.7676286557331764,-0.0,0.18406221218954852,0.18406497355418597,53.93316841086115,33.52188947460105,0,-1
2023-06-13 07:57:00,2023-06-13 07:59:59,0.1853,0.1853,0.1853,0.1853,0.18512521599159776,0.1853,0.1853,0.1853,True,0.0003002936073295298,-8.752918181217025e-06,0,0.18512479602239207,0.1851257770720319,1.6851782190130464,0.0,0.18407452848616992,0.18407726237454233,75.34524505436887,52.318815997191734,0,-1
2023-06-13 08:00:00,2023-06-13 08:02:59,0.1853,0.1851,0.185,0.1854,0.18521260799579886,0.18519999999999998,0.185,0.1854,True,0.00030741549252027853,-9.752579654846269e-06,0,0.185125286547212,0.1851271706662346,-0.01971890407518373,-0.0,0.18408572720770058,0.18408743886832798,79.47097965275076,69.58313103932694,0,-1
2023-06-13 08:03:00,2023-06-13 08:05:59,0.1851,0.1854,0.1851,0.1854,0.18520630399789942,0.18525,0.1851,0.1854,True,0.0003068858144831174,1.0929778770557918e-05,0,0.18512622860672331,0.18512911059260526,3.646826488010987,0.0,0.18409731201160406,0.18410049917809587,79.40230303193171,78.07284257968381,0,-1
2023-06-13 08:06:00,2023-06-13 08:08:59,0.1854,0.1848,0.1847,0.1854,0.1852281519989497,0.185075,0.1847,0.1854,True,0.0003349653991628952,-1.7030499139511764e-05,0,0.1851276695996643,0.18513026665406962,-1.8957609316038742,-0.0,0.18410704025029456,0.184107459385279,68.89160678688103,75.92162982385452,0,-2
2023-06-13 08:09:00,2023-06-13 08:11:59,0.1848,0.1853,0.1848,0.1853,0.18515157599947485,0.18505,0.1848,0.1853,True,0.0003467535849369741,2.72005240750996e-07,0,0.18512896812686697,0.18513062611478293,0.33125621806361494,0.0,0.18411642293437122,0.18411932546104737,61.93867377499796,70.07752786460358,0,-1
2023-06-13 08:12:00,2023-06-13 08:14:59,0.1853,0.1856,0.1852,0.1856,0.18510078799973742,0.185425,0.1852,0.1856,True,0.00035055690029861763,3.234670702718905e-05,0,0.18512979712082495,0.18513292883863933,4.360266898208003,0.0,0.18412944360169092,0.18413405854103695,68.75221433349547,66.52749829845817,0,-1
2023-06-13 08:15:00,2023-06-13 08:17:59,0.1856,0.186,0.1855,0.1862,0.18526289399986873,0.185825,0.1855,0.1862,True,0.00037551712170585965,7.933632990207972e-05,1,0.18513136297973212,0.18513949013348585,9.710373659449118,9.710373659449118,0.1841463148096343,0.18415262512271818,83.80707776624105,71.49932195824483,1,-1
2023-06-13 08:18:00,2023-06-13 08:20:59,0.186,0.1861,0.186,0.1863,0.18554394699993437,0.18610000000000002,0.186,0.1863,True,0.00037012304158401215,0.00011315821039667089,0,0.18513542655660897,0.18515124600621416,13.86863469427125,13.86863469427125,0.1841657544632698,0.18417200198716874,100.00000000000006,84.18643069991221,0,2
2023-06-13 08:21:00,2023-06-13 08:23:59,0.186,0.1856,0.1855,0.186,0.1858219734999672,0.18577499999999997,0.1855,0.186,True,0.0003865428243280105,9.562060369683041e-05,0,0.18514333628141155,0.1851647811032252,10.273628078395703,10.273628078395703,0.1841817668566701,0.1841862109226198,91.00872724552517,91.60526833725544,0,1
2023-06-13 08:24:00,2023-06-13 08:26:59,0.1856,0.1855,0.1854,0.1858,0.1857984867499836,0.185575,0.1854,0.1858,True,0.00038750405116172286,7.293737520359441e-05,0,0.18515405869231838,0.18517825191817405,6.820309723443948,6.820309723443948,0.18419562987302163,0.18419928345075293,77.2078512008067,89.40552614877733,0,1
2023-06-13 08:27:00,2023-06-13 08:29:59,0.1854,0.1854,0.1853,0.1854,0.1856867433749918,0.185375,0.1853,0.1856867433749918,True,0.00037411090465017165,4.782669394006331e-05,0,0.18516615530524622,0.18519020748659398,3.4055626428429164,0.0,0.1842073648991607,0.18421123087910365,56.379051327100505,74.86520992447748,0,1
2023-06-13 08:30:00,2023-06-13 08:32:59,0.1854,0.1852,0.1852,0.1855,0.1855308716874959,0.18532500000000002,0.1852,0.1855308716874959,True,0.0003688172686037304,1.533878123775379e-05,0,0.1851781813959201,0.18520054500967867,-1.0179238992725672,-0.0,0.18421848564643273,0.18422106937781904,37.726135742072906,57.10434608999339,0,-2
2023-06-13 08:33:00,2023-06-13 08:35:59,0.1852,0.1854,0.1852,0.1856,0.18542793584374795,0.18535000000000001,0.1852,0.1856,True,0.0003710446065606056,6.9434320755751115e-06,0,0.18518936320279938,0.18520970923447655,-1.126763029908993,-0.0,0.18422974449572196,0.18423280003077608,24.721107020445512,39.608764696539666,0,-2
2023-06-13 08:36:00,2023-06-13 08:38:59,0.1855,0.1856,0.1854,0.1857,0.18538896792187398,0.18555,0.1854,0.1857,True,0.00036596999180627627,1.4490260597918236e-05,0,0.18519953621863797,0.1852192590496469,1.2973618619441964,0.0,0.1842428813664113,0.18424640401056935,25.283330466736615,29.2435244097517,0,-1
2023-06-13 08:39:00,2023-06-13 08:41:59,0.1856,0.1856,0.1853,0.1856,0.185469483960937,0.185525,0.1853,0.1856,True,0.0003612578495343991,1.8267414537615775e-05,0,0.18520939763414243,0.18522887539435462,2.913445123179656,0.0,0.1842556387657505,0.1842598726273796,31.73327982606472,27.245905771082306,0,-1
2023-06-13 08:42:00,2023-06-13 08:44:59,0.1856,0.1858,0.1856,0.1858,0.1854972419804685,0.18569999999999998,0.1856,0.1858,True,0.0003497394317105138,3.312223332199227e-05,0,0.18521913651424854,0.18523967882599,6.528514844555588,6.528514844555588,0.18427001051932512,0.18427519727785344,42.952602606654544,33.32307096648532,0,2
2023-06-13 08:45:00,2023-06-13 08:47:59,0.1857,0.185,0.1849,0.1858,0.18559862099023422,0.18535000000000001,0.1849,0.1858,True,0.0003890437580169045,-1.415335519383944e-05,0,0.18522940767011928,0.18524894136426903,-0.7214487927029651,-0.0,0.18428075668331192,0.18428240924523798,35.07885355013513,36.588245327618154,0,-2
2023-06-13 08:48:00,2023-06-13 08:50:59,0.185,0.1846,0.1845,0.1852,0.18547431049511712,0.18482500000000002,0.1845,0.18547431049511712,True,0.0004112549181585546,-7.202389758971563e-05,-1,0.18523917451719416,0.18525332513719014,-8.038866095202508,-8.038866095202508,0.18428617203969688,0.18428556935225054,22.939759196976183,33.657071784588645,-1,-2
2023-06-13 08:51:00,2023-06-13 08:53:59,0.1846,0.1843,0.1843,0.1846,0.18514965524755855,0.18445,0.1843,0.18514965524755855,True,0.00040330813829008604,-0.00012717139985988252,0,0.18524624982719215,0.18525126484769106,-14.389779742503706,-14.389779742503706,0.18428780216865512,0.18428571294078536,5.193007849398889,21.070540198836756,0,-2
2023-06-13 08:54:00,2023-06-13 08:56:59,0.1843,0.1842,0.1838,0.1843,0.18479982762377928,0.18415,0.1838,0.18479982762377928,True,0.0004102146998407942,-0.0001641604505348273,0,0.18524875733744162,0.18524208691926763,-19.087547505949516,-19.087547505949516,0.18428643100279785,0.1842848600757029,5.6251299914341267e-14,9.3775890154584,0,-2
2023-06-13 08:57:00,2023-06-13 08:59:59,0.1842,0.1843,0.184,0.1843,0.18447491381188963,0.1842,0.184,0.18447491381188963,True,0.0004023422212807371,-0.00017376647071869406,0,0.18524542212835463,0.18522771124718632,-20.442086200747116,-20.442086200747116,0.18428557099281975,0.18428501072171583,1.1102978440191877,2.101101897806068,0,-2
2023-06-13 09:00:00,2023-06-13 09:02:59,0.1843,0.1844,0.1842,0.1846,0.18433745690594483,0.184375,0.1842,0.1846,True,0.0004021749197606833,-0.0001649535323715273,0,0.18523656668777047,0.18521054267347434,-19.507083057850426,-19.507083057850426,0.18428646083368722,0.18428615489363906,7.597526775079943,2.90260820636642,0,-2
2023-06-13 09:03:00,2023-06-13 09:05:59,0.1843,0.1839,0.1836,0.1843,0.18435622845297242,0.184025,0.1836,0.18435622845297242,True,0.0004305909969206341,-0.00018550140168784555,0,0.1852235546806224,0.1851888916511284,-22.243296150300992,-22.243296150300992,0.18428385923335203,0.1842823125563889,9.027545940006293,5.911790186368499,0,-2
2023-06-13 09:06:00,2023-06-13 09:08:59,0.184,0.1841,0.1838,0.1841,0.1841906142264862,0.184,0.1838,0.1841906142264862,True,0.00042126306856916186,-0.00017580651512964367,0,0.1852062231658754,0.18516368858790144,-20.698599296438363,-20.698599296438363,0.18428103476336843,0.18428049850110145,8.97693460311941,8.534002439401908,0,-2
2023-06-13 09:09:00,2023-06-13 09:11:59,0.1841,0.1843,0.184,0.1843,0.1840953071132431,0.184175,0.184,0.1843,True,0.0004126014208142214,-0.00014670701067581393,0,0.18518495587688844,0.1851370625838315,-16.626652564863484,-16.626652564863484,0.1842799796910961,0.18428069254586663,9.092821931418609,9.032434158181463,0,-1
2023-06-13 09:12:00,2023-06-13 09:14:59,0.1843,0.1841,0.1841,0.1843,0.18413515355662155,0.1842,0.1841,0.1843,True,0.0003974156050417754,-0.00013355738487523538,0,0.18516100923035997,0.1851096704977193,-15.84124919580691,-15.84124919580691,0.18427918387327424,0.18427889461008687,15.057345702511315,11.042367412349803,0,-1
2023-06-13 09:15:00,2023-06-13 09:17:59,0.1841,0.1844,0.1841,0.1844,0.18416757677831078,0.18425000000000002,0.1841,0.1844,True,0.00039045734753879107,-9.68064680890835e-05,0,0.18513533986403963,0.18508220626184213,-11.020239089900045,-11.020239089900045,0.1842788934864755,0.18428009963884223,23.046244924720828,15.732137519550273,0,-1
2023-06-13 09:18:00,2023-06-13 09:20:59,0.1844,0.1845,0.1843,0.1845,0.1842087883891554,0.184425,0.1843,0.1845,True,0.00037685325128602066,-6.000286969190863e-05,0,0.18510877306294088,0.18505607434191934,-6.534150274152601,-0.0,0.18428034728262996,0.18428228770213734,31.166531324403593,23.090040650545266,0,-1
2023-06-13 09:21:00,2023-06-13 09:23:59,0.1845,0.1846,0.1844,0.1846,0.1843168941945777,0.184525,0.1844,0.1846,True,0.00036422087619416047,-2.4719653610263872e-05,0,0.1850824237024301,0.1850318567628246,-2.2459575428024863,-0.0,0.18428278163802667,0.18428544901853397,41.60410935489839,31.938961868007624,0,-1
2023-06-13 09:24:00,2023-06-13 09:26:59,0.1846,0.185,0.1845,0.185,0.18442094709728885,0.18477500000000002,0.1845,0.185,True,0.0003739193850374347,2.8608231556142053e-05,0,0.18505714023262734,0.1850110277819399,4.7182812447226254,4.7182812447226254,0.18428767933317067,0.18429255897854857,65.88885695888996,46.219832546064005,0,-1
2023-06-13 09:27:00,2023-06-13 09:29:59,0.1849,0.1863,0.1849,0.1863,0.18459797354864443,0.18560000000000001,0.1849,0.1863,True,0.0004472108575347597,0.0001528758128596044,1,0.1850340840072836,0.1849986699545748,14.835328487687747,14.835328487687747,0.18430073725025356,0.18431253351607546,84.49878763318058,63.99725131565634,0,2
2023-06-13 09:30:00,2023-06-13 09:32:59,0.1862,0.1861,0.1861,0.1867,0.18509898677432224,0.186275,0.1861,0.1867,True,0.00045812436771084953,0.0002143219825247968,0,0.1850163769809292,0.18499769753162648,19.07972032902643,19.07972032902643,0.18432038165572368,0.18433031925223392,100.00000000000006,83.4625481973569,1,2
2023-06-13 09:33:00,2023-06-13 09:35:59,0.1861,0.1856,0.1856,0.1861,0.1856869933871611,0.18584999999999996,0.1856,0.1861,True,0.00046111548430293175,0.00021147203683149143,0,0.18500703725627785,0.18500277963752737,16.500527382318097,16.500527382318097,0.1843356017387513,0.18434295289151517,93.2282668073239,92.57568481350154,0,2
2023-06-13 09:36:00,2023-06-13 09:38:59,0.1856,0.1852,0.1852,0.1856,0.18576849669358053,0.1854,0.1852,0.18576849669358053,True,0.00045675009256700686,0.0001736925234447612,0,0.1850049084469026,0.18500950616935996,11.361532781029332,11.361532781029332,0.1843461927662264,0.1843514807234404,80.12428622431212,91.11751767721205,0,1
2023-06-13 09:39:00,2023-06-13 09:41:59,0.1852,0.1855,0.1851,0.1855,0.18558424834679027,0.18532500000000002,0.1851,0.18558424834679027,True,0.00045269651452650717,0.00016274261869164567,0,0.18500720730813128,0.18501696663837147,10.068650572150915,10.068650572150915,0.18435593214168683,0.1843629087759435,66.05683546248973,79.80312949804194,0,2
2023-06-13 09:42:00,2023-06-13 09:44:59,0.1855,0.1857,0.1855,0.186,0.18545462417339514,0.18567499999999998,0.1855,0.186,True,0.000456075334917471,0.00016250766051966077,0,0.18501208697325136,0.18502735512674678,10.54944840705766,10.54944840705766,0.18436905719500338,0.18437621316623262,62.4070155375122,69.52937907477137,0,2
2023-06-13 09:45:00,2023-06-13 09:47:59,0.1857,0.1853,0.1851,0.1858,0.18556481208669756,0.185475,0.1851,0.1858,True,0.00047349852528050923,0.00012780261669104314,0,0.18501972104999906,0.18503860537658773,7.071530047456662,7.071530047456662,0.18438006160102324,0.18438540507502632,62.385215680423606,63.616355560141876,0,1
2023-06-13 09:48:00,2023-06-13 09:50:59,0.1852,0.1851,0.1851,0.1855,0.18551990604334878,0.18522499999999997,0.1851,0.18551990604334878,True,0.0004682486306176165,8.587542130094162e-05,0,0.18502916321329338,0.18504874164274665,3.081811771597124,3.081811771597124,0.18438846894827673,0.18439251547228974,58.06744250812276,60.95322457535289,0,1
2023-06-13 09:51:00,2023-06-13 09:53:59,0.1851,0.1852,0.185,0.1854,0.18537245302167438,0.18517499999999998,0.185,0.1854,True,0.00046337372843064474,6.159255314933976e-05,0,0.18503895242802001,0.18505758826297986,1.4581448046367598,0.0,0.18439629512789588,0.18440055014420725,49.04007360479988,56.497577264448786,0,1
2023-06-13 09:54:00,2023-06-13 09:56:59,0.1852,0.1852,0.1851,0.1853,0.18527372651083718,0.1852,0.1851,0.1853,True,0.00044456131925702766,4.284983178542561e-05,0,0.18504827034549992,0.18506553036526993,0.3757001599965193,0.0,0.1844042921912999,0.1844085048691405,42.33436941054488,49.81396184115588,0,1
2023-06-13 09:57:00,2023-06-13 09:59:59,0.1852,0.1853,0.185,0.1855,0.1852368632554186,0.18525,0.185,0.1855,True,0.0004485212250243828,3.531767880297852e-05,0,0.1850569003553849,0.1850730488961277,0.9555206992294885,0.0,0.18441270719437153,0.1844173754674575,38.71531755139116,43.36325352224535,0,1
2023-06-13 10:00:00,2023-06-13 10:02:59,0.1854,0.1852,0.1851,0.1856,0.1852434316277093,0.18532500000000002,0.1851,0.1856,True,0.00045219828037978407,2.1599732526255793e-05,0,0.1850649746257563,0.18508069694086043,-0.09912221087058981,-0.0,0.18442178473472604,0.18442516277623902,35.68348314638203,38.91105670277273,0,1
2023-06-13 10:03:00,2023-06-13 10:05:59,0.1853,0.1849,0.1849,0.1853,0.18528421581385465,0.1851,0.1849,0.1853,True,0.0004484698317812269,-9.251161267878415e-06,0,0.18507283578330835,0.18508685073977793,-4.465874296108197,-0.0,0.18442853314532578,0.18442988752473416,22.181634447404093,32.193478381725804,0,1
2023-06-13 10:06:00,2023-06-13 10:08:59,0.1849,0.1847,0.1847,0.1849,0.1851921079069273,0.18480000000000002,0.1847,0.1851921079069273,True,0.00043072198665399685,-4.292164114578984e-05,0,0.18507984326154314,0.18508972756781225,-9.283220356082559,-9.283220356082559,0.1844322293329345,0.18443257521105522,10.852576907347709,22.905898167044654,0,-2
2023-06-13 10:09:00,2023-06-13 10:11:59,0.1847,0.1848,0.1847,0.1849,0.18499605395346366,0.18477500000000002,0.1847,0.18499605395346366,True,0.0004142418447501403,-5.6261829189218605e-05,0,0.18508478541467768,0.18508983314893834,-10.53558796380058,-10.53558796380058,0.18443563998633813,0.18443623117910443,5.921189464667502e-14,11.011403784917329,-1,-2
2023-06-13 10:12:00,2023-06-13 10:14:59,0.1848,0.185,0.1848,0.185,0.18488552697673183,0.1849,0.1848,0.185,True,0.0003989388558394164,-4.8909915082706125e-05,0,0.185087309281808,0.18508861381641883,-7.800210986283098,-7.800210986283098,0.1844402604839865,0.18444184081911336,4.54479521789017,5.132457375079355,0,-1
2023-06-13 10:15:00,2023-06-13 10:17:59,0.1849,0.1848,0.1847,0.1849,0.18489276348836592,0.18482500000000002,0.1847,0.1849,True,0.00039187179470802916,-5.5858727950032955e-05,0,0.18508796154911342,0.1850858451562265,-8.66773284373037,-8.66773284373037,0.18444408873787718,0.1844454045920575,7.338617481100845,3.9611375663304003,0,-2
2023-06-13 10:18:00,2023-06-13 10:20:59,0.1849,0.1846,0.1846,0.1852,0.18485888174418297,0.18482500000000002,0.1846,0.1852,True,0.0004067380950860283,-7.165021314362067e-05,0,0.18508690335266995,0.18508187569541484,-11.475433957673154,-11.475433957673154,0.18444787889968936,0.1844469428548231,10.13243974431152,7.338617481100887,0,-2
2023-06-13 10:21:00,2023-06-13 10:23:59,0.1846,0.1848,0.1845,0.1849,0.1848419408720915,0.18469999999999998,0.1845,0.1849,True,0.00040625680257988425,-6.49041998641134e-05,0,0.18508438952404238,0.1850761304376203,-9.578396095346932,-9.578396095346932,0.18445038756735413,0.18445045586124278,5.587644526421411,7.686233917277968,0,-2
2023-06-13 10:24:00,2023-06-13 10:26:59,0.1848,0.1852,0.1847,0.1852,0.18477097043604573,0.184975,0.1847,0.1852,True,0.00041295274525274966,-3.006963437231859e-05,0,0.18508025998083133,0.18507091329340392,-2.958722532633182,-0.0,0.18445560759155957,0.1844579140118772,19.527605852827904,11.749230041186989,0,-1
2023-06-13 10:27:00,2023-06-13 10:29:59,0.1852,0.1853,0.1852,0.1853,0.18487298521802287,0.18525,0.1852,0.1853,True,0.0003905989777346954,8.387037878925588e-07,0,0.18507558663711762,0.18506803452433196,2.507280188310702,0.0,0.18446351199363362,0.18446629297693315,50.06711692295056,25.060789100733334,0,-1
2023-06-13 10:30:00,2023-06-13 10:32:59,0.1852,0.1854,0.1852,0.1854,0.18506149260901145,0.18530000000000002,0.1852,0.1854,True,0.0003769847650393604,2.781952517014779e-05,0,0.18507181058072478,0.18506735957904663,7.212955346510064,7.212955346510064,0.18447183525737856,0.1844755835940781,83.40045025628389,50.9983910106875,1,2
2023-06-13 10:33:00,2023-06-13 10:35:59,0.1855,0.1859,0.1854,0.1862,0.18518074630450573,0.18575,0.1854,0.1862,True,0.00040720013896512004,7.843285470381853e-05,0,0.1850695850798857,0.1850715118291287,14.16902888111413,14.16902888111413,0.18448455331451907,0.18448975689164945,100.00000000000006,77.82252239307822,0,2
2023-06-13 10:36:00,2023-06-13 10:38:59,0.186,0.187,0.186,0.1873,0.18546537315225287,0.186575,0.186,0.1873,True,0.00047811441475332464,0.00018306769250048862,0,0.18507054845450718,0.18508509645257837,22.279850818331397,22.279850818331397,0.18450535377905122,0.18451473443501612,100.00000000000006,94.46681675209472,0,2
2023-06-13 10:39:00,2023-06-13 10:41:59,0.1871,0.1867,0.1867,0.1872,0.18602018657612643,0.186925,0.1867,0.1872,True,0.00047967767084237294,0.00022163231240369046,0,0.18507782245354276,0.1851084154171634,23.715147782764802,23.715147782764802,0.18452942986085172,0.1845364783709861,100.00000000000006,100.00000000000011,0,2
2023-06-13 10:42:00,2023-06-13 10:44:59,0.1867,0.1864,0.1863,0.187,0.1864725932880632,0.1866,0.1863,0.187,True,0.0004954149800679181,0.00021538719247738255,0,0.18509311893535307,0.18513700845845996,21.121143769687407,21.121143769687407,0.18455003254880345,0.1845550208747574,92.86702074800773,97.622340249336,0,2
2023-06-13 10:45:00,2023-06-13 10:47:59,0.1864,0.1861,0.186,0.1866,0.1865362966440316,0.186275,0.186,0.1866,True,0.0005028853386344946,0.00018009994460499755,0,0.1851150636969065,0.1851673277931448,16.248164010425782,16.248164010425782,0.18456719640403924,0.18457039380137671,79.3781481978528,90.74838964862026,0,1
2023-06-13 10:48:00,2023-06-13 10:50:59,0.1861,0.1862,0.1861,0.1864,0.18640564832201578,0.1862,0.1861,0.18640564832201578,True,0.0004883935287320323,0.00015475492808807693,0,0.18514119574502563,0.18519828364811525,13.784192429934258,13.784192429934258,0.1845834432059891,0.1845866087884277,64.48235227854168,78.90917374146746,0,1
2023-06-13 10:51:00,2023-06-13 10:53:59,0.1862,0.1861,0.1861,0.1863,0.1863028241610079,0.186175,0.1861,0.1863028241610079,True,0.00046779399096545893,0.00012300886119222395,0,0.18516973969657044,0.18522935672331073,10.945151597729478,10.945151597729478,0.18459927959199915,0.18460166740744832,56.22930301747928,66.69660116462464,0,1
2023-06-13 10:54:00,2023-06-13 10:56:59,0.1862,0.1865,0.186,0.1865,0.18623891208050397,0.1863,0.186,0.1865,True,0.0004700944201822119,0.00012263453638351577,0,0.18519954820994058,0.18526116652540592,12.42880708935386,12.42880708935386,0.18461620218312352,0.18462055628896626,56.01372951046835,58.90846160216316,0,2
2023-06-13 10:57:00,2023-06-13 10:59:59,0.1865,0.1866,0.1863,0.1867,0.18626945604025197,0.186525,0.1863,0.1867,True,0.0004650876758834833,0.00012178816139093312,0,0.18523035736767324,0.18529488184797893,14.151618767933456,14.151618767933456,0.18463519519622676,0.18464025224628997,60.10872781112058,57.45058677968945,0,2
2023-06-13 11:00:00,2023-06-13 11:02:59,0.1866,0.1863,0.1863,0.1867,0.18639722802012598,0.186475,0.1863,0.1867,True,0.00046043855617752106,9.304718277073915e-05,0,0.18526261960782608,0.18532952302408373,11.101791782611016,11.101791782611016,0.18465350171168718,0.18465676714931195,63.55220972459887,59.89155568206265,0,1
2023-06-13 11:03:00,2023-06-13 11:05:59,0.1862,0.1861,0.186,0.1862,0.186436114010063,0.186125,0.186,0.186436114010063,True,0.0004489786593076978,5.426712936319251e-05,0,0.1852960713159549,0.1853622540836648,6.690210622275345,6.690210622275345,0.18466814348570024,0.18467112767518945,53.05423818768281,58.90505857446747,0,1
2023-06-13 11:06:00,2023-06-13 11:08:59,0.1862,0.1862,0.1861,0.1863,0.1862805570050315,0.1862,0.1861,0.1863,True,0.00043119446935714834,3.1220481218581736e-05,0,0.18532916269980984,0.1853937713049565,5.004059523410014,0.0,0.18468338583907634,0.1846863403351378,35.06911690972554,50.558521607335784,0,1
2023-06-13 11:09:00,2023-06-13 11:11:59,0.1861,0.1863,0.1861,0.1864,0.18624027850251573,0.186225,0.1861,0.1864,True,0.0004218234358316394,1.932973646480505e-05,0,0.18536146700238315,0.1854242881477576,5.16568110658028,0.0,0.18469872528346365,0.18470239665021107,17.521324405061595,35.214893167490025,0,1
2023-06-13 11:12:00,2023-06-13 11:14:59,0.1862,0.1863,0.1861,0.1864,0.18623263925125788,0.18625,0.1861,0.1864,True,0.0004131217618436668,8.296793322515946e-06,0,0.18539287757507036,0.1854539795341293,5.273428828693788,0.0,0.18471416085278242,0.18471829320095523,11.83538064723168,21.475273987339648,0,1
2023-06-13 11:15:00,2023-06-13 11:17:59,0.1864,0.1867,0.1863,0.1867,0.18624131962562895,0.186525,0.1863,0.1867,True,0.0004121844931405486,2.5728827455711516e-05,0,0.1854234285545998,0.18548470411081552,10.015316883275766,10.015316883275766,0.18473217915275472,0.18473801167656762,18.488355272852356,15.948353441715255,0,2
2023-06-13 11:18:00,2023-06-13 11:20:59,0.1866,0.1866,0.1865,0.1869,0.18638315981281448,0.18664999999999998,0.1865,0.1869,True,0.00041131417220193877,2.6453957482747777e-05,0,0.18545406633270767,0.18551688895516497,11.177783671592621,11.177783671592621,0.18475126194725466,0.18475653892356694,29.088900833234515,19.80421225110623,0,2
2023-06-13 11:21:00,2023-06-13 11:23:59,0.1865,0.1861,0.1861,0.1866,0.18651657990640724,0.186325,0.1861,0.1866,True,0.0004176488741875146,-1.1126755852281563e-05,0,0.1854854776439363,0.18554777281062934,4.732516376855905,0.0,0.18476692103235662,0.18476990669547175,26.964293431981456,24.847183179356154,0,1
2023-06-13 11:24:00,2023-06-13 11:26:59,0.1862,0.1864,0.1862,0.1865,0.1864207899532036,0.18632500000000002,0.1862,0.1865,True,0.0004163882403169787,-1.6910763226194944e-05,0,0.18551662522728282,0.1855774204923028,4.25798307215517,0.0,0.1847824243056665,0.18478612652934764,17.644514208372595,24.56590282452957,0,1
2023-06-13 11:27:00,2023-06-13 11:29:59,0.1864,0.1866,0.1864,0.1867,0.1863728949766018,0.186525,0.1864,0.1867,True,0.00040807479458005125,-8.707070148491233e-06,0,0.18554702285979283,0.1856072637237246,6.062093510367127,0.0,0.18479976336730164,0.18480417502159294,18.75067260926407,21.119826749872754,0,2
2023-06-13 11:30:00,2023-06-13 11:32:59,0.1865,0.1863,0.1862,0.1866,0.1864489474883009,0.1864,0.1862,0.1866,True,0.00040749802353861784,-2.609972827185273e-05,0,0.18557714329175873,0.1856361985236006,3.3476390706552124,0.0,0.1848156861198658,0.18481905885222386,20.938049745821754,19.111078854486184,0,1
2023-06-13 11:33:00,2023-06-13 11:35:59,0.1863,0.1863,0.1862,0.1865,0.18642447374415044,0.186325,0.1862,0.1865,True,0.000399819593285859,-3.864627578126662e-05,0,0.18560667090767968,0.1856637050056738,1.538002777513931,0.0,0.18483070416842434,0.18483379458503754,19.05743990709276,19.582054087392905,0,1
2023-06-13 11:36:00,2023-06-13 11:38:59,0.1864,0.1866,0.1864,0.1867,0.18637473687207523,0.186525,0.1864,0.1867,True,0.000399832479479727,-2.6861825518568366e-05,0,0.18563518795667677,0.18569127045206987,4.167170816962901,0.0,0.18484756283341514,0.184851368768271,16.918098423557662,18.97119602549077,0,2
2023-06-13 11:39:00,2023-06-13 11:41:59,0.1865,0.1862,0.1862,0.1865,0.1864498684360376,0.18635000000000002,0.1862,0.1865,True,0.0003998444452311739,-4.783188209496914e-05,0,0.18566322920437334,0.1857174925071085,0.7464455906326748,0.0,0.18486251245696325,0.1848647879845071,13.410356706831552,16.461965012494034,0,1
2023-06-13 11:42:00,2023-06-13 11:44:59,0.1863,0.1866,0.1863,0.1867,0.18639993421801881,0.186475,0.1863,0.1867,True,0.00040699841342894727,-3.4101981561721853e-05,0,0.18569036085574092,0.1857433346224332,2.927829282559493,0.0,0.18487855710913279,0.18488205377570602,21.759802250221693,17.362752460203676,0,2
2023-06-13 11:45:00,2023-06-13 11:47:59,0.1865,0.1869,0.1864,0.1871,0.1864374671090094,0.18672500000000003,0.1864,0.1871,True,0.00042792709818402096,-5.3554071798018305e-06,0,0.18571684773908706,0.18577041557002205,6.898993885054885,0.0,0.18489692967521107,0.18490213284261442,32.013482468450654,22.394547141834675,0,2
2023-06-13 11:48:00,2023-06-13 11:50:59,0.1869,0.1869,0.1869,0.1872,0.18658123355450473,0.186975,0.1869,0.1872,True,0.0004187894483137334,1.124655896662702e-05,0,0.18574363165455454,0.1858000013207308,9.546436953385154,9.546436953385154,0.18491760699187565,0.18492201211781228,65.34681580178399,39.70670017348549,0,2
2023-06-13 11:51:00,2023-06-13 11:53:59,0.187,0.187,0.1869,0.1872,0.18677811677725237,0.187025,0.1869,0.1872,True,0.0004103044877198949,2.6090050844893877e-05,0,0.18577181648764265,0.18583169918401105,12.228133911895945,12.228133911895945,0.1849385760765336,0.18494268861415247,90.33070359172719,62.56366728732065,0,2
2023-06-13 11:54:00,2023-06-13 11:56:59,0.187,0.1868,0.1867,0.1871,0.18690155838862618,0.1869,0.1867,0.1871,True,0.00040956845288275844,1.851616821262628e-05,0,0.18580175783582684,0.1858639848143877,10.454739498759274,10.454739498759274,0.1849580927324885,0.1849611693244594,89.68561066337959,81.78771001896364,0,1
2023-06-13 11:57:00,2023-06-13 11:59:59,0.1868,0.1869,0.1867,0.1871,0.18690077919431308,0.186875,0.1867,0.1871,True,0.00040888499196256025,1.7330016679177975e-05,0,0.18583287132510726,0.18589634015758724,10.516711202104688,10.516711202104688,0.18497716643664286,0.18498046117197722,77.29094189843988,85.7690853845156,0,1
2023-06-13 12:00:00,2023-06-13 12:02:59,0.1869,0.1863,0.1862,0.187,0.18688788959715655,0.1866,0.1862,0.187,True,0.0004368217782509485,-2.7701309277775304e-05,0,0.18586460574134725,0.18592664160166655,2.7937275726881268,0.0,0.1849933140342882,0.18499359091155954,43.95760856510655,70.31138704230872,0,1
2023-06-13 12:03:00,2023-06-13 12:05:59,0.1864,0.1856,0.1856,0.1864,0.18674394479857825,0.186,0.1856,0.18674394479857825,True,0.00046276307980445383,-0.00010586998429368299,0,0.18589562367150692,0.18595100145831447,-6.708469475985751,-6.708469475985751,0.18500333081006642,0.18499962483283755,20.938664568393715,47.3957383439801,0,-2
2023-06-13 12:06:00,2023-06-13 12:08:59,0.1856,0.1858,0.1855,0.1858,0.18637197239928913,0.18567499999999998,0.1855,0.18637197239928913,True,0.00045113714553270676,-0.0001400662212363237,0,0.1859233125649107,0.1859682864812444,-10.341285558576672,-10.341285558576672,0.18501001408558815,0.18500758876484913,9.710750722054702e-14,21.63209104450017,0,-2
2023-06-13 12:09:00,2023-06-13 12:11:59,0.1859,0.1858,0.1856,0.1859,0.18602348619964454,0.18580000000000002,0.1856,0.18602348619964454,True,0.00044034163513751503,-0.00015778319578844805,0,0.18594579952307755,0.1859807404771275,-12.763162946970624,-12.763162946970624,0.18501787464195046,0.1850154734537561,3.284204413189539,8.074289660527835,-1,-2
2023-06-13 12:12:00,2023-06-13 12:14:59,0.1857,0.1857,0.1857,0.1858,0.18591174309982228,0.185725,0.1857,0.18591174309982228,True,0.00041603151834197744,-0.00017064990437712802,0,0.18596327000010254,0.18598879094402604,-15.150513513706763,-15.150513513706763,0.1850249107151649,0.18502228466317147,5.2212466031632445,2.835150338784345,0,-2
2023-06-13 12:15:00,2023-06-13 12:17:59,0.1858,0.1856,0.1855,0.186,0.18581837154991115,0.18572499999999997,0.1855,0.186,True,0.00042202926703183624,-0.00017952446649709754,0,0.1859760304720643,0.18599331924682247,-17.534941463680923,-17.534941463680923,0.18503187677770055,0.1850280330744832,7.158288793136435,5.221246603163125,0,-2
2023-06-13 12:18:00,2023-06-13 12:20:59,0.1855,0.1852,0.1849,0.1855,0.18577168577495556,0.18527500000000002,0.1849,0.18577168577495556,True,0.0004418843193867036,-0.0002056978613902799,-1,0.18598467485944337,0.18599195597751933,-21.664914357446612,-21.664914357446612,0.18503429591424084,0.18502974418816995,3.8740843799469933,5.417873258748943,0,-2
2023-06-13 12:21:00,2023-06-13 12:23:59,0.1851,0.1851,0.1851,0.1854,0.1855233428874778,0.18517499999999998,0.1851,0.1855233428874778,True,0.0004317497251447978,-0.00022097308739731103,0,0.18598831541848135,0.1859852774791999,-24.928506586918093,-24.928506586918093,0.18503569595489516,0.18503044325097423,1.9370421899732877,4.32313845435229,0,-2
2023-06-13 12:24:00,2023-06-13 12:26:59,0.1851,0.1851,0.1849,0.1852,0.18534917144373889,0.185075,0.1849,0.18534917144373889,True,0.00042233903049159756,-0.0002212985718835215,0,0.18598679644884064,0.18597377397895049,-27.104234739899077,-27.104234739899077,0.18503608703992108,0.1850311353579297,9.74035666937804e-14,1.9370421899735113,0,-2
2023-06-13 12:27:00,2023-06-13 12:29:59,0.1851,0.1849,0.1844,0.1851,0.185,0.184875,0.1844,0.1851,True,0.00044217195688505334,-0.0002252969591656662,0,0.18598028521389556,0.18595717843430162,-29.667804143496312,-29.667804143496312,0.18503448418380247,0.18502983052849756,9.74035666937804e-14,0.6456807299912126,0,-2
2023-06-13 12:30:00,2023-06-13 12:32:59,0.1849,0.1848,0.1843,0.1849,0.1849375,0.18472500000000003,0.1843,0.1849375,True,0.0004534453885361222,-0.0002242654964849678,0,0.1859687318240986,0.18593565859085218,-31.871048012459,-31.871048012459,0.18503140473918753,0.18502754365756724,9.74035666937804e-14,1.491893028868516e-13,0,-2
2023-06-13 12:33:00,2023-06-13 12:35:59,0.1848,0.1854,0.1845,0.1854,0.18483125,0.185025,0.1845,0.1854,True,0.0004853421464978286,-0.00017166224464826475,0,0.18595219520747538,0.18591246778037757,-21.47751452419232,-21.47751452419232,0.1850313410104394,0.18503124969082527,7.660169512935336,2.5533898376452284,0,-1
2023-06-13 12:36:00,2023-06-13 12:38:59,0.1854,0.1854,0.1853,0.1856,0.184928125,0.185425,0.1853,0.1856,True,0.00047210342174798336,-0.00012894062330148925,0,0.18593233149392646,0.18589086494482118,-14.548492198681203,-14.548492198681203,0.18503525801531065,0.18503491884813048,24.05464820970523,10.57160590754694,0,-1
2023-06-13 12:39:00,2023-06-13 12:41:59,0.1854,0.1857,0.1854,0.1857,0.1851765625,0.18555,0.1854,0.1857,True,0.0004598103201945556,-7.374394830206413e-05,0,0.1859115982193738,0.18587151818444442,-6.060143293412715,-6.060143293412715,0.18504037982610358,0.18504153657103464,47.72234910277931,26.479055608473345,0,-1
2023-06-13 12:42:00,2023-06-13 12:44:59,0.1857,0.1857,0.1856,0.1857,0.18536328125,0.18567499999999998,0.1856,0.1857,True,0.00043410958303780284,-3.341101757647994e-05,0,0.1858915582019091,0.18585493802020647,-0.40124402323372266,-0.0,0.18504669445469957,0.18504808844594972,73.3955129231774,48.3908367452207,0,-1
2023-06-13 12:45:00,2023-06-13 12:47:59,0.1856,0.186,0.1855,0.186,0.185519140625,0.18577499999999997,0.1855,0.186,True,0.0004388160413922455,1.6127158357547673e-05,0,0.1858732481110578,0.18584133588047055,6.601820592164145,6.601820592164145,0.18505394127604585,0.18505756020270644,90.33436755974087,70.48407652856592,0,-1
2023-06-13 12:48:00,2023-06-13 12:50:59,0.1861,0.1862,0.1859,0.1862,0.1856470703125,0.18610000000000002,0.1859,0.1862,True,0.0004289006098642276,6.250917119933805e-05,0,0.18585729199576417,0.18583240153113836,12.892340116316532,12.892340116316532,0.1850643498205628,0.18506892776287853,100.00000000000011,87.90996016097286,0,-1
2023-06-13 12:51:00,2023-06-13 12:53:59,0.1861,0.1861,0.1861,0.1862,0.18587353515625,0.186125,0.1861,0.1862,True,0.0004054077091596411,8.409468590421507e-05,0,0.18584484676345128,0.1858273749917421,14.81306696177451,14.81306696177451,0.18507490355369152,0.18507918718812352,100.00000000000011,96.77812251991377,0,-1
2023-06-13 12:54:00,2023-06-13 12:56:59,0.1862,0.1861,0.1861,0.1863,0.18599926757812502,0.186175,0.1861,0.1863,True,0.00039073572993395287,9.53992053396634e-05,0,0.1858361108775967,0.18582580263916942,16.09355152541316,16.09355152541316,0.1850858497869881,0.18508934452953524,100.00000000000011,100.00000000000017,0,-1
2023-06-13 12:57:00,2023-06-13 12:59:59,0.1862,0.1864,0.1862,0.1865,0.1860871337890625,0.18632500000000002,0.1862,0.1865,True,0.0003913974635100999,0.00011996487152368554,0,0.18583095675838307,0.1858279897397054,19.88043645808513,19.88043645808513,0.1850981796398539,0.18510238587750005,100.00000000000011,100.00000000000017,1,2
2023-06-13 13:00:00,2023-06-13 13:02:59,0.1863,0.1862,0.186,0.1864,0.18620606689453126,0.186225,0.186,0.1864,True,0.0003920119304022364,0.00011751975145601795,0,0.18582947324904425,0.18583243557193044,17.67006137867027,17.67006137867027,0.1851093917827409,0.18511330741105728,97.48157030428361,99.16052343476133,0,2
2023-06-13 13:03:00,2023-06-13 13:05:59,0.1862,0.1862,0.1861,0.1862,0.18621553344726563,0.186175,0.1861,0.18621553344726563,True,0.00037115393537350645,0.00011124352884916901,0,0.18583095441048736,0.1858382861631887,16.196477992393696,16.196477992393696,0.1851199948495793,0.1851241202726388,93.6934028303598,97.05832437821455,0,2
2023-06-13 13:06:00,2023-06-13 13:08:59,0.1863,0.1862,0.1862,0.1864,0.18619526672363282,0.186275,0.1862,0.1864,True,0.00035892865427539927,0.00010259054867058854,0,0.18583462028683803,0.1858458886961815,15.214089068209319,15.214089068209319,0.1851314874381407,0.1851348255435578,91.86466610368622,94.34654641277659,0,2
2023-06-13 13:09:00,2023-06-13 13:11:59,0.1862,0.1865,0.1862,0.1865,0.1862351333618164,0.18635000000000002,0.1862,0.1865,True,0.000354719464684299,0.00011319335691297233,1,0.18584025449150976,0.18585533296352102,18.50621203329125,18.50621203329125,0.1851436119412438,0.18514840936899504,94.01062640041663,93.1895651114876,0,2
2023-06-13 13:12:00,2023-06-13 13:14:59,0.1865,0.1866,0.1864,0.1867,0.1862925666809082,0.18655,0.1864,0.1867,True,0.00035081093149256294,0.00012187048618574054,0,0.1858477937275154,0.1858675346562393,21.64890901089575,21.64890901089575,0.1851576058522762,0.18516285305686575,97.79879387434043,94.55802879281448,0,2
2023-06-13 13:15:00,2023-06-13 13:17:59,0.1865,0.1865,0.1864,0.1866,0.1864212833404541,0.1865,0.1864,0.1866,True,0.0003400387221002354,0.0001149997617227671,0,0.18585766419187735,0.18588148051958878,20.613867926967828,20.613867926967828,0.18517096300797495,0.18517615800157355,97.02270872068698,96.27737633181475,0,2
2023-06-13 13:18:00,2023-06-13 13:20:59,0.1865,0.1866,0.1864,0.1866,0.18646064167022705,0.186525,0.1864,0.1866,True,0.0003300359562359313,0.00011191188637269085,0,0.18586957235573306,0.1858968754238753,21.248416500562342,21.248416500562342,0.1851844360128707,0.18519032558364745,95.35501825232535,96.72550694911764,0,2
2023-06-13 13:21:00,2023-06-13 13:23:59,0.1866,0.1868,0.1865,0.1869,0.18649282083511354,0.18669999999999998,0.1865,0.1869,True,0.00033503338793336565,0.00011808280765031128,0,0.1858832238898042,0.18591450622897313,23.80269066750033,23.80269066750033,0.18519951625154862,0.1852063422445067,95.35501825232535,95.91091507511261,0,2
2023-06-13 13:24:00,2023-06-13 13:26:59,0.1868,0.1864,0.1864,0.1868,0.18659641041755676,0.1866,0.1864,0.1868,True,0.00033967386022383837,8.862711720839368e-05,0,0.18589886505938866,0.18593309030208463,16.080985382340515,16.080985382340515,0.18521345141322476,0.18521821943610364,90.46888283244346,93.72630644569811,0,1
2023-06-13 13:27:00,2023-06-13 13:29:59,0.1864,0.1863,0.1861,0.1864,0.18659820520877837,0.1863,0.1861,0.18659820520877837,True,0.0003368400130649944,5.788696330364705e-05,0,0.18591597768073664,0.18595023906426272,9.294945107525997,9.294945107525997,0.1852242628419489,0.18522898342181404,59.17570936645785,81.66653681707561,0,1
2023-06-13 13:30:00,2023-06-13 13:32:59,0.1864,0.1865,0.1863,0.1866,0.18644910260438918,0.18645,0.1863,0.1866,True,0.0003342085835603515,4.817345386874539e-05,0,0.18593310837249968,0.1859671692968231,8.189070956569985,8.189070956569985,0.18523645923158125,0.18524163035294028,34.789912961167495,61.47816838668965,0,1
2023-06-13 13:33:00,2023-06-13 13:35:59,0.1864,0.1867,0.1864,0.1867,0.1864495513021946,0.18655,0.1864,0.1867,True,0.0003317651133060403,5.241177996960671e-05,0,0.18595013883466138,0.18598449742642503,10.163818223066919,10.163818223066919,0.18524952928897845,0.18525614149370703,23.564946669435074,39.17685633235353,0,2
2023-06-13 13:36:00,2023-06-13 13:38:59,0.1867,0.1868,0.1867,0.1869,0.1864997756510973,0.18677500000000002,0.1867,0.1869,True,0.0003223533194984664,5.8537389538905444e-05,0,0.1859673181305432,0.18600356367304868,12.67437869342475,12.67437869342475,0.18526470810202345,0.18527150326988906,49.859124650733484,36.07132809377874,0,2
2023-06-13 13:39:00,2023-06-13 13:41:59,0.1869,0.1867,0.1867,0.187,0.18663738782554867,0.18682500000000002,0.1867,0.187,True,0.0003207566538200041,5.179830131359363e-05,0,0.18598544090179595,0.18602421058987212,11.93428897574561,11.93428897574561,0.18528023339454064,0.18528571716770112,69.64142928367977,47.688500201282835,0,1
2023-06-13 13:42:00,2023-06-13 13:44:59,0.1867,0.1868,0.1865,0.1868,0.18673119391277435,0.1867,0.1865,0.1868,True,0.00031927403569000345,5.0674080513970473e-05,0,0.18600482574583402,0.18604510268672025,12.94049177507818,12.94049177507818,0.18529436042544073,0.18530078465856978,72.96256453636418,64.15437282359254,0,2
2023-06-13 13:45:00,2023-06-13 13:47:59,0.1867,0.1862,0.1861,0.1868,0.18671559695638718,0.18644999999999998,0.1861,0.1868,True,0.0003464687474264322,5.147785415637418e-06,0,0.18602496421627712,0.1860643292076575,3.8624753283233844,0.0,0.18530585932668012,0.18530973207490242,46.66838655506577,63.090793458369966,0,1
2023-06-13 13:48:00,2023-06-13 13:50:59,0.1861,0.1866,0.186,0.1866,0.1865827984781936,0.186325,0.186,0.1866,True,0.0003645781226102577,1.5212517989123561e-06,0,0.1860446467119673,0.18608125486165333,3.485943945825454,0.0,0.18531600002989723,0.1853225705617193,17.938544994076512,45.85649869516888,0,1
2023-06-13 13:51:00,2023-06-13 13:53:59,0.1865,0.1867,0.1863,0.1867,0.18645389923909678,0.18655,0.1863,0.1867,True,0.0003671082567095258,4.573108336297573e-06,0,0.1860629507868103,0.18609779663821846,4.394538923876439,0.0,0.18532827863656492,0.18533627632727434,10.829275387455821,25.145402312199426,0,2
2023-06-13 13:54:00,2023-06-13 13:56:59,0.1867,0.1869,0.1867,0.1871,0.18650194961954839,0.18685000000000002,0.1867,0.1871,True,0.00036945766694455856,1.8655402976390718e-05,0,0.18608037371251435,0.18611598101024335,7.191462214158875,0.0,0.18534342014266875,0.18535183576680395,33.77066116841161,20.846160516648037,0,2
2023-06-13 13:57:00,2023-06-13 13:59:59,0.1869,0.1869,0.1867,0.1869,0.18667597480977421,0.18685000000000002,0.1867,0.1869,True,0.0003573535478770905,2.549220371133825e-05,0,0.18609817736137885,0.1861353338450949,9.05607774101383,9.05607774101383,0.1853584109870203,0.18536724038603972,56.71204694936739,33.770661168411664,0,2
2023-06-13 14:00:00,2023-06-13 14:02:59,0.1868,0.1867,0.1865,0.1869,0.18676298740488712,0.18672500000000003,0.1865,0.1869,True,0.0003603997230287277,1.3581706796725562e-05,0,0.18611675560323687,0.18615461620498594,6.579118779301872,0.0,0.18537200888764696,0.18538050167573086,61.33810643164046,50.606938183139874,0,1
2023-06-13 14:03:00,2023-06-13 14:05:59,0.1867,0.1867,0.1867,0.1868,0.18674399370244357,0.186725,0.1867,0.1868,True,0.00034179974281238923,3.7773765582185e-06,0,0.18613568590411142,0.18617371078195002,4.927812804827234,0.0,0.18538547148577983,0.18539363101229075,55.69741487187949,57.91585608429583,0,1
2023-06-13 14:06:00,2023-06-13 14:08:59,0.1867,0.1867,0.1865,0.1868,0.1867344968512218,0.186675,0.1865,0.1868,True,0.0003388140468972182,-4.231225176226725e-06,0,0.18615469834303072,0.18619218345381744,3.82694215517747,0.0,0.18539830261527457,0.18540662970868588,46.497377507483804,54.51096627033464,0,1
2023-06-13 14:09:00,2023-06-13 14:11:59,0.1867,0.1868,0.1866,0.1869,0.1867047484256109,0.18675000000000003,0.1866,0.1869,True,0.0003360416149759899,-3.855212607835128e-06,0,0.18617344089842408,0.18621055433301448,5.239749914141974,0.0,0.18541175234049573,0.18542049408969397,49.02556831121377,50.406786896859074,0,1
2023-06-13 14:12:00,2023-06-13 14:14:59,0.1867,0.1866,0.1866,0.1868,0.18672737421280547,0.18667499999999998,0.1866,0.1868,True,0.00032632435676341966,-1.8640306764497862e-05,0,0.18619199761571928,0.18622820444659832,1.494878668991312,0.0,0.1854243219689485,0.18543223046691093,43.997155369115745,46.50670039593783,0,1
2023-06-13 14:15:00,2023-06-13 14:17:59,0.1866,0.1866,0.1865,0.1867,0.1867011871064027,0.1866,0.1865,0.1867011871064027,True,0.0003173011884231758,-2.88189811122511e-05,0,0.18621010103115881,0.18624465141803673,-1.0017021611091295,-0.0,0.1854360202578147,0.1854438500642551,36.89899773913904,43.30724047315624,0,1
2023-06-13 14:18:00,2023-06-13 14:20:59,0.1867,0.1865,0.1864,0.1867,0.18665059355320135,0.186575,0.1864,0.1867,True,0.0003160653892500914,-4.237255379470399e-05,0,0.18622737622459778,0.18625986677690137,-4.843771113080749,-4.843771113080749,0.18544735338957774,0.1854543590188396,23.65681376513503,34.850988957796666,0,-2
2023-06-13 14:21:00,2023-06-13 14:23:59,0.1865,0.1865,0.1865,0.1867,0.18661279677660067,0.18655,0.1865,0.1867,True,0.0003077750043036567,-5.057325127387816e-05,0,0.18624362150074958,0.18627383655839583,-7.405150414395166,-7.405150414395166,0.18545832499764164,0.18546476340671186,14.96466798175407,25.17349316200944,0,-2
2023-06-13 14:24:00,2023-06-13 14:26:59,0.1865,0.1866,0.1865,0.1866,0.18658139838830035,0.18655,0.1865,0.1866,True,0.00029293393256768046,-4.8005245059204265e-05,0,0.18625872902957272,0.18628672984050967,-5.4417221067154244,-5.4417221067154244,0.18546918743547605,0.18547605929321223,11.901612690886497,16.841031479258593,0,-2
2023-06-13 14:27:00,2023-06-13 14:29:59,0.1866,0.1867,0.1866,0.1868,0.18656569919415017,0.18667499999999998,0.1866,0.1868,True,0.00028629579452713223,-3.851186458023057e-05,0,0.1862727294350412,0.18629954475839683,-1.1366844441447626,-0.0,0.18548118557044643,0.18548823780770762,23.563480633799628,16.809920435480123,0,-1
2023-06-13 14:30:00,2023-06-13 14:32:59,0.1867,0.1865,0.1865,0.1868,0.18662034959707507,0.18662499999999999,0.1865,0.1868,True,0.0002872746663466224,-4.5475803105187286e-05,0,0.186286137096719,0.18631186700243904,-3.9211568861062815,-3.9211568861062815,0.18549256680855145,0.18549830509320306,27.59576158859839,21.020284971094895,0,-2
2023-06-13 14:33:00,2023-06-13 14:35:59,0.1865,0.1866,0.1865,0.1868,0.18662267479853753,0.1866,0.1865,0.1868,True,0.0002881836187504347,-4.212156075345338e-05,0,0.18629900204957903,0.18632354529061335,-2.794063923013013,-0.0,0.18550358604428724,0.18550926723157915,28.189959918689027,26.44973404702907,0,-2
2023-06-13 14:36:00,2023-06-13 14:38:59,0.1866,0.1865,0.1865,0.1868,0.18661133739926877,0.1866,0.1865,0.1868,True,0.00028902764598254607,-4.5892413057616174e-05,0,0.1863112736700962,0.18633463646232787,-4.56396621189473,-4.56396621189473,0.18551449563588637,0.18551912526907588,15.961084102127595,23.915601869805062,0,-2
2023-06-13 14:39:00,2023-06-13 14:41:59,0.1865,0.1866,0.1865,0.1866,0.18660566869963438,0.18655,0.1865,0.18660566869963438,True,0.0002755256712695063,-4.0311341496164315e-05,0,0.18632295506621205,0.18634484624271835,-2.7407253389211874,-0.0,0.18552479916189746,0.1855298802415229,8.348667651613018,17.49990389080994,0,-1
2023-06-13 14:42:00,2023-06-13 14:44:59,0.1867,0.1866,0.1865,0.1867,0.18657783434981717,0.18662499999999999,0.1865,0.1867,True,0.00027013098046454196,-3.5725872017443444e-05,0,0.1863339006544652,0.1863548066273296,-1.5252314236054971,-0.0,0.18553574643391837,0.18554052819931868,18.304287404132072,14.204679719290956,0,-1
2023-06-13 14:45:00,2023-06-13 14:47:59,0.1866,0.1863,0.1863,0.1867,0.18660141717490858,0.186475,0.1863,0.1867,True,0.0002794073390027897,-5.250306860142727e-05,0,0.1863443536408974,0.18636347316253926,-7.521781565540685,-7.521781565540685,0.18554509224054605,0.1855480851326588,14.12995357832564,13.594302878023639,0,-2
2023-06-13 14:48:00,2023-06-13 14:50:59,0.1863,0.1863,0.186,0.1864,0.1865382085874543,0.18625,0.186,0.1865382085874543,True,0.0002880211005025913,-6.168147299955437e-05,0,0.18635391340171834,0.1863695178400883,-11.519481660164146,-11.519481660164146,0.1855521062481028,0.18555556687263233,14.12995357832564,15.521398186927845,-1,-2
2023-06-13 14:51:00,2023-06-13 14:53:59,0.1864,0.1864,0.1864,0.1866,0.18639410429372716,0.18645,0.1864,0.1866,True,0.0002888767361809772,-5.857708670455099e-05,0,0.1863617156209033,0.18637482905043934,-10.443306125451464,-10.443306125451464,0.18556104051429084,0.18556396919230764,16.983069633524508,15.080992263391991,0,-2
2023-06-13 14:54:00,2023-06-13 14:56:59,0.1865,0.1866,0.1864,0.1866,0.18642205214686358,0.186525,0.1864,0.1866,True,0.0002825283978823344,-4.071810191473891e-05,0,0.18636827233567133,0.1863800409361158,-4.299311286162265,-4.299311286162265,0.18557063215096456,0.18557427795656328,39.58645986687754,23.566494359575955,0,-1
2023-06-13 14:57:00,2023-06-13 14:59:59,0.1866,0.1865,0.1864,0.1867,0.1864735260734318,0.18655,0.1864,0.1867,True,0.0002837763694621673,-3.4626599534495566e-05,0,0.18637415663589355,0.18638531039028564,-2.9774903755165028,-0.0,0.1855803771046863,0.1855834891211746,64.06761046502477,40.21237998847567,0,-1
2023-06-13 15:00:00,2023-06-13 15:02:59,0.1866,0.1865,0.1864,0.1867,0.1865117630367159,0.18655,0.1864,0.1867,True,0.0002849352002148693,-2.9502954705458003e-05,0,0.1863797335130896,0.18639058901447572,-2.09627643508599,-0.0,0.1855900250936944,0.18559260863240667,71.56569142964763,58.406587253850034,0,-1
2023-06-13 15:03:00,2023-06-13 15:05:59,0.1865,0.1866,0.1864,0.1867,0.18653088151835795,0.18655,0.1864,0.1867,True,0.0002860112573423783,-1.832978966151165e-05,0,0.18638516126378266,0.18639583864131165,1.3647932323373624,0.0,0.18559957708281188,0.1856026324271091,73.44345179444183,69.69225122970481,0,-1
2023-06-13 15:06:00,2023-06-13 15:08:59,0.1866,0.1866,0.1865,0.1868,0.18654044075917897,0.18662499999999999,0.1865,0.1868,True,0.00028701045324649375,-1.0574293587260084e-05,0,0.18639049995254714,0.1864015440000637,3.672173010619595,0.0,0.18560978029591824,0.18561255648256073,79.9072421666631,74.97212846358424,1,-1
2023-06-13 15:09:00,2023-06-13 15:11:59,0.1867,0.1863,0.1862,0.1867,0.18658272037958948,0.186475,0.1862,0.1867,True,0.00030222399230031566,-2.5930795489277922e-05,0,0.18639602197630542,0.18640653985541009,-3.0517999097093025,-3.0517999097093025,0.18561838944720263,0.1856193967165651,74.16633500613368,75.83900965574627,-1,-2
2023-06-13 15:12:00,2023-06-13 15:14:59,0.1863,0.1865,0.1863,0.1866,0.18652886018979475,0.186425,0.1863,0.1866,True,0.0003020651357074356,-2.121238571913732e-05,0,0.18640128091585775,0.18641059978368169,-1.9075961541225368,-0.0,0.18562641542285235,0.18562815893829082,64.0153048018454,72.69629399154745,0,-1
2023-06-13 15:15:00,2023-06-13 15:17:59,0.1865,0.1864,0.1864,0.1867,0.18647693009489738,0.1865,0.1864,0.1867,True,0.000301917626014047,-2.4263574089039976e-05,0,0.1864059403497697,0.18641440957431965,-3.364492129248596,-3.364492129248596,0.18563510780670456,0.1856358389488551,55.019822627859774,64.40048747861302,0,-2
2023-06-13 15:18:00,2023-06-13 15:20:59,0.1864,0.1867,0.1864,0.1867,0.1864884650474487,0.18655,0.1864,0.1867,True,0.000301780652727329,-4.73286794334926e-06,0,0.18641017496204468,0.18641833934379745,1.7125755112970111,0.0,0.18564421121161298,0.18564642761603067,63.13106223501208,60.722063221572476,0,-1
2023-06-13 15:21:00,2023-06-13 15:23:59,0.1867,0.1867,0.1867,0.1868,0.18651923252372435,0.186725,0.1867,0.1868,True,0.0002873677489610904,7.957134001690581e-06,0,0.18641425715292106,0.18642353729716815,5.097287271660747,0.0,0.18565496532891038,0.18565691092333386,82.13427517448646,66.76172001245283,1,-1
2023-06-13 15:24:00,2023-06-13 15:26:59,0.1867,0.1867,0.1867,0.1868,0.18662211626186218,0.186725,0.1867,0.1868,True,0.0002739843383210117,1.5641664843149136e-05,0,0.1864188972250446,0.18642969803714837,7.353761778569911,0.0,0.1856656124400655,0.1856672899191216,93.51814971143693,79.59449570697855,0,-1
2023-06-13 15:27:00,2023-06-13 15:29:59,0.1867,0.187,0.1866,0.1873,0.1866735581309311,0.1869,0.1866,0.1873,True,0.00030441402844093985,4.0290876794834784e-05,0,0.18642429763109647,0.18643777520267554,13.406039176873442,13.406039176873442,0.18567789490334843,0.18568055071594625,100.00000000000016,91.88414162864125,0,2
2023-06-13 15:30:00,2023-06-13 15:32:59,0.187,0.187,0.1869,0.1871,0.18678677906546554,0.187,0.1869,0.1871,True,0.0002969558835522997,5.416436550434307e-05,0,0.186431036416886,0.1864479918719144,17.440890775742474,17.440890775742474,0.185691050177942,0.1856936795645438,100.00000000000016,97.83938323714581,0,2
2023-06-13 15:33:00,2023-06-13 15:35:59,0.187,0.1872,0.187,0.1874,0.18689338953273277,0.18714999999999998,0.187,0.1874,True,0.0003043161775842791,7.40739820360259e-05,0,0.1864395141444002,0.18646085204977544,22.217827425148542,22.217827425148542,0.1857055670915943,0.18570866782758316,100.00000000000016,100.00000000000023,0,2
2023-06-13 15:36:00,2023-06-13 15:38:59,0.1871,0.1872,0.187,0.1874,0.18702169476636638,0.18717499999999998,0.187,0.1874,True,0.00031115073632826003,8.315701600597159e-05,0,0.1864501830970878,0.18647587677265556,25.402451858085925,25.402451858085925,0.18572018831456352,0.18572350695367687,100.00000000000016,100.00000000000023,0,2
2023-06-13 15:39:00,2023-06-13 15:41:59,0.1873,0.1872,0.1872,0.1874,0.18709834738318318,0.187275,0.1872,0.1874,True,0.00030321139801909897,8.469675667854589e-05,0,0.18646302993487168,0.18649318867782083,27.525534813377504,27.525534813377504,0.1857356590776027,0.1857381984267746,100.00000000000016,100.00000000000023,0,2
2023-06-13 15:42:00,2023-06-13 15:44:59,0.1873,0.1873,0.1872,0.1873,0.1871866736915916,0.187275,0.1872,0.1873,True,0.0002886962981605911,8.800925854144184e-05,0,0.18647810930634626,0.186512182519604,30.040266032899666,30.040266032899666,0.18575097590270118,0.18575373874093606,100.00000000000016,100.00000000000023,0,2
2023-06-13 15:45:00,2023-06-13 15:47:59,0.1874,0.187,0.1869,0.1876,0.18723083684579578,0.187225,0.1869,0.1876,True,0.0003180751340062616,6.474692019469439e-05,0,0.18649514591297514,0.18653202719078762,20.53199013724459,20.53199013724459,0.18576564280914196,0.18576613935047898,96.13353191112697,98.71117730370916,0,1
2023-06-13 15:48:00,2023-06-13 15:50:59,0.187,0.1868,0.1867,0.187,0.18722791842289788,0.186875,0.1867,0.18722791842289788,True,0.00031678405300581395,3.209899925419763e-05,0,0.18651358655188138,0.18655000419818066,10.07431751687097,10.07431751687097,0.1857766811891505,0.18577642652112097,71.34018030427502,89.15790407180077,0,1
2023-06-13 15:51:00,2023-06-13 15:53:59,0.1867,0.1866,0.1866,0.1868,0.18705145921144894,0.18667499999999998,0.1866,0.18705145921144894,True,0.0003084423349339705,-5.203569654491368e-06,0,0.186531795375031,0.18656501522665522,0.18518159019880898,0.0,0.18578561968478086,0.18578462128210485,38.16040784974794,68.54470668838336,0,1
2023-06-13 15:54:00,2023-06-13 15:56:59,0.1867,0.1865,0.1865,0.1868,0.18686322960572446,0.18662499999999999,0.1865,0.18686322960572446,True,0.0003078393110101151,-3.697506326646915e-05,0,0.1865484053008431,0.1865772450742765,-7.6060531472638,-7.6060531472638,0.18579397172771836,0.18579173947830283,8.693542605287783,39.39804358643697,0,-2
2023-06-13 15:57:00,2023-06-13 15:59:59,0.1865,0.1866,0.1864,0.1866,0.18674411480286224,0.186525,0.1864,0.18674411480286224,True,0.00030013650308081957,-4.99694189925785e-05,0,0.1865628251875598,0.1865865152625459,-9.768717060387054,-9.768717060387054,0.18580124564087538,0.18579978187155355,0.15356087880640126,15.669170444614096,0,-2
2023-06-13 16:00:00,2023-06-13 16:02:59,0.1866,0.1861,0.1861,0.1866,0.18663455740143112,0.18635,0.1861,0.18663455740143112,True,0.00031441246714647534,-9.130163463009596e-05,-1,0.18657467022505284,0.18659219100073712,-16.322542080282936,-16.322542080282936,0.18580670588325474,0.18580276911661273,1.4684549872375405e-13,2.949034494698165,-1,-2
2023-06-13 16:03:00,2023-06-13 16:05:59,0.1862,0.1864,0.1862,0.1865,0.18649227870071555,0.18632500000000002,0.1862,0.1865,True,0.0003205258623502993,-9.40932053047425e-05,0,0.18658343061289498,0.18659482633491692,-14.46451017382789,-14.46451017382789,0.18581186303864525,0.18580871171246732,1.4684549872375405e-13,0.051186959602286135,0,-2
2023-06-13 16:06:00,2023-06-13 16:08:59,0.1863,0.1863,0.1862,0.1863,0.18640863935035779,0.186275,0.1862,0.18640863935035779,True,0.00031191687218242115,-9.91166832379269e-05,0,0.18658912847390594,0.18659470680326828,-14.3508903701536,-14.3508903701536,0.1858164713666189,0.1858136001531393,1.4684549872375405e-13,2.0132660970438742e-13,0,-2
2023-06-13 16:09:00,2023-06-13 16:11:59,0.1862,0.1864,0.1862,0.1866,0.18634181967517888,0.18635000000000002,0.1862,0.1866,True,0.00031820852416938986,-9.148150475966548e-05,0,0.1865919176385871,0.18659293374625321,-12.275869589780378,-12.275869589780378,0.1858217801092396,0.18581943497748618,3.09251759041177,1.0308391968040758,0,-2
2023-06-13 16:12:00,2023-06-13 16:14:59,0.1864,0.1865,0.1862,0.1865,0.18634590983758945,0.1864,0.1862,0.1865,True,0.0003169079153001473,-7.585556377439347e-05,0,0.18659242569242013,0.1865902140753185,-8.937259707109313,-8.937259707109313,0.18582753354098847,0.18582620676875497,8.202521819805632,3.765013136739237,0,-1
2023-06-13 16:15:00,2023-06-13 16:17:59,0.1866,0.1869,0.1866,0.187,0.18637295491879474,0.18677500000000002,0.1866,0.187,True,0.00032998592135013684,-3.506964868388748e-05,0,0.1865913198838693,0.18658934068722194,-1.0269468299929443,-0.0,0.1858369610679438,0.1858368912785186,25.2924151691336,12.195818193117056,0,-1
2023-06-13 16:18:00,2023-06-13 16:20:59,0.1868,0.1869,0.1868,0.187,0.18657397745939738,0.186875,0.1868,0.187,True,0.00032070121268227035,-7.219559341335091e-06,0,0.18659033028554559,0.1865906129893056,4.246595088084639,0.0,0.1858472898135364,0.18584746947475225,41.75279961096385,25.082578866634417,0,-1
2023-06-13 16:21:00,2023-06-13 16:23:59,0.1869,0.187,0.1869,0.1871,0.1867244887296987,0.186975,0.1869,0.1871,True,0.000312079697490678,1.7885640378715823e-05,0,0.1865904716374256,0.1865942519853591,8.995998787361835,8.995998787361835,0.18585851081041663,0.1858589374401776,58.521308148417425,41.85550764283835,1,-1
2023-06-13 16:24:00,2023-06-13 16:26:59,0.187,0.1875,0.187,0.1875,0.18684974436484936,0.18725,0.187,0.1875,True,0.0003255025762413439,6.748838308130308e-05,1,0.18659236181139233,0.18660161612128895,16.22422461280516,16.22422461280516,0.18587235647399458,0.18587526642087235,71.19489315944665,57.156333639609365,0,2
2023-06-13 16:27:00,2023-06-13 16:29:59,0.1875,0.1875,0.1873,0.1876,0.1870498721824247,0.187475,0.1873,0.1876,True,0.0003236809636526761,9.630657592870297e-05,0,0.18659698896634064,0.18661340629951648,21.043041829767375,21.043041829767375,0.18588830317574587,0.18589143292414725,84.97532446053812,71.56384192280079,0,2
2023-06-13 16:30:00,2023-06-13 16:32:59,0.1874,0.1873,0.1872,0.1875,0.18726243609121235,0.18735000000000002,0.1872,0.1875,True,0.0003219894662489132,9.652152204650389e-05,0,0.18660519763292857,0.18662774260587733,19.355620789928707,19.355620789928707,0.18590284742275337,0.1859054485169418,91.96725692325948,82.71249151441481,0,2
2023-06-13 16:33:00,2023-06-13 16:35:59,0.1873,0.1874,0.1873,0.1874,0.18730621804560618,0.18735000000000002,0.1873,0.1874,True,0.00030613307580256344,9.864778531496352e-05,0,0.18661647011940297,0.1866439851345156,19.34816087735355,19.34816087735355,0.18591724695088518,0.1859203196759772,91.0742237924711,89.33893505875629,0,2
2023-06-13 16:36:00,2023-06-13 16:38:59,0.1874,0.1875,0.1873,0.1876,0.1873281090228031,0.18745,0.1873,0.1876,True,0.0003056949989595228,0.00010175325114092704,0,0.1866302276269593,0.18666230311068527,20.424189427768766,20.424189427768766,0.18593249822500574,0.18593603788815652,88.50252478446664,90.5146685000658,0,2
2023-06-13 16:39:00,2023-06-13 16:41:59,0.1875,0.1875,0.1875,0.1877,0.18738905451140156,0.18755,0.1875,0.1877,True,0.00029814535617670015,9.83291017038673e-05,0,0.18664626536882228,0.1866828155268416,21.14154179471224,21.14154179471224,0.18594859277003056,0.18595159970021466,92.19280745156003,90.58985200949932,0,2
2023-06-13 16:42:00,2023-06-13 16:44:59,0.1875,0.1876,0.1874,0.1878,0.18746952725570076,0.187575,0.1874,0.1878,True,0.0003054206878783632,9.753369898301444e-05,0,0.18666454044783193,0.18670508643062958,22.82784083189759,22.82784083189759,0.18596477592654767,0.18596800169324734,96.33087309374598,92.34206844325762,0,2
2023-06-13 16:45:00,2023-06-13 16:47:59,0.1876,0.1884,0.1876,0.1886,0.18752226362785038,0.18805,0.1876,0.1886,True,0.0003550334958870516,0.00014631433475268985,0,0.18668481343923074,0.18673184800715814,28.388413470000245,28.388413470000245,0.18598552442479097,0.18599220068137423,98.90257210175042,95.80875088235221,0,2
2023-06-13 16:48:00,2023-06-13 16:50:59,0.1884,0.1883,0.1883,0.1887,0.18778613181392517,0.188425,0.1883,0.1887,True,0.0003582453890379773,0.00016300407978578699,0,0.18670833072319443,0.18676453440784077,29.78638932632836,29.78638932632836,0.18600979781359903,0.18601516385867398,99.67517753842156,98.30287424463938,0,2
2023-06-13 16:51:00,2023-06-13 16:53:59,0.1882,0.1884,0.1879,0.1885,0.1881055659069626,0.18825,0.1879,0.1885,True,0.00037551357553526393,0.0001716449026966133,0,0.18673643256551758,0.18680046051467092,31.21174136543266,31.21174136543266,0.18603208838261795,0.18603889357152298,94.6917480676414,97.75649923593785,0,2
2023-06-13 16:54:00,2023-06-13 16:56:59,0.1884,0.1876,0.1876,0.1885,0.1881777829534813,0.188025,0.1876,0.1885,True,0.00041297689156846024,0.00011269937345530727,0,0.18676844654009425,0.18683714703435592,19.572982760327335,19.572982760327335,0.18605191834896007,0.18605442696882127,77.37310337086916,90.58000965897743,0,1
2023-06-13 16:57:00,2023-06-13 16:59:59,0.1875,0.1882,0.1875,0.1883,0.18810139147674065,0.18787500000000001,0.1875,0.1883,True,0.0004406213993135699,0.0001085197335665962,0,0.18680279678722508,0.1868731513643696,16.968095526763392,16.968095526763392,0.1860700584648908,0.18607577595420613,51.736275215378555,74.60037555129644,0,2
2023-06-13 17:00:00,2023-06-13 17:02:59,0.1881,0.1881,0.1881,0.1885,0.18798819573837033,0.1882,0.1881,0.1885,True,0.0004377198707911728,9.175839987704982e-05,0,0.18683797407579736,0.1869106014192904,14.110601853500569,14.110601853500569,0.18609125191300135,0.1860959174870001,35.95234305218054,55.02057387947614,0,1
2023-06-13 17:03:00,2023-06-13 17:05:59,0.1882,0.1878,0.1878,0.1883,0.18809409786918518,0.188025,0.1878,0.1883,True,0.0004421684514489462,5.375107032048814e-05,0,0.1868742877475439,0.18694773207028778,9.015410950353683,0.0,0.18611049318749887,0.1861128735319056,20.071527688452946,35.92004865200407,0,1
2023-06-13 17:06:00,2023-06-13 17:08:59,0.1879,0.1876,0.1876,0.188,0.1880595489345926,0.18777499999999997,0.1876,0.1880595489345926,True,0.0004391564192025937,1.048339158702229e-05,0,0.18691100990891582,0.18698264123071084,3.732089133769378,0.0,0.18612705544433966,0.18612767081019507,12.375022510610213,22.799631083747954,0,1
2023-06-13 17:09:00,2023-06-13 17:11:59,0.1876,0.1875,0.1875,0.1877,0.18791727446729628,0.187575,0.1875,0.18791727446729628,True,0.00042207381783098026,-2.7402606330892063e-05,0,0.18694682556981332,0.1870141896693238,-0.7257623446205486,-0.0,0.18614146285285368,0.18614132582700904,0.13387327283363012,10.860141157298985,0,1
2023-06-13 17:12:00,2023-06-13 17:14:59,0.1874,0.1873,0.1873,0.1875,0.18774613723364814,0.187375,0.1873,0.18774613723364814,True,0.00040621140227162494,-6.692058277607077e-05,0,0.18698050761956855,0.18704150351948853,-5.513746624021927,-5.513746624021927,0.18615373685431783,0.1861528549232577,1.187383524836605e-13,4.16963192781471,0,1
2023-06-13 17:15:00,2023-06-13 17:17:59,0.1873,0.187,0.1869,0.1876,0.18756056861682407,0.18719999999999998,0.1869,0.1876,True,0.00042719630210936446,-0.00011246729156701618,-1,0.18701100556952854,0.1870640953602221,-10.980611024790058,-10.980611024790058,0.18616414743288182,0.1861612842275039,1.187383524836605e-13,0.04462442427801181,0,-2
2023-06-13 17:18:00,2023-06-13 17:20:59,0.187,0.1871,0.187,0.1872,0.18738028430841203,0.187075,0.187,0.18738028430841203,True,0.00041096799481583885,-0.00013225461460388086,0,0.1870375504648753,0.18708195689273635,-12.886658706128024,-12.886658706128024,0.1861732106425049,0.18617062468295162,1.187383524836605e-13,1.7468434106622985e-13,0,-2
2023-06-13 17:21:00,2023-06-13 17:23:59,0.1871,0.1872,0.1871,0.1874,0.187227642154206,0.18719999999999998,0.1871,0.1874,True,0.000403041709471852,-0.00013428336987463332,0,0.1870597536788058,0.18709682930414817,-12.377341648133765,-12.377341648133765,0.1861834274520322,0.18618086722341975,2.5426237388307382,0.8475412462770479,0,-2
2023-06-13 17:24:00,2023-06-13 17:26:59,0.1873,0.1874,0.1872,0.1876,0.187213821077103,0.187375,0.1872,0.1876,True,0.0004028244445095757,-0.00011766319947158763,0,0.18707829149147698,0.1871104470050426,-8.741222391292645,-8.741222391292645,0.18619528389529558,0.1861929978978136,8.4575990613229,3.666740933384642,0,-1
2023-06-13 17:27:00,2023-06-13 17:29:59,0.1874,0.1873,0.1872,0.1875,0.1872944105385515,0.18735000000000002,0.1872,0.1875,True,0.00039547984133031993,-0.00011011146485594869,0,0.18709436924825978,0.18712281190502605,-7.743625899029567,-7.743625899029567,0.1862067736077802,0.186204012844104,13.9087114600501,8.302978086734635,0,-2
2023-06-13 17:30:00,2023-06-13 17:32:59,0.1873,0.1868,0.1867,0.1874,0.18732220526927576,0.18705,0.1867,0.1874,True,0.0004172312812352975,-0.0001360106066629898,0,0.18710859057664292,0.18713204731063893,-12.182406582856217,-12.182406582856217,0.1862151639201406,0.18620994306456068,11.67916154250353,11.3484906879589,-1,-2
2023-06-13 17:33:00,2023-06-13 17:35:59,0.1868,0.1868,0.1867,0.187,0.18718610263463786,0.18682500000000002,0.1867,0.18718610263463786,True,0.0004088576182899187,-0.00014786617305291311,0,0.18712031894364092,0.18713721173934175,-15.141593705407317,-15.141593705407317,0.1862212319408357,0.18621581427784864,5.764186220011369,10.450686407521722,0,-2
2023-06-13 17:36:00,2023-06-13 17:38:59,0.1868,0.1868,0.1867,0.1869,0.18700555131731894,0.18680000000000002,0.1867,0.18700555131731894,True,0.0003939392169834964,-0.00014986843313436818,0,0.18712876534149134,0.18713896409923408,-17.114385120441383,-17.114385120441383,0.18622699082699654,0.18622162707110387,0.3130738212841682,5.9188071945997445,0,-2
2023-06-13 17:39:00,2023-06-13 17:41:59,0.1868,0.1865,0.1864,0.1868,0.18690277565865948,0.18662499999999999,0.1864,0.18690277565865948,True,0.00039437213005610264,-0.00016573707707941588,0,0.18713386472036272,0.18713681740419746,-20.97655666494629,-20.97655666494629,0.18623095111727517,0.18622439695099338,1.19497004883821e-13,2.025753347098608,0,-2
2023-06-13 17:42:00,2023-06-13 17:44:59,0.1865,0.1866,0.1865,0.1866,0.18676388782932973,0.18655,0.1865,0.18676388782932973,True,0.00037334554933780883,-0.0001621591303704464,0,0.1871353410622801,0.18713110110464584,-21.04543862169994,-21.04543862169994,0.18623412573302367,0.1862281342947646,1.19497004883821e-13,0.10435794042819145,0,-2
2023-06-13 17:45:00,2023-06-13 17:47:59,0.1866,0.1864,0.1864,0.1867,0.18665694391466486,0.186525,0.1864,0.1867,True,0.000368106581527965,-0.00016647568897599834,0,0.18713322108346298,0.18712244212366336,-22.88278771094602,-22.88278771094602,0.18623702000433687,0.18622984440128434,1.19497004883821e-13,1.7520552909723442e-13,0,-2
2023-06-13 17:48:00,2023-06-13 17:50:59,0.1864,0.1867,0.1864,0.1867,0.18659097195733243,0.18655,0.1864,0.1867,True,0.00036324182570453853,-0.00014114497093490157,0,0.18712783160356317,0.1871116972853004,-17.69402853564805,-17.69402853564805,0.18624013423314945,0.18623452256644568,1.532053120189807,0.5106843733967378,0,-1
2023-06-13 17:51:00,2023-06-13 17:53:59,0.1867,0.1866,0.1866,0.1868,0.1865704859786662,0.18667499999999998,0.1866,0.1868,True,0.0003515816952970719,-0.0001249818091764418,0,0.1871197644444318,0.18710024159070382,-15.5345340226473,-15.5345340226473,0.18624446125570518,0.18623815915782432,12.34238749651027,4.6248135389001215,0,-1
2023-06-13 17:54:00,2023-06-13 17:56:59,0.1866,0.1865,0.1865,0.1867,0.1866227429893331,0.186575,0.1865,0.1867,True,0.0003407544313472815,-0.00011526739423777045,0,0.1871100030175678,0.18708761872589655,-15.372020471227692,-15.372020471227692,0.18624775019843448,0.18624076453933852,18.768587543613325,10.88100938677119,0,-2
2023-06-13 17:57:00,2023-06-13 17:59:59,0.1865,0.1869,0.1865,0.1869,0.18659887149466653,0.18670000000000003,0.1865,0.1869,True,0.0003449862576796193,-7.568454298431177e-05,0,0.1870988108717322,0.1870750211789838,-8.28937333625656,-8.28937333625656,0.18625225019646,0.18624732409616102,32.604890251652456,21.238621763925405,0,-1
2023-06-13 18:00:00,2023-06-13 18:02:59,0.1869,0.1864,0.1864,0.187,0.18664943574733328,0.18667500000000004,0.1864,0.187,True,0.0003632015249882172,-8.015874166688745e-05,0,0.187086916025358,0.18706235847100974,-9.62936611777635,-9.62936611777635,0.18625645666216686,0.1862488432593833,35.92822753566208,29.100568443642675,0,-2
2023-06-13 18:03:00,2023-06-13 18:05:59,0.1864,0.1862,0.1862,0.1865,0.18666221787366666,0.18632500000000002,0.1862,0.18666221787366666,True,0.0003586871303462013,-9.221398944212161e-05,0,0.18707463724818388,0.18704732996870418,-12.220188732747701,-12.220188732747701,0.1862571386854289,0.18624835725680236,29.502027488559023,32.678381758624575,0,-2
2023-06-13 18:06:00,2023-06-13 18:08:59,0.1863,0.1864,0.1862,0.1864,0.18649360893683334,0.18632500000000002,0.1862,0.18649360893683334,True,0.000347352335321473,-8.105023662541478e-05,0,0.18706098360844403,0.1870305419713919,-10.812884219328161,-10.812884219328161,0.1862578139223898,0.18624986613981925,14.133671660330224,26.521308894850502,0,-1
2023-06-13 18:09:00,2023-06-13 18:11:59,0.1865,0.1867,0.1865,0.1867,0.1864093044684167,0.1866,0.1865,0.1867,True,0.00034397002565565314,-4.8386449084471386e-05,0,0.18704576278991797,0.18701437068725485,-5.994200429809219,-5.994200429809219,0.18626121875898294,0.18625434508370164,32.594849342490704,25.41018283046004,0,-1
2023-06-13 18:12:00,2023-06-13 18:14:59,0.1867,0.1868,0.1866,0.1868,0.18650465223420834,0.186725,0.1866,0.1868,True,0.0003336864523945355,-1.69240557598561e-05,0,0.1870300667385864,0.1869996535308776,-1.6333144466033716,-0.0,0.1862658334976995,0.18625977448585387,65.92818267582403,37.552234559548374,0,-1
2023-06-13 18:15:00,2023-06-13 18:17:59,0.1868,0.1864,0.1864,0.1869,0.18661482611710417,0.18662499999999999,0.1864,0.1869,True,0.00034556599150921153,-2.1909080999071487e-05,0,0.187014860134732,0.1869854960885094,-3.729665843536175,-0.0,0.1862694072937423,0.1862611697646016,93.05640312039826,63.85981171290439,0,-2
2023-06-13 18:18:00,2023-06-13 18:20:59,0.1864,0.1866,0.1864,0.1866,0.18661991305855208,0.1865,0.1864,0.18661991305855208,True,0.00033516842068712343,-9.056033546341584e-06,0,0.1870001781116207,0.18697101881509423,-2.496283379652489,-0.0,0.18627170174853094,0.18626454120972996,80.17623454748137,79.72027344790128,0,-1
2023-06-13 18:21:00,2023-06-13 18:23:59,0.1867,0.1868,0.1867,0.1871,0.18655995652927604,0.18682500000000002,0.1867,0.1871,True,0.0003469421049237575,1.4767583726159182e-05,0,0.18698559846335747,0.18695861891156432,0.6696623171729286,0.0,0.18627720720376945,0.18626986915789184,80.17623454748137,84.46962407178707,0,-1
2023-06-13 18:24:00,2023-06-13 18:26:59,0.1868,0.1869,0.1868,0.1869,0.18669247826463803,0.18685000000000002,0.1868,0.1869,True,0.0003293033831434903,3.773312522706507e-05,0,0.1869721086874609,0.18694811113906606,3.8948934206889234,0.0,0.18628290663457772,0.18627613911651977,86.38134743624046,82.24460551040113,0,-1
2023-06-13 18:27:00,2023-06-13 18:29:59,0.1869,0.187,0.1868,0.1871,0.18677123913231902,0.18695,0.1868,0.1871,True,0.00032721028434752635,5.9051183426663304e-05,0,0.18696010991326348,0.18693985125547607,7.173270685452231,7.173270685452231,0.1862895443795073,0.1862833417123753,100.00000000000011,88.85252732790737,0,-1
2023-06-13 18:30:00,2023-06-13 18:32:59,0.187,0.1866,0.1865,0.1871,0.1868606195661595,0.18680000000000002,0.1865,0.1871,True,0.000346695264036988,4.3964831550777036e-05,0,0.18694998058436976,0.18693238866269785,3.184945141997467,0.0,0.1862946235399102,0.18628649254110788,93.13688953988203,93.17274565870758,0,-2
2023-06-13 18:33:00,2023-06-13 18:35:59,0.1866,0.1867,0.1865,0.1867,0.18683030978307977,0.18662499999999999,0.1865,0.18683030978307977,True,0.0003362170308914893,4.023319552002056e-05,0,0.1869411846235338,0.18692440429779902,1.990757447157506,0.0,0.18629791086787129,0.1862906070431864,79.00635728979587,90.71441560989273,0,-1
2023-06-13 18:36:00,2023-06-13 18:38:59,0.1867,0.1868,0.1864,0.1868,0.18672765489153986,0.186675,0.1864,0.1868,True,0.00034077295725638173,4.3944586868851745e-05,0,0.1869327944606664,0.18691640697244782,2.6693880021422345,0.0,0.18630166299853923,0.18629567562982136,67.32574379920685,79.82299687629497,0,-1
2023-06-13 18:39:00,2023-06-13 18:41:59,0.1867,0.1864,0.1864,0.1868,0.18670132744576995,0.186575,0.1864,0.1868,True,0.00034500346030949617,1.7944028819096594e-05,0,0.18692460071655712,0.1869077682070516,-2.2170640227851237,-0.0,0.18630438276969805,0.18629671368325598,58.32659258194281,68.2195645569819,0,-2
2023-06-13 18:42:00,2023-06-13 18:44:59,0.1864,0.1865,0.1864,0.1865,0.18663816372288497,0.18645,0.1864,0.18663816372288497,True,0.00032750321314453136,8.157575839866008e-06,0,0.18691618446180436,0.1868978260695815,-3.7870529347503066,-0.0,0.18630583169736273,0.18629873643267633,51.62442323127683,59.09225320414222,0,-2
2023-06-13 18:45:00,2023-06-13 18:47:59,0.1865,0.1865,0.1864,0.1866,0.1865440818614425,0.1865,0.1864,0.1866,True,0.0003183958407770633,2.4229685569995753e-06,0,0.18690700526569293,0.18688726904492095,-4.8337122093937595,-4.8337122093937595,0.18630776372027455,0.18630073905523675,45.28661324556043,51.745876352926736,0,-2
2023-06-13 18:48:00,2023-06-13 18:50:59,0.1865,0.1866,0.1862,0.1866,0.18652204093072125,0.186475,0.1862,0.1866,True,0.0003242247092929861,6.418662706752381e-06,0,0.18689713715530695,0.18687612882108068,-3.534610916608962,-0.0,0.1863094277628589,0.18630371677608018,30.6038398366927,42.5049587711767,0,-1
2023-06-13 18:51:00,2023-06-13 18:53:59,0.1866,0.1866,0.1866,0.1867,0.18649852046536064,0.18662499999999999,0.1866,0.1867,True,0.00030820865862920264,9.658273779761809e-06,0,0.18688663298819383,0.18686563503372733,-2.6685433880857587,-0.0,0.186312567785119,0.1863066648678605,34.72383054199503,36.871427874749436,0,-1
2023-06-13 18:54:00,2023-06-13 18:56:59,0.1866,0.1866,0.1866,0.1868,0.1865617602326803,0.18664999999999998,0.1866,0.1868,True,0.00030047946872711716,1.2247833462267091e-05,0,0.1868761340109606,0.18685589371549388,-2.0911650357369567,-0.0,0.18631592531959543,0.1863095836253942,38.258934191465706,34.52886819005119,0,-1
2023-06-13 18:57:00,2023-06-13 18:59:59,0.1866,0.1867,0.1866,0.1868,0.18660588011634016,0.18667499999999998,0.1866,0.1868,True,0.00029330236381803777,2.1137995470701297e-05,0,0.18686601386322724,0.1868469831838796,0.9061819467880525,0.0,0.1863194982019875,0.18631346836544005,56.64537794341479,43.2093808922919,0,-1
2023-06-13 19:00:00,2023-06-13 19:02:59,0.1867,0.1865,0.1865,0.1868,0.18664044005817007,0.18662499999999999,0.1865,0.1868,True,0.00029378076640246324,1.3096600042998319e-05,0,0.18685649852355343,0.18683844481896283,-2.210707750457324,-0.0,0.1863225380208732,0.18631532440160484,56.69461530479358,50.532975813224745,0,-2
2023-06-13 19:03:00,2023-06-13 19:05:59,0.1864,0.1868,0.1864,0.1871,0.18663272002908504,0.18667499999999998,0.1864,0.1871,True,0.00032279642594514296,2.8733808745123684e-05,0,0.18684747167125815,0.18683060109894115,2.0778473379094606,0.0,0.18632604510524262,0.18632014704437494,59.614662224708034,57.65155182430553,0,-1
2023-06-13 19:06:00,2023-06-13 19:08:59,0.1868,0.1875,0.1868,0.1875,0.1866538600145425,0.18714999999999998,0.1868,0.1875,True,0.00034973953837763317,8.635954020210319e-05,0,0.18683903638509966,0.18682661709913717,11.203433289858957,11.203433289858957,0.18633424366140935,0.18633188687477917,71.77325355900878,62.69417702950352,1,2
2023-06-13 19:09:00,2023-06-13 19:11:59,0.1874,0.1878,0.1874,0.1879,0.18690193000727123,0.187625,0.1874,0.1879,True,0.0003604724284935165,0.00014097529264790764,1,0.18683282674211843,0.18682895822382573,18.638085520367667,18.638085520367667,0.186347087008062,0.1863464949655774,88.43672709307981,73.27488095893226,0,2
2023-06-13 19:12:00,2023-06-13 19:14:59,0.1878,0.1877,0.1874,0.1879,0.1872634650036356,0.18769999999999998,0.1874,0.1879,True,0.00037043868360112255,0.0001635341305250006,0,0.18683089248297208,0.18683677768066403,21.558791671381,21.558791671381,0.1863605488288773,0.18635996267736268,100.00000000000011,86.73666021736295,0,2
2023-06-13 19:15:00,2023-06-13 19:17:59,0.1876,0.1874,0.1874,0.1878,0.1874817325018178,0.18755,0.1874,0.1878,True,0.0003725502062010412,0.00015037306580398824,0,0.18683383508181806,0.18684782745762138,18.12893219239561,18.12893219239561,0.18637238416391333,0.18637031130743867,94.37582486661073,94.27085065323028,0,2
2023-06-13 19:18:00,2023-06-13 19:20:59,0.1873,0.1868,0.1868,0.1873,0.18751586625090888,0.18705,0.1868,0.18751586625090888,True,0.0003887966200438252,9.389195991587506e-05,0,0.18684083126971973,0.18685791414337255,9.032994894708132,9.032994894708132,0.18637912661004355,0.1863745868168174,73.92047736987614,89.43210074549573,0,1
2023-06-13 19:21:00,2023-06-13 19:23:59,0.1868,0.1868,0.1865,0.1868,0.18728293312545444,0.186725,0.1865,0.18728293312545444,True,0.0003824540043264087,5.292857182343543e-05,0,0.18684937270654614,0.18686494352962693,2.969036696249816,0.0,0.18638256813631177,0.18637881978381424,46.282001804789246,71.52610134709211,0,1
2023-06-13 19:24:00,2023-06-13 19:26:59,0.1869,0.1869,0.1867,0.1869,0.18700396656272722,0.18685000000000002,0.1867,0.18700396656272722,True,0.00036942157544595135,3.060776470698491e-05,0,0.18685715811808654,0.18687037528635464,0.3874435413064532,0.0,0.18638721919963205,0.18638400565661212,26.3014982419843,48.834659138883296,0,1
2023-06-13 19:27:00,2023-06-13 19:29:59,0.187,0.1872,0.187,0.1875,0.18692698328136362,0.18717499999999998,0.187,0.1875,True,0.00038589146291409694,3.5006429423182624e-05,0,0.18686376670222057,0.18687674179611896,2.5109840900603118,0.0,0.1863950578145611,0.18639212500331248,28.10808615361741,33.56386206679705,0,2
2023-06-13 19:30:00,2023-06-13 19:32:59,0.1872,0.1867,0.1867,0.1873,0.18705099164068179,0.186975,0.1867,0.1873,True,0.00040118492984880355,1.5682633420007624e-06,0,0.18687025424916975,0.18688242834980223,-1.6797660138929373,-0.0,0.18640082838357044,0.18639518843611536,28.64720785284037,27.685597416147427,0,1
2023-06-13 19:33:00,2023-06-13 19:35:59,0.1867,0.187,0.1867,0.187,0.1870129958203409,0.18685000000000002,0.1867,0.1870129958203409,True,0.0003939574348596029,2.3315723068412968e-08,0,0.18687634129948597,0.18688668292054222,-0.9531582977044906,-0.0,0.18640529775288814,0.18640120646162664,23.980978184573743,26.912090730343905,0,1
2023-06-13 19:36:00,2023-06-13 19:38:59,0.187,0.1867,0.1866,0.187,0.18693149791017044,0.18682500000000002,0.1866,0.187,True,0.0003943890466553464,-2.1975220051189522e-05,0,0.18688151211001408,0.18688960936357393,-3.401858270361373,-0.0,0.18640947389465046,0.18640417953166022,11.715297748315201,21.447827928576505,0,1
2023-06-13 19:39:00,2023-06-13 19:41:59,0.1867,0.1867,0.1866,0.1869,0.18687824895508523,0.18672500000000003,0.1866,0.1869,True,0.0003876469718942518,-3.5602630855122145e-05,0,0.186885560736794,0.1868907839774629,-5.0343249187992924,-0.0,0.18641261345788776,0.18640712301890738,5.481318280845806,13.725864737911651,0,-2
2023-06-13 19:42:00,2023-06-13 19:44:59,0.1868,0.1868,0.1867,0.1869,0.18680162447754262,0.18680000000000002,0.1867,0.1869,True,0.0003742436167589485,-3.629074057137192e-05,0,0.18688817235712843,0.18689108588460726,-4.622757053321031,-0.0,0.1864164680503466,0.18641103224259986,4.713843052120466,7.303486360427226,0,-2
2023-06-13 19:45:00,2023-06-13 19:47:59,0.1868,0.187,0.1868,0.1872,0.18680081223877132,0.18695,0.1868,0.1872,True,0.0003760833584190245,-2.166590826559654e-05,0,0.18688962912086785,0.1868917277917099,-1.5456645803897402,-0.0,0.18642177682596503,0.1864168926182954,9.051542581040184,6.4155679713355545,0,-1
2023-06-13 19:48:00,2023-06-13 19:50:59,0.187,0.1869,0.1866,0.187,0.18687540611938566,0.186875,0.1866,0.187,True,0.0003777916899605236,-1.8333470962953934e-05,0,0.18689067845628887,0.18689211839924552,-1.0548440859892523,-0.0,0.18642628650928877,0.18642169965691932,13.533384910727937,9.099590181296264,0,-1
2023-06-13 19:51:00,2023-06-13 19:53:59,0.1868,0.1869,0.1868,0.187,0.18687520305969285,0.186875,0.1868,0.187,True,0.00036509228353477234,-1.5564457294766346e-05,0,0.1868913984277672,0.18689230847688168,-0.7276304230555937,-0.0,0.1864307513201416,0.18642645886431317,15.72027750026866,12.768401664012329,0,-1
2023-06-13 19:54:00,2023-06-13 19:56:59,0.1868,0.1874,0.1867,0.1875,0.18687510152984643,0.1871,0.1867,0.1875,True,0.0003961571204251454,2.1027088328019033e-05,0,0.18689185345232442,0.1868938831110626,5.86108377653003,5.86108377653003,0.18643741051098597,0.18643614584078766,23.316604087647914,17.523422166214903,0,2
2023-06-13 19:57:00,2023-06-13 19:59:59,0.1875,0.1879,0.1874,0.1879,0.1869875507649232,0.18767499999999998,0.1874,0.1879,True,0.00040357446896620644,7.780872058111895e-05,0,0.1868928682816935,0.18690048212417543,13.495577912597419,13.495577912597419,0.18644972483425976,0.18645071155381465,52.1680950912935,30.401658893070092,0,2
2023-06-13 20:00:00,2023-06-13 20:02:59,0.1879,0.1878,0.1877,0.188,0.18733127538246158,0.18785000000000002,0.1877,0.188,True,0.000396176292611477,0.00010382459070857706,0,0.18689667520293443,0.18691219227601433,16.744600620249912,16.744600620249912,0.18646365792048603,0.1864641373094981,81.01958609493909,52.168095091293566,0,2
2023-06-13 20:03:00,2023-06-13 20:05:59,0.1878,0.1883,0.1878,0.1884,0.1875906376912308,0.188075,0.1878,0.1884,True,0.0004107351288535156,0.00014975474194465956,0,0.18690443373947438,0.18692938985850147,21.551494020845325,21.551494020845325,0.18647969117500857,0.18648240459995086,100.00000000000013,77.72922706207764,0,2
2023-06-13 20:06:00,2023-06-13 20:08:59,0.1883,0.1882,0.1881,0.1885,0.1878328188456154,0.188275,0.1881,0.1885,True,0.00040996833393540816,0.0001651105608021168,0,0.18691691179898792,0.18695216195271688,22.96105791189477,22.96105791189477,0.18649755494441148,0.1864994951014439,100.00000000000013,93.67319536497985,0,2
2023-06-13 20:09:00,2023-06-13 20:11:59,0.1882,0.1877,0.1874,0.1882,0.1880539094228077,0.18787500000000001,0.1874,0.1882,True,0.00043782773865430727,0.00013231155320844788,0,0.1869345368758524,0.18697642223304967,16.708338068712195,16.708338068712195,0.1865112608653626,0.1865114404238176,87.0314868914656,95.67716229715535,0,1
2023-06-13 20:12:00,2023-06-13 20:14:59,0.1876,0.1881,0.1876,0.1881,0.18796445471140386,0.18784999999999996,0.1876,0.1881,True,0.0004422686144647139,0.0001313498515428617,0,0.18695547955445105,0.1870015161948688,15.816906073120037,15.816906073120037,0.18652458165277191,0.18652724698676468,73.3221925507945,86.78455981408682,0,2
2023-06-13 20:15:00,2023-06-13 20:17:59,0.1881,0.1878,0.1877,0.1881,0.18790722735570192,0.187925,0.1877,0.1881,True,0.0004392494277172332,0.00010280067247611804,0,0.18697849787465992,0.1870276089284803,11.766530451452027,11.766530451452027,0.1865385161636896,0.1865399111958516,61.03845051570013,73.79737665265348,0,1
2023-06-13 20:18:00,2023-06-13 20:20:59,0.1878,0.1874,0.187,0.1878,0.18791611367785097,0.1875,0.187,0.18791611367785097,True,0.0004650173257374305,5.0672163941613084e-05,0,0.1870030534015701,0.18705139302627405,5.3854836173016665,0.0,0.18654808316703597,0.1865484692934053,49.63619420627987,61.33227909092491,0,1
2023-06-13 20:21:00,2023-06-13 20:23:59,0.1874,0.1874,0.1873,0.1876,0.1877080568389255,0.187425,0.1873,0.1877080568389255,True,0.0004532303738990422,1.2985202103511361e-05,0,0.18702722321392207,0.1870726817548885,1.1314523945347617,0.0,0.18655680870766247,0.18655694223575947,35.20916540246582,48.627936708148674,0,1
2023-06-13 20:24:00,2023-06-13 20:26:59,0.1874,0.1875,0.1874,0.1878,0.18756652841946275,0.187525,0.1874,0.1878,True,0.0004494282043348237,-6.8368475057171084e-06,0,0.18704995248440529,0.1870925459048276,-0.38556056834059405,-0.0,0.18656644245186485,0.18656632589510513,20.02009479786771,34.9551514688712,0,1
2023-06-13 20:27:00,2023-06-13 20:29:59,0.1875,0.1877,0.1873,0.1882,0.18754576420973137,0.187675,0.1873,0.1882,True,0.00048161190402519434,-7.350409842412438e-06,0,0.18707124919461643,0.1871121813442834,1.1318440334162219,0.0,0.18657747287522938,0.18657760623445732,20.889783499306144,25.37301456654663,0,1
2023-06-13 20:30:00,2023-06-13 20:32:59,0.1877,0.1898,0.1876,0.1906,0.1876103821048657,0.18892499999999998,0.1876,0.1906,True,0.0006614967680233949,0.00013494032877435838,0,0.1870917152694499,0.18714007832770205,11.944056112756265,11.944056112756265,0.1866008313540828,0.18660966985401495,47.3463666904922,29.418748329222087,0,2
2023-06-13 20:33:00,2023-06-13 20:35:59,0.1897,0.1895,0.1891,0.1898,0.18826769105243285,0.189525,0.1891,0.1898,True,0.0006642469988788672,0.00019837811643087777,0,0.18711589679857596,0.1871784049178879,16.392345511614096,16.392345511614096,0.18662992755951482,0.1866384293579551,74.81917933018468,47.685109839994404,0,2
2023-06-13 20:36:00,2023-06-13 20:38:59,0.1895,0.1894,0.1888,0.1896,0.18889634552621642,0.189325,0.1888,0.1896,True,0.0006739436418160906,0.00022137723330007954,0,0.18714715085823191,0.1872233076369681,18.40121632845164,18.40121632845164,0.18665674420071368,0.18666590767280133,92.89571037608772,71.68708546558827,0,2
2023-06-13 20:39:00,2023-06-13 20:41:59,0.1894,0.1876,0.1875,0.1896,0.18911067276310822,0.188525,0.1875,0.1896,True,0.0007758048102577978,0.00010026603738725096,0,0.1871852292476,0.1872675908573968,8.839781369556214,8.839781369556214,0.18667533381065682,0.18667520212381825,71.05268542986704,79.58919171204654,0,1
2023-06-13 20:42:00,2023-06-13 20:44:59,0.1875,0.187,0.1864,0.1878,0.1888178363815541,0.18717499999999998,0.1864,0.1888178363815541,True,0.0008203901809536683,-2.6457227115736666e-05,0,0.1872264100524984,0.18730182007651722,0.4400291283933342,0.0,0.18668030561353585,0.18667843394348174,37.719352096533704,67.22258263416289,0,1
2023-06-13 20:45:00,2023-06-13 20:47:59,0.187,0.1883,0.187,0.1883,0.18799641819077706,0.18765,0.187,0.1883,True,0.0008546480251712631,-2.0790340044441033e-05,0,0.1872641150645078,0.18733115786600296,1.1350540633936888,0.0,0.18668995431389868,0.18669456892911873,14.872712053172904,41.21491652652461,0,1
2023-06-13 20:48:00,2023-06-13 20:50:59,0.1883,0.1882,0.1877,0.1883,0.18782320909538852,0.18812500000000001,0.1877,0.1883,True,0.0008364588805161721,-2.5749655472715534e-05,0,0.18729763646525538,0.18735970231524815,1.1502505621200214,0.0,0.18670423337545192,0.18670954834275935,14.680864650655707,22.424309600120836,0,1
2023-06-13 20:51:00,2023-06-13 20:53:59,0.1881,0.1876,0.1874,0.1882,0.18797410454769425,0.187825,0.1874,0.1882,True,0.0008338546747650166,-7.160014699911173e-05,0,0.18732866939025178,0.18738536799782543,-1.4944573230663067,-0.0,0.18671538528216383,0.18671840855825428,21.2413127486524,16.931629817493732,0,1
2023-06-13 20:54:00,2023-06-13 20:56:59,0.1876,0.1859,0.1851,0.1878,0.18789955227384714,0.1866,0.1851,0.18789955227384714,True,0.0009671507694246588,-0.0002171411153758957,-1,0.18735701869403862,0.1874001863105384,-8.242112948540367,-8.242112948540367,0.18671423716990349,0.18671026518951542,16.179169129293182,17.36711550953383,0,-2
2023-06-13 20:57:00,2023-06-13 20:59:59,0.186,0.187,0.186,0.187,0.18724977613692356,0.1865,0.186,0.18724977613692356,True,0.0009766400001800396,-0.00022824602022130286,0,0.18737860250228852,0.18740567663694166,-7.676494686649548,-7.676494686649548,0.1867121054567701,0.1867131481229531,6.560448097996834,14.660309991980869,-1,-2
2023-06-13 21:00:00,2023-06-13 21:02:59,0.187,0.1873,0.187,0.1875,0.18687488806846178,0.18719999999999998,0.187,0.1875,True,0.0009425942858814653,-0.00020641980333299483,0,0.18739213956961512,0.18740858804907087,-6.077740437805261,-6.077740437805261,0.18671696012884206,0.18671898744511276,6.244392012861955,9.661336413384054,0,-2
2023-06-13 21:03:00,2023-06-13 21:05:59,0.1874,0.1874,0.1873,0.1876,0.1870374440342309,0.187425,0.1873,0.1876,True,0.0008966946940327888,-0.00017765983453372618,0,0.18740036380934302,0.1874109928277519,-4.566456479369641,-4.566456479369641,0.1867240053016894,0.18672576368944,14.3359926516326,9.04694425416386,0,-1
2023-06-13 21:06:00,2023-06-13 21:08:59,0.1874,0.1872,0.1871,0.1877,0.18723122201711545,0.18735000000000002,0.1871,0.1877,True,0.0008755022158875908,-0.0001659896184703046,0,0.1874056783185475,0.18741246765125716,-4.482548611901706,-4.482548611901706,0.18673023410465767,0.1867304824586993,21.830622260670676,14.137002308388475,0,-2
2023-06-13 21:09:00,2023-06-13 21:11:59,0.1871,0.1859,0.1857,0.1872,0.18729061100855773,0.186475,0.1857,0.18729061100855773,True,0.0009201092004670487,-0.00024104998756064593,0,0.18740907298490234,0.18740719676512319,-9.123794319731893,-9.123794319731893,0.18672769446182524,0.18672221895164756,16.735696603514562,17.63410383860601,0,-2
2023-06-13 21:12:00,2023-06-13 21:14:59,0.1859,0.1864,0.1856,0.1865,0.18688280550427888,0.18610000000000002,0.1856,0.18688280550427888,True,0.0009186728290051175,-0.00024499215515441766,0,0.1874081348750128,0.18739407819943538,-9.376364127942708,-9.376364127942708,0.1867214487457872,0.1867190127929247,8.644095964743919,15.736804942976448,0,-2
2023-06-13 21:15:00,2023-06-13 21:17:59,0.1864,0.187,0.1863,0.1872,0.18649140275213943,0.186725,0.1863,0.1872,True,0.0009173390555047529,-0.00019552010306387406,0,0.1874011065372241,0.1873791592724226,-6.5077725231914485,-6.5077725231914485,0.18672148408165,0.1867218086855324,7.2744993848363,10.884763984364989,0,-1
2023-06-13 21:18:00,2023-06-13 21:20:59,0.187,0.1865,0.1865,0.187,0.1866082013760697,0.18675000000000003,0.1865,0.187,True,0.0008875291229686992,-0.00018884467192752902,0,0.18739013290482337,0.18736309679456917,-6.76240342560471,-6.76240342560471,0.1867217678221311,0.18671960163393506,16.639842488540598,10.852812612707003,0,-2
2023-06-13 21:21:00,2023-06-13 21:23:59,0.1866,0.1862,0.1862,0.1867,0.18667910068803487,0.186425,0.1862,0.1867,True,0.0008598484713280779,-0.0001961156760274149,0,0.18737661484969628,0.18734401435115064,-8.168792610891103,-8.168792610891103,0.18671881490847805,0.18671443146842326,25.31670800071409,16.410349958030395,0,-2
2023-06-13 21:24:00,2023-06-13 21:26:59,0.1862,0.1865,0.1861,0.1865,0.18655205034401745,0.186325,0.1861,0.18655205034401745,True,0.0008270021519475017,-0.000170613978192194,0,0.1873603146004235,0.18732199908711342,-7.188328445185029,-7.188328445185029,0.18671489635217478,0.1867122978219713,26.09497219988288,22.68384089637925,0,-1
2023-06-13 21:27:00,2023-06-13 21:29:59,0.1865,0.1868,0.1864,0.1868,0.1864385251720087,0.18662499999999999,0.1864,0.1868,True,0.0007965019982369648,-0.000124790146064735,0,0.18734115684376848,0.18729988415994095,-4.662221829383839,-4.662221829383839,0.18671400186110837,0.18671317048045916,29.918061089633113,27.10991376341009,0,-1
2023-06-13 21:30:00,2023-06-13 21:32:59,0.1868,0.1867,0.1865,0.187,0.18653176258600435,0.18675000000000003,0.1865,0.187,True,0.0007753232840771817,-9.510966097024291e-05,0,0.18732052050185474,0.18727870013213319,-3.6348153387263125,-3.6348153387263125,0.1867143600515451,0.18671303943090234,42.97034333808611,32.99445887586743,0,-1
2023-06-13 21:33:00,2023-06-13 21:35:59,0.1868,0.1866,0.1866,0.187,0.1866408812930022,0.18674999999999997,0.1866,0.187,True,0.0007485144780716695,-7.704365604586897e-05,0,0.187299610316994,0.18725839435290112,-3.673137505285098,-3.673137505285098,0.18671471467789788,0.1867119146604456,61.513822612860565,44.80074234686,0,-1
2023-06-13 21:36:00,2023-06-13 21:38:59,0.1866,0.1864,0.1862,0.1867,0.18669544064650107,0.186475,0.1862,0.1867,True,0.0007307634439236932,-7.402925214473584e-05,0,0.18727900233494757,0.18723703255173624,-5.195721032809601,-5.195721032809601,0.18671232945722227,0.18670881103198345,63.561954460003484,56.01537347031678,0,-2
2023-06-13 21:39:00,2023-06-13 21:41:59,0.1864,0.1867,0.1863,0.1868,0.18658522032325053,0.18655,0.1863,0.1868,True,0.0007142803407862866,-4.6474931280879686e-05,0,0.18725801744334192,0.18721550048151048,-3.322364213410438,-3.322364213410438,0.18671071423874244,0.18670872336002342,61.40887881456846,62.16155196247757,0,-1
2023-06-13 21:42:00,2023-06-13 21:44:59,0.1867,0.187,0.1867,0.1872,0.18656761016162526,0.1869,0.1867,0.1872,True,0.0006989746021586948,-4.2160582133491005e-06,0,0.18723675896242623,0.1871963834623687,0.4299783416636913,0.0,0.18671259767915296,0.18671162163504806,69.29543564482809,64.7554229731334,0,-1
2023-06-13 21:45:00,2023-06-13 21:47:59,0.187,0.1864,0.1864,0.187,0.18673380508081264,0.18670000000000003,0.1864,0.187,True,0.0006919049877187872,-1.6054981518862435e-05,0,0.18721657121239746,0.187177926780318,-2.217630530990114,-0.0,0.18671247232911165,0.1867085209222615,78.90216803338126,69.86882749759266,0,-2
2023-06-13 21:48:00,2023-06-13 21:50:59,0.1863,0.186,0.1857,0.1864,0.18671690254040635,0.1861,0.1857,0.18671690254040635,True,0.0006924832028817314,-4.859774481017073e-05,0,0.18719724899635773,0.187155999980691,-6.472562527051444,-6.472562527051444,0.18670637807708068,0.186701470962836,65.64016229537377,71.27925532452777,0,-2
2023-06-13 21:51:00,2023-06-13 21:53:59,0.186,0.186,0.1858,0.1862,0.18640845127020317,0.186,0.1858,0.18640845127020317,True,0.0006715915455330372,-6.555715609992796e-05,0,0.18717662448852435,0.18713080546790958,-9.309183857759002,-9.309183857759002,0.18669934943949779,0.18669449115226053,35.61801646406273,60.05344893093931,0,-2
2023-06-13 21:54:00,2023-06-13 21:56:59,0.186,0.1863,0.186,0.1865,0.18620422563510158,0.1862,0.186,0.1865,True,0.0006593350065663918,-5.100154966041967e-05,0,0.18715371497821695,0.18710458333542535,-7.743765733108326,-7.743765733108326,0.1866943807883585,0.1866905658671634,19.809655942150187,40.355944900528954,0,-1
2023-06-13 21:57:00,2023-06-13 21:59:59,0.1863,0.186,0.186,0.1864,0.18620211281755078,0.186175,0.186,0.1864,True,0.000640811077525936,-5.778362584398503e-05,0,0.18712914915682113,0.1870775605358508,-9.131596159285394,-9.131596159285394,0.18668921282031514,0.18668369456500256,22.721432372475693,26.04970159289626,0,-2
2023-06-13 22:00:00,2023-06-13 22:02:59,0.186,0.1858,0.1857,0.1863,0.1861885564087754,0.18595,0.1857,0.1863,True,0.0006378960005597969,-7.110518218730758e-05,0,0.18710335484633597,0.18704854903130858,-11.50337224620128,-11.50337224620128,0.18668185746886923,0.18667490158425626,19.931867611578625,20.820985308734894,0,-2
2023-06-13 22:03:00,2023-06-13 22:05:59,0.1859,0.1863,0.1859,0.1863,0.1860692782043877,0.18610000000000002,0.1859,0.1863,True,0.0006280462862340971,-3.994051185573957e-05,0,0.18707595193882226,0.18701920001465314,-7.459829196690535,-7.459829196690535,0.1866760678423133,0.1866711712202338,18.833714806253486,20.495671596769327,0,-1
2023-06-13 22:06:00,2023-06-13 22:08:59,0.1862,0.1859,0.1858,0.1864,0.18608463910219386,0.186075,0.1858,0.1864,True,0.00062604298007452,-4.3062440967433265e-05,0,0.18704757597673768,0.18698961511121667,-8.07992192075801,-8.07992192075801,0.18667008706776292,0.18666349787475883,17.625289386522258,18.79695726811818,0,-2
2023-06-13 22:09:00,2023-06-13 22:11:59,0.1858,0.1855,0.1852,0.1858,0.18607981955109693,0.185575,0.1852,0.18607981955109693,True,0.0006313256243549118,-6.81412319370971e-05,0,0.18701859554397718,0.18695661694462629,-11.080473277248458,-11.080473277248458,0.18665919067902895,0.18665192078147766,17.103666645397034,17.85422361272432,0,-2
2023-06-13 22:12:00,2023-06-13 22:14:59,0.1855,0.1852,0.1847,0.1855,0.18582740977554846,0.185225,0.1847,0.18582740977554846,True,0.0006433737940438463,-9.932142586536888e-05,0,0.18698760624430172,0.18691875652225323,-14.688902313717925,-14.688902313717925,0.18664492012500875,0.18663747380852763,8.0174173877784,14.24879113989929,0,-2
2023-06-13 22:15:00,2023-06-13 22:17:59,0.1852,0.1856,0.1849,0.1857,0.18552620488777422,0.18535000000000001,0.1849,0.1857,True,0.0006545613801835713,-8.488427907972116e-05,0,0.18695318138327746,0.18687818540740203,-12.541880730527211,-12.541880730527211,0.18663203534764547,0.18662715068605473,4.731584144608817,9.950889392594808,0,-1
2023-06-13 22:18:00,2023-06-13 22:20:59,0.1856,0.1857,0.1855,0.1858,0.18543810244388712,0.18564999999999998,0.1855,0.1858,True,0.0006292355673133158,-6.203516549375374e-05,0,0.18691568339533973,0.18683781682533288,-10.063807177088322,-10.063807177088322,0.18662226385164898,0.186617925306094,20.339654166824676,11.029551899737356,0,-1
2023-06-13 22:21:00,2023-06-13 22:23:59,0.1857,0.186,0.1857,0.1861,0.18554405122194356,0.185875,0.1857,0.1861,True,0.0006128615982195064,-2.0957768814240186e-05,0,0.1868767501103363,0.18679942840943053,-5.426136190981175,-5.426136190981175,0.18661482839043855,0.1866117767955856,43.54259242320617,22.871276911546612,0,-1
2023-06-13 22:24:00,2023-06-13 22:26:59,0.1859,0.1859,0.1858,0.186,0.1857095256109718,0.1859,0.1858,0.186,True,0.0005833714840609707,2.6661249513086497e-06,0,0.1868380892598834,0.18676303390422144,-3.4300942113502586,-0.0,0.18660771567013568,0.18660469443941063,66.87485037258558,43.58569898753887,0,-1
2023-06-13 22:27:00,2023-06-13 22:29:59,0.186,0.186,0.1858,0.186,0.1858047628054859,0.18595,0.1858,0.186,True,0.0005559878066280446,2.7655063031215466e-05,0,0.1868005615820524,0.18672880197710676,-0.9746198267360242,-0.0,0.18660117123560696,0.186598677579317,84.60011368370306,65.00585215983166,0,-1
2023-06-13 22:30:00,2023-06-13 22:32:59,0.186,0.186,0.1857,0.1861,0.18587738140274296,0.18595,0.1857,0.1861,True,0.000544845820440326,4.550229774501072e-05,0,0.18676468177957958,0.1866965075303588,0.6623630963401368,0.0,0.18659469191982977,0.18659272058847803,94.7305087606549,82.06849093898124,0,-1
2023-06-13 22:33:00,2023-06-13 22:35:59,0.186,0.1857,0.1856,0.186,0.18591369070137148,0.18582500000000002,0.1856,0.186,True,0.000534499690408875,3.7285180156209144e-05,0,0.1867305946549692,0.18666510241684464,-2.340333514663257,-0.0,0.1865870332937618,0.18658383779655288,94.77833944654886,91.36965396363566,0,-1
2023-06-13 22:36:00,2023-06-13 22:38:59,0.1857,0.1855,0.1854,0.1858,0.18586934535068575,0.1856,0.1854,0.18586934535068575,True,0.0005248925696653827,1.9381861819146873e-05,0,0.1866978485359069,0.18663306921483713,-6.481755969045672,-6.481755969045672,0.1865772120669582,0.1865730533408658,80.59860617733368,90.0358181281792,0,-2
2023-06-13 22:39:00,2023-06-13 22:41:59,0.1855,0.1851,0.1851,0.1856,0.18573467267534288,0.185325,0.1851,0.18573467267534288,True,0.0005231145289749982,-1.772598893237887e-05,0,0.186665458875372,0.18659887450372084,-12.413728344016278,-12.413728344016278,0.18656475224539643,0.186558396093693,56.511528674779186,77.29615809955396,0,-2
2023-06-13 22:42:00,2023-06-13 22:44:59,0.1851,0.185,0.1849,0.1854,0.18552983633767145,0.1851,0.1849,0.18552983633767145,True,0.0005214634911910698,-4.498372205372813e-05,0,0.1866321666895464,0.18656166889408576,-17.01080956042488,-17.01080956042488,0.1865501775961885,0.18654288966490004,30.296899249756223,55.80234470062309,0,-2
2023-06-13 22:45:00,2023-06-13 22:47:59,0.185,0.1853,0.185,0.1854,0.18531491816883572,0.18517499999999998,0.185,0.1854,True,0.0005127875275345656,-3.714722176376172e-05,0,0.18659691779181609,0.18652286263268122,-14.679313079350592,-14.679313079350592,0.18653649423702245,0.18653052260355776,17.7058227311111,34.83808355188223,0,-1
2023-06-13 22:48:00,2023-06-13 22:50:59,0.1853,0.1857,0.1853,0.1857,0.18524495908441785,0.1855,0.1853,0.1857,True,0.0005047312755678117,-5.52767477793141e-08,0,0.18655989021224864,0.18648529226473026,-8.050122327739501,-8.050122327739501,0.1865261808615297,0.1865222586970547,33.943589860547995,27.315437280471837,0,-1
2023-06-13 22:51:00,2023-06-13 22:53:59,0.1856,0.1857,0.1856,0.1859,0.18537247954220892,0.18569999999999998,0.1856,0.1859,True,0.0004901076130272554,2.6857375044206714e-05,0,0.18652259123848944,0.1864503249097587,-3.6306618266654382,-0.0,0.18651796015643984,0.18651407701847703,65.37987983902224,39.00976414356051,0,-1
2023-06-13 22:54:00,2023-06-13 22:56:59,0.1856,0.1858,0.1855,0.1858,0.18553623977110445,0.18567499999999998,0.1855,0.1858,True,0.0004765284978110225,5.2793773095747556e-05,0,0.18648645807412406,0.1864174753118668,0.5650464970666675,0.0,0.1865095724931917,0.1865069717745121,91.0532359406078,63.45890188005941,0,-1
2023-06-13 22:57:00,2023-06-13 22:59:59,0.1858,0.1857,0.1856,0.1858,0.18560561988555221,0.18572499999999997,0.1856,0.1858,True,0.00045677646225309273,6.313402224811091e-05,0,0.18645196669299544,0.1863868614753662,1.5688584807708708,0.0,0.18650176580171715,0.18649894220461644,98.9025463137254,85.11188736445187,0,-1
2023-06-13 23:00:00,2023-06-13 23:02:59,0.1858,0.1851,0.1851,0.1858,0.18566530994277608,0.18545,0.1851,0.1858,True,0.000474149572092158,2.8537837379237594e-05,0,0.1864194140841808,0.18635633112055447,-4.843114832714811,-0.0,0.18649130047035678,0.18648502238168493,86.95869562086567,92.30482595839969,0,-2
2023-06-13 23:03:00,2023-06-13 23:05:59,0.1852,0.1854,0.185,0.1856,0.18555765497138804,0.18530000000000002,0.185,0.1856,True,0.00048313888837128884,2.8109863733422145e-05,0,0.18638787260236764,0.18632504680264572,-4.782927617337329,-0.0,0.18647944673433334,0.1864742261390811,70.15045054235827,85.33723082564984,0,-1
2023-06-13 23:06:00,2023-06-13 23:08:59,0.1855,0.186,0.1854,0.1861,0.18542882748569403,0.18574999999999997,0.1854,0.1861,True,0.0004986289677733381,7.031743466856983e-05,0,0.18635645970250667,0.18629647100653818,1.0086118930594452,0.0,0.18647218855787231,0.18646950747103055,70.15045054235827,75.7531989018608,0,-1
2023-06-13 23:09:00,2023-06-13 23:11:59,0.1859,0.1858,0.1858,0.186,0.185589413742847,0.185875,0.1858,0.186,True,0.0004772983272181001,8.322320971585834e-05,0,0.1863264653545224,0.1862710813419764,2.5306784221055167,0.0,0.1864662463831671,0.18646284570514965,82.094301235218,74.1317341066449,0,-1
2023-06-13 23:12:00,2023-06-13 23:14:59,0.1857,0.1858,0.1857,0.186,0.1857322068714235,0.18580000000000002,0.1857,0.186,True,0.00046463416098823545,9.01834448527501e-05,0,0.1862987733482494,0.1862478597615274,3.5453894414695597,3.5453894414695597,0.18645961706592168,0.18645625022549642,97.32094007682537,83.18856395146726,0,2
2023-06-13 23:15:00,2023-06-13 23:17:59,0.1859,0.1851,0.1849,0.186,0.18576610343571176,0.185475,0.1849,0.186,True,0.0005100174352033607,4.4839967800861826e-05,0,0.1862733165548884,0.1862242746080588,-2.4661458373170717,-0.0,0.18644981988118614,0.18644275519837705,83.85960472093622,87.75828201099324,0,-2
2023-06-13 23:18:00,2023-06-13 23:20:59,0.1851,0.1855,0.185,0.1855,0.18562055171785588,0.185275,0.185,0.18562055171785588,True,0.0005093019041174065,4.3071732584690334e-05,0,0.18624879558147361,0.1861991928175368,-2.208166951522877,-0.0,0.1864381301311246,0.186433374549637,64.5047168471505,81.89508721497076,0,-1
2023-06-13 23:21:00,2023-06-13 23:23:59,0.1855,0.1848,0.1845,0.1857,0.18544777585892794,0.18512499999999998,0.1845,0.1857,True,0.000558637482394735,-5.943277320798928e-06,0,0.18622399419950522,0.18617207564237429,-6.7726381010058105,-0.0,0.1864250641596706,0.18641712206655603,43.63759534328597,64.00063897045762,0,-2
2023-06-13 23:24:00,2023-06-13 23:26:59,0.1848,0.1837,0.1833,0.1848,0.18528638792946395,0.18414999999999998,0.1833,0.18528638792946395,True,0.0006258776622236825,-0.00011072296759729818,0,0.18619803492093975,0.18613685251035184,-13.870785882549335,-13.870785882549335,0.18640242670534554,0.18639008602609278,23.765597365841796,43.96930318542615,0,-2
2023-06-13 23:27:00,2023-06-13 23:29:59,0.1838,0.1841,0.1834,0.1845,0.18471819396473196,0.18395,0.1834,0.18471819396473196,True,0.0006597435434934187,-0.00014381392150924777,0,0.18616744371564578,0.18609411695693895,-15.097369266091746,-15.097369266091746,0.18637802444957097,0.18636729910046002,9.787151906294177,25.73011487180737,0,-2
2023-06-13 23:30:00,2023-06-13 23:32:59,0.184,0.1841,0.1836,0.1845,0.18433409698236597,0.18405,0.1836,0.1845,True,0.0006769047189581734,-0.0001562639696996749,0,0.18613078033629235,0.18604644613902424,-15.915091521786685,-15.915091521786685,0.18635486002718718,0.18634473891040568,2.9519537058167793,12.168234325984303,0,-2
2023-06-13 23:33:00,2023-06-13 23:35:59,0.1841,0.1842,0.184,0.1844,0.18419204849118298,0.184175,0.184,0.1844,True,0.0006571258104611618,-0.00014769779101553575,0,0.1860886132376583,0.1859960744580998,-15.418765901211536,-15.418765901211536,0.18633316987766294,0.18632339822472999,9.612087250569447,7.450397620893521,0,-2
2023-06-13 23:36:00,2023-06-13 23:38:59,0.1841,0.1845,0.1841,0.1846,0.18418352424559148,0.18432500000000002,0.1841,0.1846,True,0.0006459025382853625,-0.00011197315727909049,0,0.18604234384787904,0.1859449511315531,-12.022426089570942,-12.022426089570942,0.18631318808783545,0.18630525495881228,20.66294545498918,11.075662137125187,0,-1
2023-06-13 23:39:00,2023-06-13 23:41:59,0.1846,0.1845,0.1844,0.1848,0.18425426212279575,0.184575,0.1844,0.1848,True,0.0006283380712649783,-8.06823293708598e-05,0,0.18599364748971609,0.1858953020553762,-9.758199548477215,-9.758199548477215,0.1862958926839764,0.18628729222290372,35.683839350416235,21.986290685325006,0,-1
2023-06-13 23:42:00,2023-06-13 23:44:59,0.1845,0.1847,0.1844,0.1847,0.18441463106139788,0.184575,0.1844,0.1847,True,0.0006048853518889081,-3.981697500720976e-05,0,0.18594447477254614,0.1858471543123458,-6.029985928470239,-0.0,0.18627876937368806,0.186271498270437,46.99655340690726,34.447779404104274,0,-1
2023-06-13 23:45:00,2023-06-13 23:47:59,0.1847,0.1841,0.1841,0.1847,0.18449481553069894,0.1844,0.1841,0.1847,True,0.0006045363981825567,-4.938830275566899e-05,0,0.18589581454244597,0.18579931823807425,-8.731457646264069,-8.731457646264069,0.1862600751510643,0.18624989132247247,50.680403857058344,44.45359887146066,0,-2
2023-06-13 23:48:00,2023-06-13 23:50:59,0.1841,0.1834,0.1834,0.1841,0.18444740776534946,0.18375000000000002,0.1834,0.18444740776534946,True,0.0006113552268838031,-9.791526528053784e-05,0,0.18584756639026012,0.18574759605789767,-14.089881803401752,-14.089881803401752,0.1862350992789144,0.18622153419488569,37.6085011354706,45.09515279981212,0,-2
2023-06-13 23:51:00,2023-06-13 23:53:59,0.1833,0.1835,0.1832,0.1837,0.18409870388267474,0.183425,0.1832,0.18409870388267474,True,0.0006034012821063886,-0.00011443247211030422,0,0.1857975812240789,0.18569093934274736,-16.45191076959817,-16.45191076959817,0.18620713809205955,0.18619445425264802,20.725595837562533,36.33816694336388,0,-2
2023-06-13 23:54:00,2023-06-13 23:56:59,0.1835,0.1832,0.1832,0.1838,0.18376185194133737,0.183425,0.1832,0.1838,True,0.000603158333384503,-0.00013675454601727935,0,0.18574426028341315,0.185630786358828,-19.455675384425426,-19.455675384425426,0.1861794551259694,0.18616465868794504,7.4330320263257645,21.922376333119686,0,-2
2023-06-13 23:57:00,2023-06-13 23:59:59,0.1832,0.1833,0.1826,0.1834,0.1835934259706687,0.183125,0.1826,0.1835934259706687,True,0.0006172184524284667,-0.0001341755844697784,0,0.18568752332112057,0.18556623513231976,-20.045655364003203,-20.045655364003203,0.1861490625376513,0.18613615462139832,2.532087146669823,10.230238336852763,0,-2
