start_time,end_time,open,close,low,high,h_open,h_close,h_low,h_high,finish,atr_14,macd_13_34,st_signal,av2_open,av2_close,histo2,qqe,ema_h200,ema_200,fastk,fastd,xo_signal,macd_hists
2023-06-22 00:00:00,2023-06-22 00:04:59,0.02194,0.02202,0.0219,0.02204,0.021913988848476954,0.021975,0.0219,0.02204,True,8.747631868993258e-05,-4.920296959805081e-06,0,0.02181721514577167,0.021826096556112954,3.8858268890847256,0.0,0.02160263308317815,0.021605400821658502,26.066101403546515,11.050513966997563,0,2
2023-06-22 00:05:00,2023-06-22 00:09:59,0.02202,0.02209,0.022,0.02213,0.02194449442423848,0.02206,0.022,0.02213,True,9.051372449779465e-05,3.856264090752066e-06,0,0.021821655850942312,0.021831126345343795,11.575664971588488,11.575664971588488,0.021607183997773394,0.02161022270403006,58.69651714746499,30.381713819680954,0,2
2023-06-22 00:10:00,2023-06-22 00:14:59,0.02209,0.02214,0.02207,0.02217,0.02200224721211924,0.0221175,0.02207,0.02217,True,9.1191315605095e-05,1.2408050356387829e-05,0,0.021826391098143053,0.021837051161596937,18.107354992188945,18.107354992188945,0.02161226176893983,0.021615494119910355,86.35024516218162,57.03762123773098,0,2
2023-06-22 00:15:00,2023-06-22 00:19:59,0.02214,0.02227,0.02212,0.02229,0.02205987360605962,0.022205000000000003,0.02212,0.02229,True,9.68205073475882e-05,2.5896011336326704e-05,0,0.021831721129869995,0.021844240331431935,24.742346301313958,24.742346301313958,0.0216181596617862,0.021622006616229653,99.99999999999996,81.68225410321547,0,2
2023-06-22 00:20:00,2023-06-22 00:24:59,0.02225,0.02229,0.02216,0.02231,0.02213243680302981,0.022252499999999998,0.02216,0.02231,True,0.00010061904253704625,3.4384642109862136e-05,0,0.021837980730650967,0.02185270151089769,29.416867385689983,29.416867385689983,0.021624471505947533,0.021628653316565678,99.99999999999996,95.45008172072711,0,2
2023-06-22 00:25:00,2023-06-22 00:29:59,0.02229,0.02239,0.02227,0.02247,0.022192468401514905,0.022355,0.02227,0.02247,True,0.00010771768235582858,4.4689506760757643e-05,0,0.02184534112077433,0.02186280935880711,33.558802464868066,33.558802464868066,0.021631740446186862,0.021636228905455572,99.99999999999996,99.99999999999989,0,2
2023-06-22 00:30:00,2023-06-22 00:34:59,0.02238,0.0224,0.02225,0.02254,0.022273734200757452,0.022392500000000003,0.02225,0.02254,True,0.00012073784790184096,4.9461563788426703e-05,0,0.02185407523979072,0.0218744015796565,36.40661328073607,36.40661328073607,0.021639310192990972,0.0216438286178391,99.99999999999996,99.99999999999989,0,2
2023-06-22 00:35:00,2023-06-22 00:39:59,0.0224,0.02237,0.02233,0.02246,0.022333117100378726,0.02239,0.02233,0.02246,True,0.00012139943019456672,4.761862497798007e-05,0,0.02186423840972361,0.02188706577013891,35.14981901881583,35.14981901881583,0.02164677974330947,0.021651054203731247,99.61211128942693,99.87070376314222,0,2
2023-06-22 00:40:00,2023-06-22 00:44:59,0.02237,0.02249,0.02234,0.02249,0.022361558550189363,0.022422499999999998,0.02234,0.02249,True,0.000123442328037812,5.178960264167891e-05,0,0.021875652089931263,0.021900710024600097,36.2240300100016,36.2240300100016,0.02165449835282878,0.021659401923097104,99.61211128942693,99.74140752628455,0,2
2023-06-22 00:45:00,2023-06-22 00:49:59,0.02249,0.02238,0.02233,0.0225,0.02239202927509468,0.022425,0.02233,0.0225,True,0.00012676787603511114,4.3805509995775135e-05,0,0.021888181057265678,0.021915049428887032,29.08872370039002,29.08872370039002,0.021662165035885212,0.02166657205321554,99.61211128942693,99.61211128942688,0,1
2023-06-22 00:50:00,2023-06-22 00:54:59,0.02238,0.02234,0.02225,0.02238,0.02240851463754734,0.0223375,0.02225,0.02240851463754734,True,0.00012699874203260332,3.304974256646508e-05,0,0.021901615243076353,0.02192923740290445,22.080754785776662,22.080754785776662,0.021668884786771925,0.021673272828805438,86.84322281161654,95.35581513015676,0,1
2023-06-22 00:55:00,2023-06-22 00:59:59,0.02233,0.02228,0.02226,0.02235,0.022373007318773667,0.022305,0.02226,0.022373007318773667,True,0.00012435597474456022,1.955952721472551e-05,0,0.0219154263229904,0.021942985825652954,14.35219603433012,0.0,0.02167521429138116,0.02167930991508598,69.34038637921842,85.26524016008725,0,1
2023-06-22 01:00:00,2023-06-22 01:04:59,0.02228,0.02239,0.02222,0.02241,0.022339003659386833,0.022325,0.02222,0.02241,True,0.0001290448336913773,1.653229964694575e-05,0,0.021929206074321677,0.021956431079064535,13.59222490030237,0.0,0.021681679820820154,0.021686381458219453,51.70463631543302,69.29608183542261,0,1
2023-06-22 01:05:00,2023-06-22 01:09:59,0.0224,0.02235,0.02232,0.02243,0.022332001829693415,0.022375,0.02232,0.02243,True,0.0001276844884277074,1.0092924521473657e-05,0,0.021942818576693106,0.021969888449561374,10.993008319670324,0.0,0.0216885785290707,0.02169298462778941,45.881985695179,55.64233612994343,0,1
2023-06-22 01:10:00,2023-06-22 01:14:59,0.02235,0.02219,0.02208,0.02235,0.022353500914846707,0.0222425,0.02208,0.022353500914846707,True,0.00013784988211144254,-6.508443324675973e-06,0,0.02195635351312724,0.021982353937142513,3.1822455105389835,0.0,0.02169409018549786,0.02169793005437857,30.051488794243784,42.546036934951886,0,1
2023-06-22 01:15:00,2023-06-22 01:19:59,0.02218,0.02226,0.02217,0.02228,0.022298000457423355,0.0222225,0.02217,0.022298000457423355,True,0.00013586060481776823,-1.3152428408859249e-05,0,0.021969353725134876,0.0219938157605579,1.0230604997290556,0.0,0.021699347994597384,0.021703522790155895,14.353905524695849,30.095793338039496,0,1
2023-06-22 01:20:00,2023-06-22 01:24:59,0.02227,0.02216,0.02216,0.02232,0.022260250228711677,0.022227499999999997,0.02216,0.02232,True,0.00013758484733078483,-2.4696028853102194e-05,0,0.021981584742846387,0.022004443057136686,-3.540494778450274,-3.540494778450274,0.021704603238432235,0.02170806485194539,0.43817682171094124,14.947857046883476,0,1
2023-06-22 01:25:00,2023-06-22 01:29:59,0.02216,0.02224,0.02216,0.02227,0.022243875114355837,0.022207499999999998,0.02216,0.02227,True,0.0001356145010928718,-2.6505919324307725e-05,0,0.02199301389999154,0.022014203189042545,-3.2086904547703767,-3.2086904547703767,0.02170960718630853,0.021713357738990708,0.43817682171094124,5.076753056039194,0,1
2023-06-22 01:30:00,2023-06-22 01:34:59,0.02225,0.02226,0.02223,0.02229,0.022225687557177916,0.0222575,0.02223,0.02229,True,0.0001302134653005239,-2.60124186826864e-05,0,0.022003608544517043,0.022023556684391807,-2.1779692884885193,-0.0,0.021715058856096505,0.021718796965468412,4.821152123339905,1.8991685889205463,0,1
2023-06-22 01:35:00,2023-06-22 01:39:59,0.02227,0.02226,0.02224,0.02231,0.022241593778588958,0.022269999999999998,0.02224,0.02231,True,0.00012591250349334367,-2.538082166275024e-05,0,0.022013582614454425,0.022032611620288453,-1.4908218443006191,-0.0,0.021720580658523406,0.021724182070289623,9.814718515764191,5.024682486938296,0,1
2023-06-22 01:40:00,2023-06-22 01:44:59,0.02226,0.02225,0.02222,0.02229,0.02225579688929448,0.022255,0.02222,0.02229,True,0.00012191875324381916,-2.5332574733549822e-05,0,0.022023097117371437,0.022041266455786575,-1.5682326688829846,-0.0,0.021725898263911234,0.021729414089490723,13.463530489723794,9.366467042942581,0,-2
2023-06-22 01:45:00,2023-06-22 01:49:59,0.02225,0.02232,0.02224,0.02235,0.02225539844464724,0.022289999999999997,0.02224,0.02235,True,0.00012106741372640342,-2.013657409291718e-05,0,0.022032181786579005,0.022049787045272842,2.0512051734688583,0.0,0.021731511216509132,0.021735290566212206,15.856370072053211,13.044873025847016,0,-1
2023-06-22 01:50:00,2023-06-22 01:54:59,0.02232,0.02234,0.02229,0.02235,0.022272699222323618,0.022324999999999998,0.02229,0.02235,True,0.00011670545560308872,-1.5241378307468778e-05,0,0.022040984415925922,0.02205838361884592,5.387411160472624,0.0,0.02173741657753889,0.02174130757550363,20.117495706715875,16.47913208949758,0,2
2023-06-22 01:55:00,2023-06-22 01:59:59,0.02233,0.02237,0.02232,0.02239,0.022298849611161808,0.022352499999999997,0.02232,0.02239,True,0.00011336935163143956,-1.004984820111095e-05,0,0.02204968401738592,0.022067169712833328,8.991351066623814,0.0,0.021743536810598204,0.021747563221518516,36.99940869499975,24.324424824589567,0,2
2023-06-22 02:00:00,2023-06-22 02:04:59,0.02237,0.02246,0.02237,0.02246,0.022325674805580904,0.022415000000000004,0.02237,0.02246,True,0.00011170011222919387,-7.691243619262531e-07,0,0.022058426865109622,0.022076473552093856,14.571337656890051,0.0,0.021750218036363397,0.021754652144687487,58.53108640135738,38.549330267690955,0,2
2023-06-22 02:05:00,2023-06-22 02:09:59,0.02245,0.02242,0.0224,0.02248,0.022370337402790454,0.0224375,0.0224,0.02248,True,0.00010943581849853717,1.8256728437625346e-06,0,0.022067450208601735,0.022086275555545324,14.990951340675394,0.0,0.021757056662867244,0.021761272521357265,79.65143237210575,58.39397582282091,0,2
2023-06-22 02:10:00,2023-06-22 02:14:59,0.02243,0.02247,0.02242,0.02248,0.02240391870139523,0.022449999999999998,0.02242,0.02248,True,0.00010590468860578458,6.14976059171057e-06,0,0.022076862882073528,0.022096488278293254,17.138151717495788,17.138151717495788,0.02176395162144568,0.021768324536070128,91.32973518705383,76.50408465350561,0,2
2023-06-22 02:15:00,2023-06-22 02:19:59,0.02248,0.02251,0.02245,0.02251,0.022426959350697613,0.0224875,0.02245,0.02251,True,0.0001026257822767998,1.0701990186311774e-05,0,0.022086675580183388,0.022107211582972717,19.864612978665775,19.864612978665775,0.021771151107799452,0.021775704391432615,96.35557593007117,89.11224782974354,0,2
2023-06-22 02:20:00,2023-06-22 02:24:59,0.0225,0.02252,0.02247,0.02254,0.022457229675348807,0.0225075,0.02247,0.02254,True,0.00010029536925702842,1.3122719155993424e-05,0,0.02209694358157805,0.022118400520392927,22.004761273642288,22.004761273642288,0.021778477962448212,0.02178311031788602,98.87569444385822,95.52033518699437,0,2
2023-06-22 02:25:00,2023-06-22 02:29:59,0.02253,0.02254,0.02249,0.02256,0.022482364837674403,0.022529999999999998,0.02249,0.02256,True,9.813141431009787e-05,1.4720971369284346e-05,0,0.022107672050985485,0.022130033659662745,24.11125711248002,24.11125711248002,0.021785955793667634,0.02179064155850407,100.0,98.41042345797644,0,2
2023-06-22 02:30:00,2023-06-22 02:34:59,0.02255,0.02256,0.0225,0.0226,0.0225061824188372,0.0225525,0.0225,0.0226,True,9.82648847165194e-05,1.5691674680097268e-05,0,0.02211885285532411,0.022142091080393785,26.191392943013156,26.191392943013156,0.02179358309920328,0.02179829686637965,100.0,99.62523148128605,0,2
2023-06-22 02:35:00,2023-06-22 02:39:59,0.02256,0.02253,0.0225,0.02256,0.022529341209418602,0.022537500000000002,0.0225,0.02256,True,9.55316786653395e-05,1.2758875327880466e-05,0,0.022130471967858945,0.02215429689822221,23.71859017936977,23.71859017936977,0.021800985257420163,0.021805577494574877,95.6317408553843,98.54391361846142,0,1
2023-06-22 02:40:00,2023-06-22 02:44:59,0.02254,0.02254,0.02248,0.02256,0.022533420604709302,0.02253,0.02248,0.02256,True,9.442227304638669e-05,1.0156045040637333e-05,0,0.022142384433040573,0.022166484347262275,22.637332436283415,22.637332436283415,0.021808239135455782,0.021812885181196024,89.03423021666838,94.88865702401755,0,1
2023-06-22 02:45:00,2023-06-22 02:49:59,0.02254,0.02243,0.0224,0.02254,0.02253171030235465,0.0224775,0.0224,0.02254,True,9.767782497164486e-05,-3.6174110360325516e-07,0,0.022154434390151422,0.02217821350973284,12.087699090421502,0.0,0.0218148984475408,0.021819025627154272,67.93755492494113,84.20117533233126,0,1
2023-06-22 02:50:00,2023-06-22 02:54:59,0.02242,0.02247,0.02242,0.02249,0.022504605151177325,0.022449999999999998,0.02242,0.022504605151177325,True,9.570083747367027e-05,-5.238256487519476e-06,0,0.02216632394994213,0.022189312706190917,8.091465674229553,0.0,0.021821217865973228,0.02182550298409801,39.60418506593045,65.52532340251331,0,1
2023-06-22 02:55:00,2023-06-22 02:59:59,0.02246,0.0225,0.02243,0.02251,0.02247730257558866,0.022475000000000002,0.02243,0.02251,True,9.457934908269384e-05,-6.92573407448351e-06,0,0.022177818328066524,0.022200011300272382,7.456557640844018,0.0,0.021827723160839165,0.021832214397191563,17.550249709155903,41.697329900009144,0,1
2023-06-22 03:00:00,2023-06-22 03:04:59,0.0225,0.02249,0.02246,0.02251,0.02247615128779433,0.022490000000000003,0.02246,0.02251,True,9.139510986250127e-05,-9.207186624208012e-06,0,0.022188914814169455,0.022210424009504463,6.16186560042069,0.0,0.021834312980134298,0.021838759527567767,12.737969838674553,23.29746820458696,0,1
2023-06-22 03:05:00,2023-06-22 03:09:59,0.02248,0.02255,0.02247,0.02256,0.022483075643897166,0.022515,0.02247,0.02256,True,9.129545915803688e-05,-6.955197465378877e-06,0,0.02219966941183696,0.02222071172391185,9.182205546080887,0.0,0.021841085985307093,0.021845836547193957,23.97955698932934,18.08925884571992,0,2
2023-06-22 03:10:00,2023-06-22 03:14:59,0.02256,0.02249,0.02249,0.02257,0.022499037821948585,0.0225275,0.02249,0.02257,True,9.048864064674855e-05,-1.0090525184615584e-05,0,0.022210190567874405,0.022230916207646573,6.164160954114948,0.0,0.021847915975503042,0.02185224613378904,33.34618516612168,23.354570664708508,0,1
2023-06-22 03:15:00,2023-06-22 03:19:59,0.0225,0.0224,0.02233,0.02251,0.022513268910974292,0.022435,0.02233,0.022513268910974292,True,9.688230917198075e-05,-1.860881689773073e-05,0,0.02222055338776049,0.022240350501306353,-0.7616786830177489,-0.0,0.02185375760758759,0.02185769642101502,25.921806994996942,27.74918305014931,0,-2
2023-06-22 03:20:00,2023-06-22 03:24:59,0.0224,0.02244,0.02237,0.02246,0.022474134455487148,0.0224175,0.02237,0.022474134455487148,True,9.639071565969641e-05,-2.1280238247690253e-05,0,0.022230451944533422,0.02224899362100552,-2.4588904768018978,-0.0,0.021859366984626517,0.02186349048647756,14.048515514635197,24.43883589191793,0,-2
2023-06-22 03:25:00,2023-06-22 03:29:59,0.02245,0.02242,0.02241,0.02247,0.022445817227743574,0.022437500000000003,0.02241,0.02247,True,9.379137882686103e-05,-2.413108002347842e-05,0,0.02223972278276947,0.022257091764157997,-4.697364618012713,-4.697364618012713,0.021865119551943667,0.02186902789457231,2.9895536214244163,14.319958710352173,0,-2
2023-06-22 03:30:00,2023-06-22 03:34:59,0.02242,0.02241,0.0224,0.02245,0.02244165861387179,0.02242,0.0224,0.02245,True,9.066342319637105e-05,-2.6244813651952307e-05,0,0.022248407273463736,0.022264585212957922,-6.777388383140931,-6.777388383140931,0.02187064075043179,0.021874410701591494,3.034243735745697,6.690770957268424,0,-2
2023-06-22 03:35:00,2023-06-22 03:39:59,0.02242,0.0224,0.02238,0.02243,0.022430829306935893,0.022407499999999997,0.02238,0.022430829306935893,True,8.775889296805869e-05,-2.7744233297124482e-05,0,0.02225649624321083,0.022271465405320417,-8.805615416769577,-8.805615416769577,0.02187598263351207,0.021879640445854266,3.034243735745697,3.019347030971925,0,-2
2023-06-22 03:40:00,2023-06-22 03:44:59,0.02241,0.02243,0.02237,0.02243,0.022419164653467945,0.02241,0.02237,0.02243,True,8.577611489891146e-05,-2.599100541425268e-05,0,0.022263980824265624,0.02227783272379915,-7.000997711703853,-7.000997711703853,0.021881296239148768,0.02188511666032338,0.5080472097418841,2.192178227077747,0,-2
2023-06-22 03:45:00,2023-06-22 03:49:59,0.02243,0.0224,0.02239,0.02243,0.022414582326733972,0.022412500000000002,0.02239,0.02243,True,8.250639240613196e-05,-2.6285409107316217e-05,0,0.022270906774032387,0.02228376971914485,-8.176555962040617,-8.176555962040617,0.021886581848709476,0.021890239877633593,1.4746893289462177,1.6723267581445873,0,-2
2023-06-22 03:50:00,2023-06-22 03:54:59,0.02241,0.02244,0.02238,0.02244,0.02241354116336699,0.0224175,0.02238,0.02244,True,8.089879294855118e-05,-2.304753621818029e-05,0,0.02227733824658862,0.02228936148927709,-4.9903416697668135,-4.9903416697668135,0.02189186461638401,0.02189571012760739,4.283168151729772,2.088634896805946,0,-1
2023-06-22 03:55:00,2023-06-22 03:59:59,0.02243,0.02244,0.02242,0.02245,0.022415520581683494,0.022435,0.02242,0.02245,True,7.726316488079768e-05,-2.037654078485358e-05,0,0.022283349867932855,0.02229476316429183,-2.8661988082509424,-0.0,0.021897268948559295,0.021901125947233185,11.756148908279926,5.838002129651959,0,-1
2023-06-22 04:00:00,2023-06-22 04:04:59,0.02245,0.02243,0.02239,0.02247,0.02242526029084175,0.022435,0.02239,0.02247,True,7.745865310359786e-05,-1.8844417688068782e-05,0,0.022289056516112342,0.022299978114848597,-2.5830756327543654,-0.0,0.02190261950628507,0.021906388375618924,18.68115452672507,11.573490528911577,0,-2
2023-06-22 04:05:00,2023-06-22 04:09:59,0.02244,0.02239,0.02238,0.02244,0.022430130145420876,0.022412500000000002,0.02238,0.02244,True,7.621160645334095e-05,-2.01437760814772e-05,0,0.022294517315480468,0.022304855901891758,-6.24893911230658,-6.24893911230658,0.02190769294403348,0.021911200431582914,16.06968072063346,15.502328051879473,0,-2
2023-06-22 04:10:00,2023-06-22 04:14:59,0.0224,0.02247,0.0224,0.02248,0.02242131507271044,0.0224375,0.0224,0.02248,True,7.719649170667372e-05,-1.495397616993196e-05,0,0.02229968660868611,0.022309606297509672,-0.9265782557821964,-0.0,0.021912964656033145,0.02191676062629353,16.310076303219898,17.0203038501928,0,-1
2023-06-22 04:15:00,2023-06-22 04:19:59,0.02247,0.02244,0.02241,0.02248,0.02242940753635522,0.02245,0.02241,0.02248,True,7.66824565847685e-05,-1.3320190679017634e-05,0,0.02230464645309789,0.02231430956749009,-0.19618525298136547,-0.0,0.021918308291296495,0.021921966988220958,20.325313387593024,17.56835680381545,0,-1
2023-06-22 04:20:00,2023-06-22 04:24:59,0.02244,0.02249,0.02243,0.0225,0.02243970376817761,0.022465,0.02243,0.0225,True,7.620513825728508e-05,-8.551369467110152e-06,0,0.02230947801029399,0.022319046381642837,3.875174504023171,0.0,0.021923748009791057,0.021927619057989903,53.46164170423441,30.032343798349103,0,-1
2023-06-22 04:25:00,2023-06-22 04:29:59,0.0225,0.02249,0.02248,0.02252,0.022452351884088805,0.0224975,0.02248,0.02252,True,7.361905695319317e-05,-5.384372040258052e-06,0,0.02231426219596841,0.022324000090338445,6.589414342026203,0.0,0.021929456984818012,0.02193321488825866,78.61824160301055,50.801732231612654,0,-1
2023-06-22 04:30:00,2023-06-22 04:34:59,0.02249,0.02248,0.02247,0.02251,0.0224749259420444,0.0224875,0.02247,0.02251,True,7.121769574225067e-05,-4.07211792129252e-06,0,0.022319131143153426,0.022329021963288582,7.16373153095099,0.0,0.021935009651635744,0.021938655536136685,94.46894077638721,75.51627469454405,0,-1
2023-06-22 04:35:00,2023-06-22 04:39:59,0.02248,0.02247,0.02245,0.0225,0.0224812129710222,0.022475000000000002,0.02245,0.0225,True,6.970214604637548e-05,-4.011281304811733e-06,0,0.022324076553221002,0.02233397728375335,6.246198033988158,0.0,0.021940382689927925,0.021943942545727364,82.07069959520665,85.05262732486813,0,-1
2023-06-22 04:40:00,2023-06-22 04:44:59,0.02247,0.02247,0.02245,0.02249,0.0224781064855111,0.02247,0.02245,0.02249,True,6.758056418591997e-05,-4.069992535896724e-06,0,0.022329026918487174,0.022338811902892823,5.634509036012936,0.0,0.02194565251390874,0.02194917694825744,66.89940706127254,81.14634914428879,0,-2
2023-06-22 04:45:00,2023-06-22 04:49:59,0.02246,0.02229,0.02227,0.02247,0.022474053242755553,0.0223725,0.02227,0.022474053242755553,True,7.703909531549704e-05,-1.653957135268939e-05,0,0.022333919410689997,0.022342849368713488,-6.276706401689765,-6.276706401689765,0.021949899752576316,0.021952568222404132,39.097132951551984,62.68907986934372,0,-2
2023-06-22 04:50:00,2023-06-22 04:54:59,0.02229,0.02232,0.02228,0.02237,0.022423276621377775,0.022315,0.02228,0.022423276621377775,True,7.796487422153295e-05,-2.2046293965601697e-05,0,0.022338384389701742,0.02234583701766174,-11.211917671820586,-11.211917671820586,0.021953532590859137,0.02195622425999215,18.162040799399218,41.386193604074585,-1,-2
2023-06-22 04:55:00,2023-06-22 04:59:59,0.02233,0.02237,0.0223,0.02238,0.022369138310688888,0.022345,0.0223,0.02238,True,7.811024034856632e-05,-2.139665376617747e-05,0,0.02234211070368174,0.022348183471858313,-10.147853573168724,-10.147853573168724,0.02195742778896004,0.021960341431534514,6.123716354123604,21.127630035024936,0,-2
2023-06-22 05:00:00,2023-06-22 05:04:59,0.02238,0.02234,0.02223,0.02241,0.022357069155344446,0.02234,0.02223,0.02241,True,8.53880803236687e-05,-2.2246685041094814e-05,0,0.022345147087770027,0.02234997470442914,-11.073631339138721,-11.073631339138721,0.021961234477627104,0.021964119128733174,11.59377989022817,11.95984568125033,0,-2
2023-06-22 05:05:00,2023-06-22 05:09:59,0.02233,0.02241,0.02232,0.02243,0.022348534577672222,0.022372500000000003,0.02232,0.02243,True,8.714607458626372e-05,-1.713467118741712e-05,0,0.022347560896099582,0.022351539501911634,-6.519934738135902,-6.519934738135902,0.02196532667187957,0.021968555754317918,23.486848151068056,13.734781465139944,0,-1
2023-06-22 05:10:00,2023-06-22 05:14:59,0.02241,0.0224,0.02237,0.02242,0.02236051728883611,0.0224,0.02237,0.02242,True,8.449278354438759e-05,-1.3855270948215741e-05,0,0.022349550199005606,0.0223531039685271,-4.194906533357184,-4.194906533357184,0.02196965177962206,0.021972848731886895,34.18722354629503,23.08928386253042,0,-1
2023-06-22 05:15:00,2023-06-22 05:19:59,0.0224,0.02243,0.02239,0.02244,0.022380258644418054,0.022415,0.02239,0.02244,True,8.202901329121715e-05,-9.1424718958902e-06,0,0.022351327083766352,0.02235476035669587,-0.5412375174832604,-0.0,0.02197408310519796,0.02197739750072384,48.10708610298423,35.26038593344911,0,-1
2023-06-22 05:20:00,2023-06-22 05:24:59,0.02243,0.02241,0.0224,0.02245,0.022397629322209026,0.022422499999999998,0.0224,0.02245,True,7.974122662755888e-05,-7.128176634660049e-06,0,0.02235304372023111,0.022356529208741635,0.14465178570492299,0.0,0.021978544964847732,0.0219817020032042,56.89774144248119,46.39735036392015,0,-1
2023-06-22 05:25:00,2023-06-22 05:29:59,0.02241,0.02239,0.02236,0.02242,0.022410064661104512,0.022394999999999998,0.02236,0.02242,True,7.83311390113045e-05,-6.937346588653272e-06,0,0.02235478646448637,0.022358185788937245,-1.1134061680172778,-0.0,0.021982688796043277,0.021985764669838984,55.805015277406945,53.603280940957454,0,-1
2023-06-22 05:30:00,2023-06-22 05:34:59,0.0224,0.02242,0.02239,0.02244,0.022402532330552255,0.0224125,0.02239,0.02244,True,7.630748622478285e-05,-4.494112795550917e-06,0,0.022356486126711806,0.022359862679424438,0.7722602416666504,0.0,0.021986965524440856,0.021990085419392826,55.38800216948953,56.03025296312589,0,-1
2023-06-22 05:35:00,2023-06-22 05:39:59,0.02241,0.02235,0.02235,0.02242,0.02240751616527613,0.022382499999999996,0.02235,0.02242,True,7.585695149444126e-05,-7.55413277006251e-06,0,0.022358174403068122,0.022361338223191033,-3.4084615331213044,-3.4084615331213044,0.02199090119086433,0.021993666659000856,49.557658218455295,53.58355855511726,0,-2
2023-06-22 05:40:00,2023-06-22 05:44:59,0.02234,0.02226,0.02225,0.02234,0.022395008082638064,0.022297499999999998,0.02225,0.022395008082638064,True,7.758145495912398e-05,-1.5393881413814063e-05,0,0.02235975631312958,0.022362061931074574,-10.219330147283884,-10.219330147283884,0.02199395192528359,0.021996316741995873,36.45717657895542,47.13427898896675,0,-2
2023-06-22 05:45:00,2023-06-22 05:49:59,0.02226,0.02229,0.02226,0.02232,0.02234625404131903,0.022282499999999997,0.02226,0.02234625404131903,True,7.632563674775805e-05,-1.7718177949645117e-05,0,0.022360909122102077,0.022362085831922337,-11.999799854199757,-11.999799854199757,0.021996823050405147,0.021999238963468552,18.139882950624916,34.71823924934521,0,-2
2023-06-22 05:50:00,2023-06-22 05:54:59,0.0223,0.02228,0.02223,0.02232,0.022314377020659512,0.022282500000000004,0.02223,0.02232,True,7.730237698006103e-05,-1.908613919172957e-05,0,0.022361497477012205,0.022361558605784145,-13.679597210985783,-13.679597210985783,0.021999665607117535,0.022002032605623095,4.1201300444488425,19.572396524676396,0,-2
2023-06-22 05:55:00,2023-06-22 05:59:59,0.02228,0.02232,0.02227,0.02233,0.022298438510329758,0.0223,0.02227,0.02233,True,7.60664929100565e-05,-1.6314649250673667e-05,0,0.022361528041398175,0.02236072115943669,-10.981485661724072,-10.981485661724072,0.022002654009036764,0.022005196460293513,8.509048271859152,10.256353755644305,0,-1
2023-06-22 06:00:00,2023-06-22 06:04:59,0.02233,0.02239,0.02231,0.0224,0.022299219255164877,0.0223575,0.02231,0.0224,True,7.706174341648102e-05,-8.907532624890839e-06,0,0.02236112460041743,0.022360039731458597,-4.290255722885824,-4.290255722885824,0.022006184814916997,0.022009025351235865,32.333187532055746,14.987455282787915,0,-1
2023-06-22 06:05:00,2023-06-22 06:09:59,0.02239,0.02241,0.02239,0.02243,0.022328359627582436,0.022405,0.02239,0.02243,True,7.44144760295894e-05,-2.2499343785895885e-06,0,0.022360582165938014,0.0223598117136751,1.302575754669057,0.0,0.02201015312521633,0.022013015148736007,64.83289412226254,35.225043308725816,0,-1
2023-06-22 06:10:00,2023-06-22 06:14:59,0.0224,0.02243,0.0224,0.02243,0.02236667981379122,0.022414999999999997,0.0224,0.02243,True,7.12420134560472e-05,3.6278380788608426e-06,0,0.022360196939806554,0.022360010844005584,6.163923634120756,6.163923634120756,0.022014181452328606,0.022017164251733657,91.1464252834091,62.77083564590913,0,-1
2023-06-22 06:15:00,2023-06-22 06:19:59,0.02243,0.02246,0.02242,0.02246,0.02239083990689561,0.022442499999999997,0.02242,0.02246,True,6.901044106632968e-05,9.417320588491107e-06,0,0.02236010389190607,0.022360733584049615,10.999137857095583,10.999137857095583,0.022018443328424838,0.022021570577587052,100.0,85.32643980189054,0,-1
2023-06-22 06:20:00,2023-06-22 06:24:59,0.02247,0.02248,0.02246,0.02251,0.022416669953447804,0.02248,0.02246,0.02251,True,6.765255241873456e-05,1.418869549168492e-05,0,0.022360418737977842,0.022362120896818074,15.208640190893888,15.208640190893888,0.022023035932122105,0.02202613206437723,100.0,97.04880842780302,1,-1
2023-06-22 06:25:00,2023-06-22 06:29:59,0.02249,0.02251,0.02245,0.02253,0.022448334976723903,0.022495,0.02245,0.02253,True,6.853451296025353e-05,1.87501567336863e-05,0,0.022361269817397958,0.022364124829877166,19.36562960486812,19.36562960486812,0.022027732092001488,0.022030946670701834,100.0,100.0,0,-1
2023-06-22 06:30:00,2023-06-22 06:34:59,0.0225,0.02252,0.02249,0.02253,0.022471667488361952,0.022510000000000002,0.02249,0.02253,True,6.649633346309269e-05,2.1569060994924704e-05,0,0.022362697323637562,0.022366703399267586,22.567734810971373,22.567734810971373,0.022032530777653214,0.022035812872983406,100.0,100.0,0,2
2023-06-22 06:35:00,2023-06-22 06:39:59,0.02252,0.02255,0.0225,0.02256,0.022490833744180976,0.022532499999999997,0.0225,0.02256,True,6.603230964430043e-05,2.4470999554019772e-05,0,0.022364700361452574,0.022369871066082566,25.911481793080796,25.911481793080796,0.022037505595786017,0.022040929162804465,100.0,100.0,0,2
2023-06-22 06:40:00,2023-06-22 06:44:59,0.02255,0.02255,0.02254,0.02258,0.022511666872090486,0.022555000000000002,0.02254,0.02258,True,6.41728589554217e-05,2.5199235700089333e-05,0,0.02236728571376757,0.022373635173807686,28.1406464478204,28.1406464478204,0.022042654793837897,0.022045994544269098,100.0,100.0,0,2
2023-06-22 06:45:00,2023-06-22 06:49:59,0.02255,0.02257,0.02254,0.02258,0.022533333436045244,0.02256,0.02254,0.02258,True,6.244622617289147e-05,2.581969733958631e-05,0,0.022370460443787626,0.02237787734319122,30.450766475957224,30.450766475957224,0.022047802507332046,0.022051208528903236,100.0,100.0,0,2
2023-06-22 06:50:00,2023-06-22 06:54:59,0.02257,0.02259,0.02254,0.0226,0.02254666671802262,0.022574999999999998,0.02254,0.0226,True,6.227149573197048e-05,2.630046739209944e-05,0,0.02237416889348942,0.022382569704039033,32.715628655403606,32.715628655403606,0.022053048253527746,0.022056569638068377,100.0,100.0,0,2
2023-06-22 06:55:00,2023-06-22 06:59:59,0.0226,0.02263,0.02258,0.02263,0.02256083335901131,0.022609999999999998,0.02258,0.02263,True,6.139496032254412e-05,2.7997825995991904e-05,0,0.022378369298764227,0.022387824446428384,35.32674039859707,35.32674039859707,0.022058590061950354,0.022062275412813966,100.0,100.0,0,2
2023-06-22 07:00:00,2023-06-22 07:04:59,0.02262,0.02263,0.02261,0.02266,0.022585416679505654,0.02263,0.02261,0.02266,True,6.058103458521939e-05,2.761697052435763e-05,0,0.022383096872596306,0.022393623123908656,37.06748156072604,37.06748156072604,0.022064275732975723,0.022067924413681488,100.0,100.0,0,2
2023-06-22 07:05:00,2023-06-22 07:09:59,0.02262,0.02264,0.02262,0.02266,0.022607708339752827,0.022635,0.02262,0.02266,True,5.9110960686275026e-05,2.6550211021767844e-05,0,0.02238835999825248,0.022399844565534403,38.49667329832516,38.49667329832516,0.022069954581403824,0.022073616708072716,100.0,100.0,0,2
2023-06-22 07:10:00,2023-06-22 07:14:59,0.02263,0.02264,0.02262,0.02265,0.022621354169876415,0.022635000000000002,0.02262,0.02265,True,5.703160635154101e-05,2.4358827321692334e-05,0,0.02239410228189344,0.02240635616663917,39.44946779005791,39.44946779005791,0.02207557692387742,0.02207925236271876,100.0,100.0,0,2
2023-06-22 07:15:00,2023-06-22 07:19:59,0.02263,0.02267,0.02263,0.02268,0.02262817708493821,0.0226525,0.02263,0.02268,True,5.652934875500222e-05,2.3556101649740907e-05,0,0.022400229224266304,0.022413171604444542,40.86055107006989,40.86055107006989,0.022081317451998043,0.022085130448661856,100.0,100.0,0,2
2023-06-22 07:20:00,2023-06-22 07:24:59,0.02267,0.02265,0.02264,0.02269,0.022640338542469104,0.0226625,0.02264,0.02269,True,5.606296670107335e-05,2.0220196277325684e-05,0,0.022406700414355423,0.022420248104504385,36.26692847520856,36.26692847520856,0.022087100362923436,0.022090751041212484,100.0,100.0,0,1
2023-06-22 07:25:00,2023-06-22 07:29:59,0.02265,0.02268,0.02265,0.02271,0.02265141927123455,0.022672499999999998,0.02265,0.02271,True,5.634418336528247e-05,1.8791846888716114e-05,0,0.022413474259429904,0.022427550199031743,35.052303711831186,35.052303711831186,0.022092925234934148,0.022096614214931764,100.0,100.0,0,2
2023-06-22 07:30:00,2023-06-22 07:34:59,0.02269,0.02264,0.02264,0.02269,0.022661959635617276,0.022665,0.02264,0.02269,True,5.58910274106193e-05,1.3830240244405771e-05,0,0.022420512229230822,0.022434928347559925,26.558554118496673,26.558554118496673,0.022098617521153708,0.022102021038663787,95.08503665487353,98.36167888495784,0,1
2023-06-22 07:35:00,2023-06-22 07:39:59,0.02263,0.02262,0.02262,0.02264,0.02266347981780864,0.022627500000000002,0.02262,0.02266347981780864,True,5.3327382595575006e-05,8.155889223311947e-06,0,0.022427720288395372,0.022442058462112578,18.048628048934177,18.048628048934177,0.022103880033381033,0.02210717505817957,65.04075708368431,86.70859791285261,0,1
2023-06-22 07:40:00,2023-06-22 07:44:59,0.02262,0.02262,0.0226,0.02263,0.02264548990890432,0.0226175,0.0226,0.02264548990890432,True,5.166114098160552e-05,3.6336067583766937e-06,0,0.022434889375253973,0.022448875766968867,12.375344002559174,0.0,0.022108990679815053,0.022112277793919076,31.707423750350973,63.944405829636274,0,1
2023-06-22 07:45:00,2023-06-22 07:49:59,0.02262,0.02255,0.02254,0.02263,0.022631494954452158,0.022585,0.02254,0.022631494954452158,True,5.439963091149082e-05,-4.746719283265326e-06,0,0.02244188257111142,0.022455177036027462,1.45725637954979,0.0,0.022113727090961172,0.022116633238755703,3.289053762144107,33.34574486539313,0,1
2023-06-22 07:50:00,2023-06-22 07:54:59,0.02254,0.02254,0.02253,0.02256,0.02260824747722608,0.0225425,0.02253,0.02260824747722608,True,5.2656800132098536e-05,-1.1123093604004507e-05,0,0.02244852980356944,0.02246073719786929,-6.48392315397362,-6.48392315397362,0.022117993488066038,0.0221208458433452,3.552713678800501e-15,11.665492504165025,0,1
2023-06-22 07:55:00,2023-06-22 07:59:59,0.02255,0.02254,0.02254,0.02258,0.02257537373861304,0.022552500000000003,0.02254,0.02258,True,5.1752742979805665e-05,-1.521369115918802e-05,0,0.022454633500719363,0.022465744342798827,-11.77804284298923,-11.77804284298923,0.022122316935945976,0.022125016531471118,1.930677851371885,1.7399105378386628,0,-2
2023-06-22 08:00:00,2023-06-22 08:04:59,0.02254,0.02255,0.02253,0.02259,0.022563936869306522,0.022552500000000003,0.02253,0.02259,True,5.2341832766962227e-05,-1.693225161545557e-05,0,0.022460188921759095,0.02247028173928504,-13.182254094251867,-13.182254094251867,0.022126597364444025,0.02212924522270026,3.8613557027437664,1.9306778513718825,0,-2
2023-06-22 08:05:00,2023-06-22 08:09:59,0.02255,0.02262,0.02254,0.02265,0.022558218434653263,0.022590000000000002,0.02254,0.02265,True,5.646027328360771e-05,-1.2898127409955407e-05,0,0.022465235330522068,0.02247467545803295,-4.762989362153249,-4.762989362153249,0.022131208335942093,0.022134128354812696,12.853108480188345,6.215047344767996,0,-1
2023-06-22 08:10:00,2023-06-22 08:14:59,0.02261,0.02262,0.02254,0.02264,0.02257410921732663,0.022602500000000005,0.02254,0.02264,True,5.9570253763349974e-05,-1.0104782244749617e-05,0,0.02246995539427751,0.022479011675997206,0.8498537925791609,0.0,0.022135897805236202,0.022138962898545902,22.023191529069294,12.912551904000466,0,-1
2023-06-22 08:15:00,2023-06-22 08:19:59,0.02262,0.02261,0.02257,0.02263,0.022588304608663318,0.0226075,0.02257,0.02263,True,5.9600949923110764e-05,-8.908270891389903e-06,0,0.022474483535137358,0.022483307177440782,2.9270371318663067,0.0,0.02214059036438808,0.02214364983487878,32.04518168963915,22.30716056629893,0,-2
2023-06-22 08:20:00,2023-06-22 08:24:59,0.02261,0.02267,0.02261,0.02268,0.02259790230433166,0.022642500000000003,0.02261,0.02268,True,6.034373921431694e-05,-3.983338282219794e-06,0,0.02247889535628907,0.022487781287994533,9.55921699139978,0.0,0.022145584490115562,0.02214888714995461,40.52719853259838,31.531857250435607,0,-1
2023-06-22 08:25:00,2023-06-22 08:29:59,0.02268,0.02277,0.02266,0.02284,0.02262020115216583,0.0227375,0.02266,0.02284,True,6.889061498472284e-05,5.8803739332043855e-06,0,0.0224833383221418,0.022493017122629515,17.813994942790544,17.813994942790544,0.022151474196681578,0.022155067377318247,57.28130337010634,43.284561197447964,0,2
2023-06-22 08:30:00,2023-06-22 08:34:59,0.02277,0.02281,0.02275,0.02285,0.022678850576082918,0.022795,0.02275,0.02285,True,7.111271391438545e-05,1.4370411477965863e-05,0,0.022488177722385656,0.022499211255746047,24.199374980008912,24.199374980008912,0.02215787743850564,0.022161584119832493,77.41779099792463,58.40876430020978,0,2
2023-06-22 08:35:00,2023-06-22 08:39:59,0.02281,0.02289,0.02279,0.02291,0.022736925288041457,0.022850000000000002,0.02279,0.02291,True,7.460466292050067e-05,2.4310536184290953e-05,0,0.022493694489065852,0.022506494724146568,29.70867348583006,29.70867348583006,0.022164764230162302,0.02216883203903814,93.27735471085414,75.99214969296169,0,2
2023-06-22 08:40:00,2023-06-22 08:44:59,0.0229,0.02298,0.02287,0.02298,0.02279346264402073,0.0229325,0.02287,0.02298,True,7.713290128332197e-05,3.5387918932039354e-05,0,0.02250009460660621,0.02251515189927393,34.247604078001984,34.247604078001984,0.022172403392051235,0.022176903362032787,98.7558223064267,89.81698933840181,0,2
2023-06-22 08:45:00,2023-06-22 08:49:59,0.02298,0.02297,0.02294,0.02299,0.022862981322010367,0.02297,0.02294,0.02299,True,7.519483690594193e-05,3.9788302887802614e-05,0,0.022507623252940073,0.02252508849582001,36.15321119495191,36.15321119495191,0.02218033967670744,0.02218479487086828,100.0,97.3443923390936,0,2
2023-06-22 08:50:00,2023-06-22 08:54:59,0.02297,0.02295,0.02291,0.02299,0.022916490661005186,0.022955,0.02291,0.02299,True,7.55380628412318e-05,3.892355968716118e-05,0,0.022516355874380042,0.02253586129827519,35.037832965148866,35.037832965148866,0.022188047739625773,0.022192408852252675,97.44390222377774,98.73324151006814,0,2
2023-06-22 08:55:00,2023-06-22 08:59:59,0.02295,0.02299,0.02294,0.023,0.02293574533050259,0.022969999999999997,0.02294,0.023,True,7.442820120971532e-05,3.874431285287602e-05,0,0.022526108586327618,0.022547321454593934,35.21307057530781,35.21307057530781,0.022195828359131985,0.02220034508257852,95.43108638089973,97.62499620155916,0,2
2023-06-22 09:00:00,2023-06-22 09:04:59,0.023,0.02295,0.02294,0.023,0.022952872665251294,0.0229725,0.02294,0.023,True,7.339761540902146e-05,3.3467337914375324e-05,0,0.022536715020460778,0.02255926129324218,30.7280344438322,30.7280344438322,0.02220355643516052,0.022207804335488187,93.415612993021,95.43020053256616,0,1
2023-06-22 09:05:00,2023-06-22 09:09:59,0.02296,0.02299,0.02293,0.02299,0.022962686332625645,0.0229675,0.02293,0.02299,True,7.244064287980572e-05,3.056252484301648e-05,0,0.02254798815685148,0.022571462563853804,29.265071454433382,29.265071454433382,0.022211157863666387,0.022215587376926114,92.92386479527447,93.92352138973173,0,2
2023-06-22 09:10:00,2023-06-22 09:14:59,0.02298,0.02305,0.02297,0.02309,0.022965093166312824,0.0230225,0.02297,0.02309,True,7.583773981696236e-05,3.0643337786364293e-05,0,0.022559725360352643,0.022584163306487284,30.072171474222074,30.072171474222074,0.022219230919749308,0.022223889990091027,93.98307858704726,93.44085212511425,0,2
2023-06-22 09:15:00,2023-06-22 09:19:59,0.02305,0.02304,0.02302,0.02306,0.022993796583156412,0.0230425,0.02302,0.02306,True,7.327790125860804e-05,2.780079106946205e-05,0,0.022571944333419965,0.022597307367624195,29.432747390509817,29.432747390509817,0.022227422651891104,0.022232010487702063,95.93675169663089,94.2812316929842,0,1
2023-06-22 09:20:00,2023-06-22 09:24:59,0.02303,0.02304,0.02301,0.02305,0.023018148291578208,0.0230325,0.02301,0.02305,True,7.090090831156474e-05,2.3836152627146876e-05,0,0.02258462585052208,0.02261064166366424,29.00646466803498,29.00646466803498,0.022235433371772785,0.022240050184341845,96.05596583352333,95.3252653724005,0,1
2023-06-22 09:25:00,2023-06-22 09:29:59,0.02305,0.02302,0.02299,0.02309,0.023025324145789103,0.0230375,0.02299,0.02309,True,7.297941486073865e-05,1.7913706970585253e-05,0,0.022597633757093158,0.022624068550847296,25.83708419297578,25.83708419297578,0.022243414134242707,0.02224781087902501,93.7504826459503,95.24773339203483,0,1
2023-06-22 09:30:00,2023-06-22 09:34:59,0.02302,0.02302,0.02296,0.02306,0.023031412072894553,0.023015,0.02296,0.02306,True,7.490945665640014e-05,1.2333566443399136e-05,0,0.022610851153970227,0.022637321839035347,23.724163876269643,23.724163876269643,0.022251091605543775,0.022255494352865557,72.5817435138439,87.46273066443916,0,1
2023-06-22 09:35:00,2023-06-22 09:39:59,0.02302,0.02312,0.02299,0.02317,0.023023206036447277,0.023075,0.02299,0.02317,True,8.241592403808581e-05,1.406228000484528e-05,0,0.02262408649650279,0.022650759183670294,26.826155745724506,26.826155745724506,0.02225928969902095,0.0222640963991057,58.23677538533749,74.85633384837722,0,2
2023-06-22 09:40:00,2023-06-22 09:44:59,0.02311,0.02317,0.02311,0.02318,0.02304910301822364,0.023142500000000003,0.02311,0.02318,True,8.152907232107972e-05,1.698724551103329e-05,0,0.022637422840086543,0.022664712364549814,30.08331902883242,30.08331902883242,0.022268077861219746,0.022273110365283753,56.7927477208108,62.537088873330724,0,2
2023-06-22 09:45:00,2023-06-22 09:49:59,0.02317,0.02317,0.02312,0.02319,0.02309580150911182,0.0231625,0.02312,0.02319,True,8.070556715528811e-05,1.7097993830585416e-05,0,0.02265106760231818,0.022679113154542095,32.254761217571016,32.254761217571016,0.02227697758399368,0.022282034640256056,76.72676669262096,63.918763266256406,0,2
2023-06-22 09:50:00,2023-06-22 09:54:59,0.02317,0.02319,0.02315,0.0232,0.023129150754555912,0.0231775,0.02315,0.0232,True,7.851231235848169e-05,1.6727805695399792e-05,0,0.022665090378430137,0.022693870461554598,34.184923688141666,34.184923688141666,0.022285938006043494,0.022291069121447536,94.00036665820369,75.83996035721181,0,2
2023-06-22 09:55:00,2023-06-22 09:59:59,0.02319,0.02318,0.02316,0.0232,0.023153325377277954,0.023182499999999998,0.02316,0.0232,True,7.576143290430432e-05,1.3978844551148573e-05,0,0.02267948041999237,0.0227088415114217,33.6854844261874,33.6854844261874,0.022294859020908733,0.022299914204816217,98.7034795614086,89.81020430407773,0,1
2023-06-22 10:00:00,2023-06-22 10:04:59,0.02319,0.02315,0.02313,0.02321,0.023167912688638978,0.023170000000000003,0.02313,0.02321,True,7.606418769685401e-05,8.421105407432504e-06,0,0.022694160965707037,0.02272379236192481,28.398886066596575,28.398886066596575,0.02230356689134745,0.022308372769942422,87.40645572110013,93.37010064690412,0,1
2023-06-22 10:05:00,2023-06-22 10:09:59,0.02315,0.02306,0.02302,0.02318,0.02316895634431949,0.023102499999999998,0.02302,0.02318,True,8.205960286136446e-05,-2.8310980085225357e-06,0,0.022708976663815925,0.022738161608808562,15.992934497592017,0.0,0.022311516474518123,0.022315851647853442,54.073122387766794,80.06101922342516,0,1
2023-06-22 10:10:00,2023-06-22 10:14:59,0.02306,0.02313,0.02301,0.02315,0.023135728172159746,0.0230875,0.02301,0.02315,True,8.619820265698137e-05,-6.283695154859532e-06,0,0.022723569136312245,0.022751871450805834,12.982367178901349,0.0,0.022319237703627395,0.022323952626481767,20.73978905443346,54.07312238776677,0,1
2023-06-22 10:15:00,2023-06-22 10:19:59,0.02314,0.02315,0.02311,0.02319,0.023111614086079875,0.023147499999999998,0.02311,0.02319,True,8.575547389576843e-05,-7.95690585311774e-06,0,0.02273772029355904,0.022765379738410505,12.183778631629337,0.0,0.0223274791195117,0.022332172003332696,8.14917078269719,27.65402740829913,0,1
2023-06-22 10:20:00,2023-06-22 10:24:59,0.02316,0.02307,0.02302,0.02316,0.023129557043039935,0.0231025,0.02302,0.02316,True,8.963008290321364e-05,-1.5248716986487556e-05,0,0.022751550015984775,0.02277832791174996,5.836777946952509,0.0,0.022335190770063823,0.022339513575438837,8.14917078269719,12.346043539942594,0,1
2023-06-22 10:25:00,2023-06-22 10:29:59,0.02307,0.02313,0.02307,0.02316,0.02311602852151997,0.0231075,0.02307,0.02316,True,8.965650555298408e-05,-1.6220841996018322e-05,0,0.02276493896386737,0.022790780570267646,5.505793687894794,0.0,0.022342875439018414,0.022347379112001634,8.812905009635303,8.370415525009875,0,1
2023-06-22 10:30:00,2023-06-22 10:34:59,0.02313,0.02316,0.02311,0.02317,0.023111764260759983,0.023142499999999996,0.02311,0.02317,True,8.753818372777101e-05,-1.5094109887511364e-05,0,0.022777859767067508,0.02280299780522227,6.939465500879521,0.0,0.02235083190231176,0.022355464891981716,5.858239972814187,7.6067719217155405,0,1
2023-06-22 10:35:00,2023-06-22 10:39:59,0.02315,0.02316,0.02309,0.02316,0.02312713213037999,0.02314,0.02309,0.02316,True,8.628545631864455e-05,-1.469348978611526e-05,0,0.02279042878614489,0.02281492871366701,7.8952467095360035,0.0,0.02235868432119423,0.02236347021643961,10.396556446504055,8.355900476317828,0,1
2023-06-22 10:40:00,2023-06-22 10:44:59,0.02315,0.02317,0.02314,0.0232,0.023133566065189994,0.023164999999999998,0.02314,0.0232,True,8.440792372445547e-05,-1.4070606693398596e-05,0,0.02280267874990595,0.022826723863103488,9.203817759275296,0.0,0.022366707362774386,0.022371495388415333,17.511934291422488,11.255576903580225,0,1
2023-06-22 10:45:00,2023-06-22 10:49:59,0.02318,0.02311,0.02308,0.02318,0.023149283032594996,0.0231375,0.02308,0.02318,True,8.55216434584229e-05,-1.8109017533407735e-05,0,0.02281470130650472,0.022838142522003883,4.612449676099509,0.0,0.022374376941254243,0.022378843693008216,12.63440361150468,13.514298116477056,0,1
2023-06-22 10:50:00,2023-06-22 10:54:59,0.02311,0.02313,0.02308,0.02313,0.023143391516297497,0.0231125,0.02308,0.023143391516297497,True,8.298438321139278e-05,-1.946450115990775e-05,0,0.022826421914254304,0.022849014896527495,3.2957284307969275,0.0,0.022381721449301464,0.022386317885117586,8.096087137814813,12.74747501358064,0,-2
2023-06-22 10:55:00,2023-06-22 10:59:59,0.02312,0.02319,0.0231,0.02321,0.02312794575814875,0.023155000000000002,0.0231,0.02321,True,8.491407012486489e-05,-1.6249895843649777e-05,0,0.0228377184053909,0.022859674176665106,6.638131485967044,0.0,0.022389415763238763,0.02239431472208159,5.792821604318598,8.841104117879343,0,-1
2023-06-22 11:00:00,2023-06-22 11:04:59,0.02319,0.02313,0.02312,0.02321,0.023141472879074376,0.023162500000000003,0.02312,0.02321,True,8.527735083023166e-05,-1.84269583298766e-05,0,0.022848696291028005,0.02287014401007249,3.896906980106685,0.0,0.022397108143704048,0.022401634973603167,11.863672929022385,8.584193890385245,0,-2
2023-06-22 11:05:00,2023-06-22 11:09:59,0.02313,0.02316,0.02313,0.02319,0.02315198643953719,0.0231525,0.02313,0.02319,True,8.347182577092922e-05,-1.7790640037463462e-05,0,0.022859420150550248,0.022880324245910737,4.197784336133694,0.0,0.022404624480582613,0.02240918089426383,16.455191627221943,11.370562053520956,0,-2
2023-06-22 11:10:00,2023-06-22 11:14:59,0.02317,0.02321,0.02315,0.02321,0.023152243219768595,0.023185000000000004,0.02315,0.02321,True,8.179526678729148e-05,-1.3963479826131208e-05,0,0.022869872198230494,0.02289042961686462,7.388092390557752,0.0,0.02241238941112408,0.022417149243574637,29.9402007384282,19.41968843155749,0,-1
2023-06-22 11:15:00,2023-06-22 11:19:59,0.02321,0.02313,0.02313,0.02322,0.0231686216098843,0.023172500000000002,0.02313,0.02322,True,8.238131915962777e-05,-1.713666251454315e-05,0,0.022880150907547556,0.022900320949283782,3.650785003274372,0.0,0.022419952700565633,0.02242424228592713,35.57754838735122,27.324313584333765,0,-2
2023-06-22 11:20:00,2023-06-22 11:24:59,0.02313,0.02313,0.02313,0.02318,0.02317056080494215,0.023142500000000003,0.02313,0.02318,True,8.006836779108279e-05,-1.9179619246799984e-05,0,0.02289023592841567,0.022909770070695893,1.1592467450854471,0.0,0.02242714222593314,0.022431264750743776,30.986029689151664,32.16792627164367,0,-2
2023-06-22 11:25:00,2023-06-22 11:29:59,0.02314,0.02316,0.0231,0.02316,0.02315653040247108,0.02314,0.0231,0.02316,True,7.863491294886266e-05,-1.8311669190448275e-05,0,0.02290000299955578,0.022918789052591905,1.8244758311367804,0.0,0.02243423533811291,0.0224385158477513,12.02517403958508,26.19625070536263,0,-2
2023-06-22 11:30:00,2023-06-22 11:34:59,0.02315,0.02313,0.02311,0.02316,0.02314826520123554,0.023137500000000002,0.02311,0.02316,True,7.658956202394401e-05,-1.9685087083600217e-05,0,0.022909396026073843,0.02292739035015606,-0.1176689195294216,-0.0,0.022441232996440144,0.022445396287077157,-3.789561257387201e-14,14.337067909578877,0,-2
2023-06-22 11:35:00,2023-06-22 11:39:59,0.02314,0.02312,0.02311,0.02315,0.02314288260061777,0.02313,0.02311,0.02315,True,7.397602187937671e-05,-2.1042386819781467e-05,0,0.022918393188114953,0.022935552329883886,-2.196001299827074,-0.0,0.02244808639946064,0.02245210876183261,-3.789561257387201e-14,4.0083913465283105,0,-2
2023-06-22 11:40:00,2023-06-22 11:44:59,0.02311,0.02315,0.02311,0.02315,0.023136441300308886,0.023129999999999998,0.02311,0.02315,True,7.154916317370708e-05,-1.9551113625802618e-05,0,0.022926972758999423,0.02294331243172872,-0.6627047382070188,-0.0,0.022454871609416255,0.02245905295325716,-3.789561257387201e-14,-6.236986236116434e-14,0,-2
2023-06-22 11:45:00,2023-06-22 11:49:59,0.02315,0.02311,0.0231,0.02315,0.02313322065015444,0.0231275,0.0231,0.02315,True,7.00099372327281e-05,-2.1053185768746106e-05,0,0.022935142595364073,0.022950685737080114,-3.1186721863466076,-3.1186721863466076,0.02246156442922306,0.02246553003829938,-3.789561257387201e-14,-6.236986236116434e-14,0,-2
2023-06-22 11:50:00,2023-06-22 11:54:59,0.02311,0.02312,0.02306,0.02313,0.023130360325077218,0.023105,0.02306,0.023130360325077218,True,7.000922743039042e-05,-2.096016335450133e-05,0,0.022942914166222093,0.022957549552188122,-3.6656292209449646,-3.6656292209449646,0.02246796677321089,0.022472042177221773,-3.789561257387201e-14,-6.236986236116434e-14,0,-2
2023-06-22 11:55:00,2023-06-22 11:59:59,0.02313,0.02313,0.0231,0.02315,0.02311768016253861,0.023127500000000002,0.0231,0.02315,True,6.857999689964836e-05,-1.9805819321300886e-05,0,0.022950231859205108,0.02296411952290137,-2.87381882397942,-0.0,0.022474529292880435,0.02247858902122952,8.912263255127515,2.9707544183757886,0,-2
2023-06-22 12:00:00,2023-06-22 12:04:59,0.02313,0.02304,0.02302,0.02313,0.023122590081269306,0.02308,0.02302,0.02313,True,7.153856854967364e-05,-2.4841932888895448e-05,0,0.02295717569105324,0.022970087170355532,-8.942260010989024,-8.942260010989024,0.02248055387703088,0.022484175200122757,8.912263255127515,5.94150883675164,0,-2
2023-06-22 12:05:00,2023-06-22 12:09:59,0.02305,0.02308,0.02303,0.02308,0.023101295040634653,0.02306,0.02303,0.023101295040634653,True,7.00000993675542e-05,-2.4699411605738386e-05,0,0.022963631430704387,0.022975402438794704,-8.768474721971515,-8.768474721971515,0.02248631951009525,0.02249010380509666,8.912263255127515,8.912263255127492,0,-2
2023-06-22 12:10:00,2023-06-22 12:14:59,0.02308,0.02295,0.02294,0.0231,0.023080647520317327,0.0230175,0.02294,0.0231,True,7.642866369844322e-05,-3.283196056386142e-05,0,0.022969516934749547,0.02297987602105611,-14.333271343125979,-14.333271343125979,0.02249160488810425,0.02249467988663799,-3.789561257387201e-14,5.941508836751641,-1,-2
2023-06-22 12:15:00,2023-06-22 12:19:59,0.02296,0.023,0.02296,0.02305,0.02304907376015866,0.022992500000000003,0.02296,0.02305,True,7.81123305771258e-05,-3.3553000556490864e-05,0,0.02297469647790283,0.022983484717752103,-14.04165738047491,-14.04165738047491,0.02249658891906839,0.022499707947467463,-3.789561257387201e-14,2.9707544183757904,0,-2
2023-06-22 12:20:00,2023-06-22 12:24:59,0.02301,0.023,0.02297,0.02302,0.02302078688007933,0.023,0.02297,0.02302078688007933,True,7.61043069644738e-05,-3.282369091534275e-05,0,0.02297909059782747,0.022986439182438985,-13.847248072040863,-13.847248072040863,0.022501597984550294,0.02250468597784092,1.8196111602756255,0.6065370534251605,0,-2
2023-06-22 12:25:00,2023-06-22 12:29:59,0.023,0.02299,0.02296,0.02302,0.023010393440039665,0.022992500000000003,0.02296,0.02302,True,7.495399932415407e-05,-3.18215549382599e-05,0,0.022982764890133227,0.022988806836918438,-14.25123755755947,-14.25123755755947,0.02250648258171895,0.022509514973086283,2.7541928859337745,1.5246013487364314,0,-2
2023-06-22 12:30:00,2023-06-22 12:34:59,0.02299,0.02302,0.02299,0.02302,0.023001446720019834,0.023004999999999998,0.02299,0.02302,True,7.17429993724287e-05,-2.789321154142158e-05,0,0.022985785863525832,0.022990782010260453,-11.566376336976312,-11.566376336976312,0.022511442954040152,0.022514594426090398,7.733092685684778,4.10229891063137,0,-1
2023-06-22 12:35:00,2023-06-22 12:39:59,0.02302,0.02305,0.02302,0.02306,0.023003223360009914,0.0230375,0.02302,0.02306,True,6.947564227439821e-05,-2.220382013421787e-05,0,0.022988283936893145,0.02299265761321576,-7.144585506873611,-7.144585506873611,0.022516677352507414,0.022519921844736265,20.766454750273294,10.417913440630592,0,-1
2023-06-22 12:40:00,2023-06-22 12:44:59,0.02305,0.0231,0.02304,0.02311,0.023020361680004958,0.023075,0.02304,0.02311,True,6.951309639765528e-05,-1.4223619635516016e-05,0,0.022990470775054454,0.022994699244954394,-0.6649505177396051,-0.0,0.022522232801736198,0.02252569376667919,45.79396592417341,24.76450445337714,0,-1
2023-06-22 12:45:00,2023-06-22 12:49:59,0.0231,0.02318,0.0231,0.02318,0.023047680840002478,0.02314,0.0231,0.02318,True,7.026216094067992e-05,-3.040270555339659e-06,0,0.022992585010004424,0.022997303553682034,7.379565609626397,0.0,0.022528379739032354,0.022532204276463474,74.14839945775573,46.902940044067456,0,-1
2023-06-22 12:50:00,2023-06-22 12:54:59,0.02318,0.02319,0.02315,0.02319,0.02309384042000124,0.0231775,0.02315,0.02319,True,6.810057801634552e-05,4.916866294822564e-06,0,0.02299494428184323,0.02300059028351267,13.118980062953291,0.0,0.022534838647101683,0.022538749507543438,92.6287595662249,70.85704164938466,1,-1
2023-06-22 12:55:00,2023-06-22 12:59:59,0.02319,0.02322,0.02318,0.02322,0.023135670210000618,0.0232025,0.02318,0.02322,True,6.609339387232098e-05,1.1794300005783466e-05,0,0.02299776728267795,0.023004563264401538,18.07026261006078,18.07026261006078,0.022541482043647934,0.022545528119408676,99.99999999999996,88.92571967466017,0,-1
2023-06-22 13:00:00,2023-06-22 13:04:59,0.02321,0.02312,0.02312,0.02321,0.02316908510500031,0.023165000000000005,0.02312,0.02321,True,6.85152943100123e-05,8.731348132776386e-06,0,0.023001165273539743,0.023008791986820723,12.351600046397955,0.0,0.022547686202417608,0.022551244257524014,93.13690284577406,95.25522080399962,0,-2
2023-06-22 13:05:00,2023-06-22 13:09:59,0.02312,0.02309,0.02305,0.02313,0.023167042552500156,0.0230975,0.02305,0.023167042552500156,True,6.933563043072573e-05,4.164897708132896e-06,0,0.023004978630180233,0.023012729921028482,6.654394590503927,0.0,0.022553156986473154,0.02255660501118049,76.23686865576411,89.79125716717935,0,-2
2023-06-22 13:10:00,2023-06-22 13:14:59,0.02309,0.02308,0.02308,0.02311,0.023132271276250078,0.02309,0.02308,0.023132271276250078,True,6.652594254281667e-05,1.9604248760337372e-07,0,0.023008854275604358,0.02301636043923988,2.2145817496705007,0.0,0.022558498708000786,0.022561812921517002,58.34952554810366,75.90776568321392,0,-2
2023-06-22 13:15:00,2023-06-22 13:19:59,0.02308,0.02313,0.02308,0.02313,0.023111135638125037,0.023105,0.02308,0.02313,True,6.534551807547272e-05,9.057100048854772e-07,0,0.02301260735742212,0.023019826933411532,3.094927869966334,0.0,0.022563936531801772,0.02256746652428798,49.364930966225266,61.317108390030995,0,-1
2023-06-22 13:20:00,2023-06-22 13:24:59,0.02313,0.02312,0.02308,0.02313,0.02310806781906252,0.023115,0.02308,0.02313,True,6.424940964151048e-05,4.925586445173318e-07,0,0.023016217145416826,0.023023209117101314,2.831112666940541,0.0,0.02256941975039081,0.022572964369817452,51.78537844553804,53.166611653288975,0,-1
2023-06-22 13:25:00,2023-06-22 13:29:59,0.02311,0.02309,0.02307,0.02312,0.02311153390953126,0.0230975,0.02307,0.02312,True,6.323159466711697e-05,-2.0002125881435148e-06,0,0.02301971313125907,0.023026381648568215,0.15407188438900477,0.0,0.022574674280237666,0.022578109002953598,52.15121837249105,51.100509261418104,0,-2
2023-06-22 13:30:00,2023-06-22 13:34:59,0.02309,0.02311,0.02309,0.02311,0.02310451695476563,0.023099999999999996,0.02309,0.02311,True,6.01436236194657e-05,-2.2937643072429123e-06,0,0.023023047389913644,0.02302938450508457,0.2637096293156631,0.0,0.02257990140182734,0.0225834014506854,50.869755179845704,51.602117332624914,0,-1
2023-06-22 13:35:00,2023-06-22 13:39:59,0.0231,0.02308,0.02308,0.02312,0.023102258477382814,0.023095,0.02308,0.02312,True,5.870479336093257e-05,-4.577099921931881e-06,0,0.02302621594749911,0.02303219886721265,-2.2940758574391893,-0.0,0.02258502676101314,0.022588342729783058,45.58423859073877,49.53507071435849,0,-2
2023-06-22 13:40:00,2023-06-22 13:44:59,0.02307,0.02305,0.02305,0.0231,0.02309862923869141,0.0230675,0.02305,0.0231,True,5.8083022406580104e-05,-8.036901811440667e-06,0,0.02302920740735588,0.023034656837620775,-6.24198011491351,-6.24198011491351,0.022589827489759278,0.022592936334461834,30.70603956220853,42.38667777759765,0,-2
2023-06-22 13:45:00,2023-06-22 13:49:59,0.02305,0.02308,0.02305,0.02309,0.023083064619345707,0.0230675,0.02305,0.02309,True,5.6791377948967125e-05,-7.974579931241167e-06,0,0.02303193212248833,0.02303681735403046,-5.466944186966053,-5.466944186966053,0.02259458045006018,0.022597782739094054,14.501861157624843,30.264046436857367,-1,-2
2023-06-22 13:50:00,2023-06-22 13:54:59,0.02308,0.02297,0.02294,0.02309,0.023075282309672852,0.02302,0.02294,0.02309,True,6.34491366668981e-05,-1.5224875616708193e-05,0,0.023034374738259394,0.023038402958860515,-11.281647853757029,-11.281647853757029,0.02259881348040784,0.022601486393431427,0.9336311240956215,15.380510614642981,0,-2
2023-06-22 13:55:00,2023-06-22 13:59:59,0.02297,0.02302,0.02296,0.02304,0.023047641154836426,0.022997500000000004,0.02296,0.023047641154836426,True,6.463134119069111e-05,-1.5881193423053015e-05,0,0.023036388848559956,0.023039370678897487,-10.697071267242372,-10.697071267242372,0.022602780510453533,0.022605650707924647,-2.5609144434686943e-14,5.145164093906796,0,-2
2023-06-22 14:00:00,2023-06-22 14:04:59,0.02303,0.02285,0.02282,0.02306,0.023022570577418217,0.02294,0.02282,0.02306,True,7.715767396278465e-05,-2.7304621150655188e-05,-1,0.023037879763728723,0.02303945078315371,-16.084237505655686,-16.084237505655686,0.022606135928259965,0.0226080820441642,-2.5609144434686943e-14,0.31121037469850693,0,-2
2023-06-22 14:05:00,2023-06-22 14:09:59,0.02286,0.02283,0.02279,0.0229,0.02298128528870911,0.022845,0.02279,0.02298128528870911,True,7.950355439401424e-05,-3.4846133196881704e-05,0,0.02303866527344122,0.023038179710633974,-20.115424699255566,-20.115424699255566,0.022608512685192702,0.02261029018302824,-2.5609144434686943e-14,-4.213913169021706e-14,0,-2
2023-06-22 14:10:00,2023-06-22 14:14:59,0.02283,0.02272,0.02271,0.02286,0.022913142644354553,0.02278,0.02271,0.022913142644354553,True,8.453901479444162e-05,-4.5653806346304294e-05,0,0.0230384224920376,0.023035407598920258,-24.791515750597036,-24.791515750597036,0.02261021902663357,0.022611381822998107,-2.5609144434686943e-14,-4.213913169021706e-14,0,-2
2023-06-22 14:15:00,2023-06-22 14:19:59,0.02273,0.02284,0.02272,0.02285,0.022846571322177277,0.022785,0.02272,0.02285,True,8.778622802340993e-05,-4.2241944767414635e-05,0,0.02303691504547893,0.023031507033444656,-20.516542683279365,-20.516542683279365,0.02261195814079642,0.022613656630729468,0.9410200204834327,0.31367334016111065,0,-2
2023-06-22 14:20:00,2023-06-22 14:24:59,0.02285,0.02281,0.02279,0.02286,0.02281578566108864,0.0228275,0.02279,0.02286,True,8.651578316459473e-05,-4.0006652161982826e-05,0,0.023034211039461797,0.0230270363856109,-18.59552551262305,-18.59552551262305,0.022614102835912874,0.022615610296095344,9.581953474943576,3.5076578318089777,0,-2
2023-06-22 14:25:00,2023-06-22 14:29:59,0.02281,0.02284,0.0228,0.02285,0.02282164283054432,0.022824999999999998,0.0228,0.02285,True,8.390751293855211e-05,-3.445280479406066e-05,0,0.02303062371253635,0.02302213042866727,-15.570320693300289,-15.570320693300289,0.02261620131515752,0.02261784302946753,18.046546464937773,9.523173320121577,0,-1
2023-06-22 14:30:00,2023-06-22 14:34:59,0.02284,0.02287,0.02281,0.02287,0.022823321415272158,0.0228475,0.02281,0.02287,True,8.219983344294132e-05,-2.694651711900198e-05,0,0.02302637707060181,0.023017069783809987,-11.799410119223332,-11.799410119223332,0.02261850279460869,0.022620352054049945,30.5099862440253,19.37949539463553,0,-1
2023-06-22 14:35:00,2023-06-22 14:39:59,0.02286,0.02282,0.02282,0.02286,0.02283541070763608,0.02284,0.02282,0.02286,True,7.989984533987418e-05,-2.3956653986502376e-05,0,0.023021723427205897,0.02301187061549998,-11.576500057150618,-11.576500057150618,0.022620706746901142,0.022622338600775817,34.58323057468113,27.713254427881385,0,-1
2023-06-22 14:40:00,2023-06-22 14:44:59,0.02282,0.02285,0.02282,0.02286,0.022837705353818037,0.022837499999999997,0.02282,0.02286,True,7.704985638702591e-05,-1.849620914137202e-05,0,0.02301679702135294,0.023006580905866547,-9.438634091089874,-9.438634091089874,0.022622863893698147,0.022624603888330288,38.931235662149476,34.67481749361862,0,-1
2023-06-22 14:45:00,2023-06-22 14:49:59,0.02286,0.02281,0.02277,0.02286,0.022837602676909017,0.022824999999999998,0.02277,0.02286,True,7.797486664509547e-05,-1.645342252627299e-05,0,0.023011688963609743,0.023001170442152632,-10.032489535806441,-10.032489535806441,0.022624875198238463,0.022626448625759837,39.01878870100628,37.51108497927894,0,-1
2023-06-22 14:50:00,2023-06-22 14:54:59,0.02281,0.02282,0.02279,0.02284,0.022831301338454506,0.022815000000000002,0.02279,0.02284,True,7.597666188473136e-05,-1.32565393699233e-05,0,0.023006429702881186,0.022995633418802206,-9.633548714675989,-9.633548714675989,0.02262676698731072,0.022628374510080634,38.59246674971739,38.847497037624365,0,-1
2023-06-22 14:55:00,2023-06-22 14:59:59,0.02283,0.0228,0.02279,0.02284,0.022823150669227254,0.022815000000000002,0.02279,0.02284,True,7.412118603582183e-05,-1.149253052719614e-05,0,0.023001031560841694,0.02299003474402853,-10.540617243545377,-10.540617243545377,0.02262863995261111,0.02263008222639824,42.49480013146374,40.03535186072912,0,-1
2023-06-22 15:00:00,2023-06-22 15:04:59,0.02281,0.02282,0.02279,0.02284,0.02281907533461363,0.022815000000000002,0.02279,0.02284,True,7.239824417612014e-05,-7.972498730742723e-06,0,0.02299553315243511,0.022984425943518697,-9.211465971781841,-9.211465971781841,0.02263049428144085,0.022631971955488803,48.569951642442255,43.219072841207776,0,-1
2023-06-22 15:05:00,2023-06-22 15:09:59,0.02282,0.02281,0.02279,0.02283,0.022817037667306816,0.022812500000000003,0.02279,0.02283,True,7.008408387782572e-05,-5.519313115506856e-06,0,0.022989979547976904,0.022978830500623177,-9.091091733449403,-9.091091733449403,0.02263230528361557,0.022633743378817274,60.96552531869539,50.67675903086711,0,-1
2023-06-22 15:10:00,2023-06-22 15:14:59,0.0228,0.02277,0.02277,0.0228,0.02281476883365341,0.022785,0.02277,0.02281476883365341,True,6.793522074369545e-05,-5.9141509762956044e-06,0,0.02298440502430004,0.02297309528571488,-11.787341167712462,-11.787341167712462,0.022633824634027355,0.022635099166092725,61.02794484167873,56.85447393427211,0,-1
2023-06-22 15:15:00,2023-06-22 15:19:59,0.02278,0.02287,0.02277,0.02287,0.022799884416826705,0.022822500000000003,0.02277,0.02287,True,7.022556211914599e-05,1.4770599721250575e-06,0,0.02297875015500746,0.02296754666687137,-5.124152278433364,-0.0,0.022635702000852954,0.022637436487823147,74.79411382560575,65.59586132865995,0,-1
2023-06-22 15:20:00,2023-06-22 15:24:59,0.02287,0.02282,0.0228,0.02287,0.022811192208413354,0.02284,0.0228,0.02287,True,7.020945053920703e-05,3.2822137244571453e-06,0,0.022973148410939417,0.02296230309445858,-4.2672932027304284,-0.0,0.022637734816764864,0.022639253040183115,83.44401764885886,73.0886921053811,0,-1
2023-06-22 15:25:00,2023-06-22 15:29:59,0.02282,0.02279,0.02279,0.02283,0.022825596104206675,0.0228075,0.02279,0.02283,True,6.805163264354927e-05,2.7608326334155103e-06,0,0.022967725752698998,0.02295711267916646,-5.553286731521922,-0.0,0.0226394240225682,0.022640753009932537,89.29504655951821,82.51105934466092,0,-1
2023-06-22 15:30:00,2023-06-22 15:34:59,0.02279,0.02277,0.02275,0.0228,0.022816548052103338,0.022777500000000003,0.02275,0.022816548052103338,True,6.676223031186728e-05,1.439891296487676e-06,0,0.022962419215932728,0.02295179389471406,-7.609312474889997,-0.0,0.022640797912890902,0.022642039049634702,70.00406271555718,80.91437564131141,0,-1
2023-06-22 15:35:00,2023-06-22 15:39:59,0.02277,0.02272,0.02271,0.02277,0.02279702402605167,0.022742500000000002,0.02271,0.02279702402605167,True,6.627921386101945e-05,-2.398176345585432e-06,0,0.022957106555323393,0.022946170399615422,-11.593851105587518,-11.593851105587518,0.022641809873956666,0.02264281478048411,42.016472684455685,67.10519398651034,0,-2
2023-06-22 15:40:00,2023-06-22 15:44:59,0.02272,0.02276,0.02272,0.02277,0.022769762013025836,0.0227425,0.02272,0.02277,True,6.511641287094649e-05,-1.5159778331059375e-06,0,0.022951638477469408,0.022940345586838856,-10.439524934871962,-10.439524934871962,0.02264281176575809,0.022643980802568842,24.733836093835084,45.58479049794931,0,-1
2023-06-22 15:45:00,2023-06-22 15:49:59,0.02277,0.02281,0.02274,0.02282,0.022756131006512918,0.022785,0.02274,0.02282,True,6.617952623730746e-05,3.0665976849953417e-06,0,0.022945992032154132,0.022934693834846063,-5.83796157539453,-0.0,0.022644226574059005,0.02264563273488159,39.836402655816066,35.528903811368934,0,-1
2023-06-22 15:50:00,2023-06-22 15:54:59,0.0228,0.02282,0.02279,0.02286,0.022770565503256457,0.022817499999999998,0.02279,0.02286,True,6.645241722035673e-05,7.087968092556676e-06,0,0.022940342933500096,0.022929440096417113,-2.0658788655463596,-0.0,0.02264595068774996,0.022647367732544457,67.82399268691756,44.131410478856225,0,-1
2023-06-22 15:55:00,2023-06-22 15:59:59,0.02282,0.02283,0.02282,0.02284,0.022794032751628227,0.0228275,0.02282,0.02284,True,6.313438741890262e-05,1.0554378699181695e-05,0,0.022934891514958606,0.022924604373733483,1.214176885567717,0.0,0.022647757148568367,0.02264918496903655,95.8115827180199,67.82399268691783,0,-1
2023-06-22 16:00:00,2023-06-22 16:04:59,0.02283,0.02285,0.02277,0.02285,0.022810766375814112,0.022824999999999998,0.02277,0.02285,True,6.433907403183816e-05,1.4174838691021638e-05,0,0.022929747944346046,0.022920113783327447,4.951089912640562,4.951089912640562,0.022649520759030373,0.022651183128548625,99.33948920697897,87.65835487063879,0,-1
2023-06-22 16:05:00,2023-06-22 16:09:59,0.02284,0.02284,0.02282,0.02288,0.022817883187907055,0.022845,0.02282,0.02288,True,6.402914017242123e-05,1.5652059610341e-05,0,0.02292493086383675,0.0229160629494858,6.152537348358081,6.152537348358081,0.022651465826104698,0.02265306190338894,99.33948920697897,98.16352037732592,0,-1
2023-06-22 16:10:00,2023-06-22 16:14:59,0.02284,0.02291,0.02283,0.02292,0.022831441593953526,0.022875,0.02283,0.02292,True,6.588420158867684e-05,2.113744655805217e-05,0,0.022920496906661276,0.022912591964011943,11.683726128890882,11.683726128890882,0.022653690046740473,0.022655618501365167,99.33948920697897,99.33948920697894,0,-1
2023-06-22 16:15:00,2023-06-22 16:19:59,0.02291,0.0229,0.02288,0.02293,0.022853220796976763,0.022905000000000002,0.02288,0.02293,True,6.474961576091407e-05,2.3447728460249344e-05,0,0.02291654443533661,0.02290980714379145,14.026764614187414,14.026764614187414,0.02265619064329032,0.022658050158068002,99.99999999999996,99.55965947131926,0,-1
2023-06-22 16:20:00,2023-06-22 16:24:59,0.0229,0.02292,0.02289,0.02293,0.022879110398488382,0.02291,0.02289,0.02293,True,6.298178606370581e-05,2.5620341662376995e-05,0,0.02291317578956403,0.02290761595844604,16.813543755459605,16.813543755459605,0.022658716109526238,0.022660656624156877,99.99999999999996,99.77982973565959,0,2
2023-06-22 16:25:00,2023-06-22 16:29:59,0.02292,0.0229,0.0229,0.02295,0.02289455519924419,0.0229175,0.0229,0.02295,True,6.205451563058407e-05,2.4821715664586612e-05,0,0.022910395874005035,0.022905958637850284,15.691039642095006,15.691039642095006,0.022661291073610555,0.02266303815028467,99.99999999999996,99.99999999999993,0,2
2023-06-22 16:30:00,2023-06-22 16:34:59,0.0229,0.02293,0.0229,0.02295,0.022906027599622097,0.02292,0.0229,0.02295,True,6.119347879982818e-05,2.5525995423704805e-05,0,0.02290817725592766,0.022904750156366827,17.158986205364343,17.158986205364343,0.022663865291783585,0.022665694487097758,99.99999999999996,99.99999999999993,1,2
2023-06-22 16:35:00,2023-06-22 16:39:59,0.02293,0.02305,0.02289,0.02305,0.022913013799811047,0.02298,0.02289,0.02305,True,6.825108745698334e-05,3.330008251496516e-05,1,0.022906463706147243,0.022904315004349036,22.78406991063831,22.78406991063831,0.022667010910770814,0.022669518422549523,99.99999999999996,99.99999999999993,0,2
2023-06-22 16:40:00,2023-06-22 16:44:59,0.02305,0.02297,0.02294,0.02307,0.022946506899905524,0.0230075,0.02294,0.02307,True,7.266172406719893e-05,3.15273226282732e-05,0,0.022905389355248138,0.022904680364908964,18.92587683521421,18.92587683521421,0.022670398861907422,0.022672508288991818,99.99999999999996,99.99999999999993,0,2
2023-06-22 16:45:00,2023-06-22 16:49:59,0.02297,0.02299,0.02293,0.02301,0.022977003449952762,0.022975000000000002,0.02293,0.02301,True,7.31858866338276e-05,3.046749689829419e-05,0,0.022905034860078548,0.022905450483326407,17.32796396583906,17.32796396583906,0.02267342971900287,0.022675667410494385,94.38373106833156,98.12791035611046,0,2
2023-06-22 16:50:00,2023-06-22 16:54:59,0.02299,0.02307,0.02299,0.02311,0.02297600172497638,0.023039999999999998,0.02299,0.02311,True,7.652975187426838e-05,3.398073179971663e-05,0,0.022905242671702474,0.02290697995574545,19.43817288596405,19.43817288596405,0.022677077184485427,0.02267959111785265,93.63353368239133,96.00575491690758,0,2
2023-06-22 16:55:00,2023-06-22 16:59:59,0.02307,0.0231,0.02305,0.0231,0.02300800086248819,0.02308,0.02305,0.0231,True,7.463476959753478e-05,3.680880313941747e-05,0,0.02290611131372396,0.022909371221641432,21.782377601163503,21.782377601163503,0.022681086366729355,0.02268377429080934,93.63353368239133,93.8835994777047,0,2
2023-06-22 17:00:00,2023-06-22 17:04:59,0.0231,0.02306,0.023,0.02311,0.023044000431244095,0.023067499999999998,0.023,0.02311,True,7.716085748342507e-05,3.420682462537018e-05,0,0.022907741267682694,0.022912338813682067,19.626297454733376,19.626297454733376,0.02268493127850319,0.02268751783020427,96.25344310947759,94.50683682475339,0,2
2023-06-22 17:05:00,2023-06-22 17:09:59,0.02307,0.02307,0.02304,0.02309,0.023055750215622048,0.0230675,0.02304,0.02309,True,7.522079623460885e-05,3.1583699731607914e-05,0,0.02291004004068238,0.022915739790512125,18.673737526588937,18.673737526588937,0.02268873793244843,0.022691323622938558,94.00728099083598,94.63141926090161,0,2
2023-06-22 17:10:00,2023-06-22 17:14:59,0.02307,0.02318,0.02306,0.02319,0.023061625107811026,0.023125,0.02306,0.02319,True,7.913359650356523e-05,3.587025364353032e-05,0,0.022912889915597253,0.022919853151066066,21.985460657190288,21.985460657190288,0.022693078848543474,0.022696186074451608,94.00728099083598,94.75600169704983,0,2
2023-06-22 17:15:00,2023-06-22 17:19:59,0.02318,0.02322,0.02316,0.02324,0.023093312553905513,0.0232,0.02316,0.02324,True,7.919548246759629e-05,3.957310522211003e-05,0,0.02291637153333166,0.022925013734067773,25.152706249504106,25.152706249504106,0.022698122840100254,0.022701398153312787,97.00364049541815,95.00606749236334,0,2
2023-06-22 17:20:00,2023-06-22 17:24:59,0.02323,0.0232,0.02317,0.02323,0.023146656276952754,0.0232075,0.02317,0.02323,True,7.782437657705378e-05,3.855343002903978e-05,0,0.022920692633699717,0.022931014853555788,25.23510785456736,25.23510785456736,0.022703191269551993,0.022706359365717636,99.99999999999999,97.00364049541803,0,2
2023-06-22 17:25:00,2023-06-22 17:29:59,0.0232,0.02317,0.02316,0.02322,0.023177078138476376,0.0231875,0.02316,0.02322,True,7.655120682155002e-05,3.377761938487776e-05,0,0.022925853743627753,0.022937499337999656,22.311075765660732,22.311075765660732,0.02270801026189476,0.022710972705362237,93.46900665327678,96.82421571623162,0,1
2023-06-22 17:30:00,2023-06-22 17:34:59,0.02317,0.02322,0.02316,0.02323,0.023182289069238186,0.023195,0.02316,0.02323,True,7.608326347715364e-05,3.221834349124338e-05,0,0.022931676540813704,0.022944371346589255,22.503923053820373,22.503923053820373,0.022712855930930632,0.022716037653567587,87.39403954017298,93.62101539781656,0,2
2023-06-22 17:35:00,2023-06-22 17:39:59,0.02323,0.02321,0.02321,0.02327,0.023188644534619093,0.02323,0.02321,0.02327,True,7.493445894307106e-05,2.8641776993188294e-05,0,0.02293802394370148,0.022951741443598295,21.564206913232567,21.564206913232567,0.022718001643060676,0.022720952701790795,84.88936406967753,88.58413675437573,0,1
2023-06-22 17:40:00,2023-06-22 17:44:59,0.02321,0.02316,0.02314,0.02321,0.023209322267309547,0.02318,0.02314,0.02321,True,7.458199758999459e-05,2.1131931674484304e-05,0,0.022944882693649887,0.022959110069246245,16.089011013991595,16.089011013991595,0.022722598641637188,0.02272532133162372,68.26600061374441,80.18313474119829,0,1
2023-06-22 17:45:00,2023-06-22 17:49:59,0.02315,0.02313,0.02313,0.02317,0.023194661133654773,0.023145,0.02313,0.023194661133654773,True,7.211185490499487e-05,1.275320537882341e-05,0,0.022951996381448066,0.022966186842651778,10.037458644880104,10.037458644880104,0.02272680164022786,0.0227293479850404,41.00763439351488,64.72099969231225,0,1
2023-06-22 17:50:00,2023-06-22 17:54:59,0.02314,0.02313,0.0231,0.02314,0.023169830566827386,0.023127500000000002,0.0231,0.023169830566827386,True,6.981815098320966e-05,6.225229941734533e-06,0,0.022959091612049922,0.022972865215932278,6.003090398805774,0.0,0.022730788688583803,0.02273333457225393,10.178976530677,39.81753717931207,0,1
2023-06-22 17:55:00,2023-06-22 17:59:59,0.02312,0.02316,0.02311,0.02319,0.023148665283413694,0.023145000000000002,0.02311,0.02319,True,7.054542591298042e-05,3.2338935815002856e-06,0,0.0229659784139911,0.022979304173860272,6.061761923355675,0.0,0.022734910194170035,0.02273757999939568,3.012594878246633,18.066401934146143,0,1
2023-06-22 18:00:00,2023-06-22 18:04:59,0.02316,0.02315,0.02313,0.02318,0.023146832641706847,0.023155000000000002,0.02313,0.02318,True,6.907789549062453e-05,-8.472942239369627e-08,0,0.022972641293925684,0.022985579070933185,4.985382379294663,0.0,0.022739090192237996,0.022741683680993736,7.7464022802150625,6.979324563046204,0,1
2023-06-22 18:05:00,2023-06-22 18:09:59,0.02316,0.0232,0.02311,0.02321,0.023150916320853424,0.023170000000000003,0.02311,0.02321,True,7.12866172412944e-05,6.484701878205202e-07,0,0.022979110182429433,0.02299178466522604,8.407552431262253,8.407552431262253,0.022743377852016723,0.022746244042376882,15.070716957735792,8.609904705399135,0,1
2023-06-22 18:10:00,2023-06-22 18:14:59,0.0232,0.02321,0.02317,0.02321,0.023160458160426715,0.023197500000000003,0.02317,0.02321,True,6.905185886691635e-05,1.2244621175735374e-06,0,0.022985447423827736,0.02299808179922178,11.377435107532932,11.377435107532932,0.022747896480354864,0.02275085852951741,23.90459026653021,15.573903168160328,0,1
2023-06-22 18:15:00,2023-06-22 18:19:59,0.02322,0.02325,0.02319,0.02325,0.02317897908021336,0.023227499999999998,0.02319,0.02325,True,6.840529751927954e-05,3.728097342597215e-06,0,0.022991764611524756,0.023004613629937314,15.77554403432923,15.77554403432923,0.02275266865467969,0.022755825111313258,35.515194625550215,24.830167283272043,0,2
2023-06-22 18:20:00,2023-06-22 18:24:59,0.02324,0.02327,0.02321,0.02327,0.02320323954010668,0.0232475,0.02321,0.02327,True,6.78049191250451e-05,5.9880895943858765e-06,0,0.022998189120731035,0.02301142264499509,19.70379887788286,19.70379887788286,0.022757592349658,0.022760941279359893,47.330769987462425,35.58351829318092,0,2
2023-06-22 18:25:00,2023-06-22 18:29:59,0.02326,0.02328,0.02326,0.0233,0.02322536977005334,0.023275,0.02326,0.0233,True,6.58188534732563e-05,7.293599407126567e-06,0,0.02300480588286306,0.023018591851395667,22.815351823265544,22.815351823265544,0.022762740684487272,0.022766106042749347,58.231384379225936,47.025782997412826,0,2
2023-06-22 18:30:00,2023-06-22 18:34:59,0.02328,0.02323,0.02323,0.02328,0.02325018488502667,0.023254999999999998,0.02323,0.02328,True,6.468893536802356e-05,3.797198746199854e-06,0,0.023011698867129362,0.02302585822932411,17.42655186565463,17.42655186565463,0.02276763878712919,0.0227707219030205,58.921747307656595,54.827967224781624,0,1
2023-06-22 18:35:00,2023-06-22 18:39:59,0.02323,0.0232,0.02319,0.02323,0.023252592442513334,0.0232125,0.02319,0.023252592442513334,True,6.292543998459343e-05,-1.281573715777878e-06,0,0.023018778548226735,0.02303285966080243,10.635136661725959,0.0,0.022772065266859248,0.02277499332687104,42.450735438270705,53.20128904171772,0,1
2023-06-22 18:40:00,2023-06-22 18:44:59,0.0232,0.0232,0.02318,0.02322,0.023232546221256666,0.023200000000000002,0.02318,0.023232546221256666,True,6.12879085571226e-05,-5.096136245990598e-06,0,0.02302581910451458,0.023039518697518274,6.107526525773515,0.0,0.022776323323905424,0.02277922224899173,19.703652859466136,40.35871186846445,0,1
2023-06-22 18:45:00,2023-06-22 18:49:59,0.02319,0.02316,0.02313,0.0232,0.023216273110628335,0.02317,0.02313,0.023216273110628335,True,6.191020080304221e-05,-1.0656619202645945e-05,0,0.023032668901016427,0.023045656644452236,-0.7602340720080036,-0.0,0.022780240504762087,0.022783011082335092,2.668878170047037,21.60775548926126,0,1
2023-06-22 18:50:00,2023-06-22 18:54:59,0.02317,0.02314,0.02313,0.02317,0.023193136555314166,0.0231525,0.02313,0.023193136555314166,True,6.034518645996765e-05,-1.57074116913186e-05,0,0.023039162772734333,0.023051222152282218,-6.857809383586648,-6.857809383586648,0.022783944579341568,0.02278656321086907,-2.0724163126336254e-14,7.457510343171019,0,1
2023-06-22 18:55:00,2023-06-22 18:59:59,0.02314,0.02306,0.02306,0.02315,0.023172818277657083,0.0231025,0.02306,0.023172818277657083,True,6.24633874271128e-05,-2.429054437517329e-05,0,0.023045192462508277,0.02305595573630423,-14.855515688014556,-14.855515688014556,0.022787114285019762,0.022789283974940025,-2.0724163126336254e-14,0.8896260566822997,0,-2
2023-06-22 19:00:00,2023-06-22 19:04:59,0.02306,0.02292,0.02292,0.02311,0.023137659138828544,0.023002500000000002,0.02292,0.023137659138828544,True,7.157314546803326e-05,-3.884670566982341e-05,-1,0.023050574099406255,0.023059315757094773,-23.025371352885664,-23.025371352885664,0.022789257426462352,0.022790584631905794,-2.0724163126336254e-14,-5.2945302463235246e-14,0,-2
2023-06-22 19:05:00,2023-06-22 19:09:59,0.02292,0.02231,0.02206,0.02299,0.023070079569414273,0.02257,0.02206,0.023070079569414273,True,0.00013288934936317377,-8.877621910912413e-05,0,0.023054944928250515,0.023058603898629043,-30.950677945959672,-30.950677945959672,0.022787075760527402,0.022785802695269915,-2.0724163126336254e-14,-5.2945302463235246e-14,-1,-2
2023-06-22 19:10:00,2023-06-22 19:14:59,0.02233,0.02249,0.02227,0.02256,0.022820039784707136,0.0224125,0.02227,0.022820039784707136,True,0.00014411153869437553,-0.00010501758497388666,0,0.02305677441343978,0.023053610487599394,-29.830563626995303,-29.830563626995303,0.022783348638532104,0.02278285938486922,-2.0724163126336254e-14,-5.2945302463235246e-14,0,-2
2023-06-22 19:15:00,2023-06-22 19:19:59,0.02249,0.02244,0.02238,0.02255,0.022616269892353567,0.022465,0.02238,0.022616269892353567,True,0.00014596071450192016,-0.00011434929927003818,0,0.02305519245051959,0.02304564064606765,-29.547311780878776,-29.547311780878776,0.022780180990387505,0.022779447848701367,2.7001901451941257,0.9000633817313292,0,-2
2023-06-22 19:20:00,2023-06-22 19:24:59,0.02244,0.02266,0.02244,0.02268,0.022540634946176783,0.022555,0.02244,0.02268,True,0.0001526778063232114,-0.00010009375893177064,0,0.02305041654829362,0.02303599961716998,-22.861819808378996,-22.861819808378996,0.022777940383517978,0.022778259312893394,9.661546531593393,4.1205788922624675,0,-1
2023-06-22 19:25:00,2023-06-22 19:29:59,0.02266,0.02256,0.02253,0.02267,0.022547817473088393,0.022605,0.02253,0.02267,True,0.00015177224872869614,-9.300781984270814e-05,0,0.023043208082731803,0.02302545205159072,-20.00673137624678,-20.00673137624678,0.022776219583681978,0.022776087578436743,18.80902700376786,10.390254560185094,0,-2
2023-06-22 19:30:00,2023-06-22 19:34:59,0.02256,0.02255,0.02246,0.0226,0.022576408736544196,0.022542499999999997,0.02246,0.0226,True,0.00015093137381950338,-8.455211356963423e-05,0,0.02303433006716126,0.023013834314357023,-18.270385126867694,-18.270385126867694,0.022773894015685144,0.022773837950790608,24.10553608416372,17.52536987317496,0,-2
2023-06-22 19:35:00,2023-06-22 19:39:59,0.02256,0.02253,0.02249,0.02258,0.022559454368272096,0.02254,0.02249,0.02258,True,0.00014657913283239597,-7.613812485422735e-05,0,0.023024082190759142,0.023001436580827532,-17.495222378471624,-17.495222378471624,0.022771566712046484,0.022771411702524034,25.69653247671989,22.870365188217125,0,-1
2023-06-22 19:40:00,2023-06-22 19:44:59,0.02254,0.02253,0.02249,0.02257,0.02254972718413605,0.022532499999999997,0.02249,0.02257,True,0.00014182348048722484,-6.663314302479112e-05,0,0.02301275938579334,0.022988458354389542,-16.978447212874244,-16.978447212874244,0.02276918793879229,0.02276900959603126,26.362277624409725,25.388115395097746,0,-1
2023-06-22 19:45:00,2023-06-22 19:49:59,0.02253,0.02237,0.02233,0.02255,0.02254111359206802,0.022445,0.02233,0.02255,True,0.0001474075175952803,-6.771219480209242e-05,0,0.023000608870091442,0.022974511803184404,-19.732394233276256,-19.732394233276256,0.022765962188157542,0.02276503935129463,26.484851607193672,26.181220569441066,0,-2
2023-06-22 19:50:00,2023-06-22 19:54:59,0.02237,0.02223,0.02223,0.02239,0.02249305679603401,0.022305,0.02223,0.02249305679603401,True,0.00014830698062418888,-7.410372199097038e-05,0,0.022987560336637923,0.022958938022368116,-23.406826069458223,-23.406826069458223,0.022761375499718163,0.022759715576654883,23.866460912639372,25.571196714747558,0,-2
2023-06-22 19:55:00,2023-06-22 19:59:59,0.02223,0.02228,0.02221,0.02231,0.022399028398017003,0.0222575,0.02221,0.022399028398017003,True,0.00014485648200817535,-7.049340353625441e-05,0,0.02297324917950302,0.02294186406441932,-23.510559646324168,-23.510559646324168,0.022756361813153804,0.022754942287334934,19.412910839570458,23.254741119801135,0,-2
2023-06-22 20:00:00,2023-06-22 20:04:59,0.02228,0.02249,0.02227,0.0225,0.0223282641990085,0.022385000000000002,0.02227,0.0225,True,0.00015093816186473408,-4.949216178212206e-05,0,0.02295755662196117,0.022924600937564817,-16.08060089850452,-16.08060089850452,0.02275266667073436,0.02275230604566991,29.264146656915344,24.18117280304169,0,-1
2023-06-22 20:05:00,2023-06-22 20:09:59,0.0225,0.02257,0.02247,0.02259,0.022356632099504253,0.0225325,0.02247,0.02259,True,0.00014872829316011014,-2.702355081963929e-05,0,0.022941078779762994,0.02290831932697052,-9.036964647315088,-9.036964647315088,0.022750475957592727,0.02275049205516573,56.663517905847534,35.11352513411108,0,-1
2023-06-22 20:10:00,2023-06-22 20:14:59,0.02257,0.02255,0.0225,0.02259,0.022444566049752125,0.0225525,0.0225,0.02259,True,0.00014453341507724508,-1.1428058296574043e-05,0,0.02292469905336676,0.022893059401463377,-4.9913147211040325,-4.9913147211040325,0.022748506047566928,0.022748497109343187,84.63717569238548,56.854946751716085,0,-1
2023-06-22 20:15:00,2023-06-22 20:19:59,0.02255,0.02254,0.02252,0.02256,0.02249853302487606,0.0225425,0.02252,0.02256,True,0.00013706674257172772,-2.7208069285140804e-07,0,0.02290887922741507,0.022878639944493167,-2.6626288003702214,-0.0,0.022746456236148353,0.02274642251124027,99.45473262558609,80.251808741273,0,-1
2023-06-22 20:20:00,2023-06-22 20:24:59,0.02253,0.02254,0.0225,0.02255,0.02252051651243803,0.022529999999999998,0.0225,0.02255,True,0.00013084768953089014,8.198892483984372e-06,0,0.022893759585954118,0.022864895363828845,-1.110171519881014,-0.0,0.02274430244275384,0.022744368555904546,97.92506629987933,94.00565820595027,0,-1
2023-06-22 20:25:00,2023-06-22 20:29:59,0.02253,0.02256,0.02251,0.02257,0.022525258256219014,0.0225425,0.02251,0.02257,True,0.00012578714027868378,1.5911641321401276e-05,0,0.02287932747489148,0.022851862183759824,0.8297812344745168,0.0,0.022742294458248827,0.022742534042910472,97.70195803853363,98.36058565466631,0,-1
2023-06-22 20:30:00,2023-06-22 20:34:59,0.02256,0.0226,0.02249,0.02261,0.02253387912810951,0.022565,0.02249,0.02261,True,0.00012537377311592078,2.4133338611452863e-05,0,0.022865594829325653,0.022839632889786035,3.9273108134084893,0.0,0.022740530334286153,0.022741115793727285,98.2472254129475,97.95808325045346,0,-1
2023-06-22 20:35:00,2023-06-22 20:39:59,0.0226,0.02263,0.02258,0.02263,0.022549439564054755,0.022609999999999998,0.02258,0.02263,True,0.0001199899321790694,3.158983357196189e-05,0,0.022852613859555844,0.022828429154806425,7.283224928530878,0.0,0.022739231524989773,0.022740010163938954,99.77689173865424,98.57535839671175,0,-1
2023-06-22 20:40:00,2023-06-22 20:44:59,0.02263,0.02263,0.0226,0.02264,0.02257971978202738,0.022625,0.0226,0.02264,True,0.00011427636559485028,3.61081022998437e-05,0,0.022840521507181133,0.022818212635123975,9.520501005279137,9.520501005279137,0.022738094892900323,0.02273891553544205,99.99999999999994,99.34137238386718,0,-1
2023-06-22 20:45:00,2023-06-22 20:49:59,0.02262,0.02263,0.02257,0.02264,0.022625,0.022614999999999996,0.02257,0.02264,True,0.00011111376805236101,3.8464904773953366e-05,0,0.022829367071152552,0.022808774842542946,11.012018389777971,11.012018389777971,0.022736870068095345,0.022737831798770983,99.16279652357214,99.64656275407539,0,-1
2023-06-22 20:50:00,2023-06-22 20:54:59,0.02263,0.02262,0.02261,0.02264,0.022619999999999998,0.022625,0.02261,0.02264,True,0.00010531992747719228,3.856992339613217e-05,0,0.022819070956847747,0.022800083511213848,10.876328193970998,10.876328193970998,0.02273575693308942,0.022736659343061818,99.16279652357214,99.44186434904803,0,-1
2023-06-22 20:55:00,2023-06-22 20:59:59,0.02262,0.0226,0.02258,0.02262,0.022622499999999997,0.022605,0.02258,0.022622499999999997,True,0.00010065421837167868,3.646569411484802e-05,0,0.022809577234030796,0.022791902284584498,8.507166406431203,8.507166406431203,0.02273445586907858,0.022735299548603493,97.31486264019539,98.5468185624465,0,-1
2023-06-22 21:00:00,2023-06-22 21:04:59,0.02259,0.02263,0.02255,0.02264,0.02261375,0.022602499999999998,0.02255,0.02264,True,9.989320277370161e-05,3.6396629635770695e-05,0,0.022800739759307645,0.022784161646229078,9.52853155820415,9.52853155820415,0.022733142875356407,0.022734251791900972,96.06431211821906,97.5139904273288,0,-1
2023-06-22 21:05:00,2023-06-22 21:09:59,0.02263,0.0226,0.02258,0.02265,0.022608125,0.022615,0.02258,0.02265,True,9.775797400415154e-05,3.347275357336234e-05,0,0.02279245070276836,0.022776906758424524,6.752922849776134,0.0,0.022731967324357834,0.02273291595317559,95.06383525697696,96.14767000513042,0,-1
2023-06-22 21:10:00,2023-06-22 21:14:59,0.0226,0.02262,0.02259,0.02263,0.0226115625,0.022609999999999998,0.02259,0.02263,True,9.363240443242655e-05,3.220835253323279e-05,0,0.02278467873059644,0.022770049776373088,6.833871732996187,0.0,0.022730753719140344,0.02273179241135295,92.45914477391443,94.52909738303678,0,2
2023-06-22 21:15:00,2023-06-22 21:19:59,0.02262,0.0226,0.02255,0.02262,0.02261078125,0.0225975,0.02255,0.02262,True,9.194437554439613e-05,2.9278179713336863e-05,0,0.022777364253484762,0.022763467351215108,4.518472984019084,0.0,0.022729427811487207,0.022730481044075806,84.41838690408916,90.64712231166015,0,2
2023-06-22 21:20:00,2023-06-22 21:24:59,0.02259,0.0227,0.02257,0.02271,0.022604140624999998,0.022642500000000003,0.02257,0.02271,True,9.537692014836793e-05,3.3583363543311645e-05,0,0.022770415802349935,0.022757454996922874,10.124364432848388,10.124364432848388,0.022728562858139074,0.022730177750104903,85.41886376533127,87.43213181444492,0,2
2023-06-22 21:25:00,2023-06-22 21:29:59,0.0227,0.02261,0.02259,0.0227,0.0226233203125,0.02265,0.02259,0.0227,True,9.642142585205612e-05,2.928973156019309e-05,0,0.022763935399636403,0.022751984172552673,6.344656433862305,6.344656433862305,0.022727781138157592,0.022728981951596398,89.87148813177055,86.56957960039695,0,1
2023-06-22 21:30:00,2023-06-22 21:34:59,0.02261,0.02253,0.02249,0.02268,0.022636660156250002,0.0225775,0.02249,0.02268,True,0.00010310560971976634,2.0267371554203204e-05,0,0.022757959786094538,0.022746479807070456,-0.27582098544083067,-0.0,0.022726285803449556,0.022727002031680016,75.02038762291912,83.43691317334027,0,1
2023-06-22 21:35:00,2023-06-22 21:39:59,0.02254,0.02256,0.02249,0.02256,0.022607080078125,0.0225375,0.02249,0.022607080078125,True,0.00010074092331121165,1.610259723237998e-05,0,0.022752219796582495,0.02274071235769718,-2.5317924646317636,-0.0,0.02272440733774359,0.022725340319922006,41.68705428958578,68.85964334809177,0,1
2023-06-22 21:40:00,2023-06-22 21:44:59,0.02255,0.02251,0.02247,0.02255,0.022572290039062498,0.022520000000000002,0.02247,0.022572290039062498,True,9.997371450326794e-05,9.753386384107597e-06,0,0.022746466077139836,0.02273465728275186,-6.460110776998121,-0.0,0.022722373433885442,0.022723197630171537,8.35372095625245,41.68705428958573,0,-2
2023-06-22 21:45:00,2023-06-22 21:49:59,0.02251,0.02262,0.0225,0.02264,0.022546145019531248,0.022567499999999997,0.0225,0.02264,True,0.00010283273489589175,1.3232441735784071e-05,0,0.022740561679945846,0.022728743202938977,-2.456353583908246,-0.0,0.022720832404692554,0.022722170788080278,15.640108134489187,21.89362779344242,0,2
2023-06-22 21:50:00,2023-06-22 21:54:59,0.02262,0.02257,0.02255,0.02263,0.022556822509765623,0.022592499999999998,0.02255,0.02263,True,0.00010120182526047093,1.1916537007904547e-05,0,0.02273465244144241,0.02272315223304898,-2.4573078836980713,-0.0,0.022719555465342378,0.02272065665088545,38.92030682562227,20.971378638787915,0,2
2023-06-22 21:55:00,2023-06-22 21:59:59,0.02257,0.02247,0.02246,0.02258,0.022574661254882812,0.022520000000000002,0.02246,0.02258,True,0.00010254455202758006,4.111598241665965e-06,0,0.022728902337245695,0.022717356582771613,-6.53218474719403,-0.0,0.022717569838821557,0.022718162554856737,44.351538062223376,32.97065100744489,0,-2
2023-06-22 22:00:00,2023-06-22 22:04:59,0.02247,0.02251,0.02244,0.02252,0.02254733062744141,0.022485,0.02244,0.02254733062744141,True,0.00010093422688275269,2.055013334431859e-06,0,0.022723129460008654,0.02271119941328894,-6.880303356307138,-0.0,0.02271525571107209,0.02271609128565418,28.711429927734134,37.32775827185987,0,-2
2023-06-22 22:05:00,2023-06-22 22:09:59,0.02251,0.02242,0.0224,0.02251,0.022516165313720707,0.02246,0.0224,0.022516165313720707,True,0.00010158178210541314,-5.110389205814425e-06,0,0.0227171644366488,0.022704628335337478,-10.347189677854224,-10.347189677854224,0.02271271585325048,0.022713145103707373,5.431231236601055,26.164733075519464,0,-2
2023-06-22 22:10:00,2023-06-22 22:14:59,0.02242,0.02252,0.02241,0.02252,0.022488082656860354,0.022467499999999998,0.02241,0.02252,True,0.00010218308338359783,-2.220171866242174e-06,0,0.022710896385993138,0.022697827926896532,-7.416867843458135,-0.0,0.022710275894511668,0.022711223261879437,2.2078754945465873,12.116845552960534,0,-1
2023-06-22 22:15:00,2023-06-22 22:19:59,0.02251,0.02244,0.02242,0.02252,0.022477791328430176,0.0224725,0.02242,0.02252,True,0.00010202714885619795,-5.297685681874913e-06,0,0.022704362156444835,0.022690927928299652,-8.422469668736433,-0.0,0.022707909965213043,0.022708524522955263,5.959732479252232,4.532946403466567,0,-2
2023-06-22 22:20:00,2023-06-22 22:24:59,0.02244,0.02235,0.02234,0.02244,0.022475145664215088,0.0223925,0.02234,0.022475145664215088,True,0.00010188235250932686,-1.2772411288281948e-05,0,0.022697645042372244,0.022683447977923724,-11.708558232051864,-11.708558232051864,0.022704771557598983,0.022704957114766652,5.959732479252232,4.709113484350293,0,-2
2023-06-22 22:25:00,2023-06-22 22:29:59,0.02234,0.02234,0.02232,0.02238,0.02243382283210754,0.022345,0.02232,0.02243382283210754,True,9.889075590151786e-05,-1.724790179865842e-05,0,0.022690546510147985,0.02267523684733325,-14.17167124881962,-14.17167124881962,0.02270119174110546,0.022701325700689372,3.751856984705588,5.223773981069959,0,-2
2023-06-22 22:30:00,2023-06-22 22:34:59,0.02235,0.02222,0.02222,0.02235,0.022389411416053773,0.022285,0.02222,0.022389411416053773,True,0.00010111284476569502,-2.709805191905863e-05,0,0.02268289167874062,0.022666094726697984,-18.601048240888076,-18.601048240888076,0.022697050529751177,0.02269653639023475,-5.802765675374151e-14,3.237196487985862,0,-2
2023-06-22 22:35:00,2023-06-22 22:39:59,0.02221,0.02214,0.02212,0.02224,0.022337205708026886,0.0221775,0.02212,0.022337205708026886,True,0.00010246192728243098,-3.719373350939937e-05,0,0.022674493202719304,0.022655544791400594,-22.890994418881483,-22.890994418881483,0.022691880872738726,0.022690998714710028,-5.802765675374151e-14,1.250618994901765,0,-2
2023-06-22 22:40:00,2023-06-22 22:44:59,0.02214,0.02207,0.02187,0.02221,0.022257352854013444,0.022072500000000002,0.02187,0.022257352854013444,True,0.00011942893247654305,-4.624844446276451e-05,0,0.02266501899705995,0.022643238445830945,-26.72332706528962,-26.72332706528962,0.022685717878980133,0.02268481962302137,-5.802765675374151e-14,-1.1704217841826094e-13,0,-2
2023-06-22 22:45:00,2023-06-22 22:49:59,0.02207,0.02214,0.02207,0.0222,0.022164926427006723,0.02212,0.02207,0.0222,True,0.00012018400872821866,-4.4548090325644446e-05,0,0.02265412872144545,0.02262995960123439,-24.808443234785393,-24.808443234785393,0.02268008884535844,0.022679398532245036,6.537325540349255,2.179108513449654,0,-2
2023-06-22 22:50:00,2023-06-22 22:54:59,0.02215,0.02201,0.022,0.02215,0.022142463213503362,0.0220775,0.022,0.02215,True,0.00012231372239048882,-4.961215393972632e-05,0,0.02264204416133992,0.022615714613113024,-26.061681031480575,-26.061681031480575,0.0226740929364494,0.02267273785033215,11.351658822559168,5.962994787636063,0,-2
2023-06-22 22:55:00,2023-06-22 22:59:59,0.02201,0.02208,0.02201,0.02215,0.02210998160675168,0.0220625,0.02201,0.02215,True,0.0001235770279340254,-4.5026969433239886e-05,0,0.022628879387226474,0.022600703793215667,-23.111442622516666,-23.111442622516666,0.022668007434594184,0.02266683996127412,15.567394667854046,11.152126343587431,0,-2
2023-06-22 23:00:00,2023-06-22 23:04:59,0.02208,0.02217,0.02208,0.0222,0.022086240803375838,0.0221325,0.02208,0.0222,True,0.00012332152593873803,-3.2964174067566125e-05,0,0.022614791590221072,0.022585673293205804,-17.05922011972693,-17.05922011972693,0.022662679002409168,0.02266189628006741,26.415038573145846,17.77803068785296,0,-1
2023-06-22 23:05:00,2023-06-22 23:09:59,0.02218,0.02221,0.02218,0.02225,0.02210937040168792,0.022204999999999996,0.02218,0.02225,True,0.00012022713122882818,-1.998322163781509e-05,0,0.022600232441713438,0.022571227851220642,-11.400762204935177,-0.0,0.0226581249824847,0.02265739979966873,53.39713358947622,31.79318894349198,0,-1
2023-06-22 23:10:00,2023-06-22 23:14:59,0.02222,0.02214,0.02213,0.02222,0.022157185200843955,0.0221775,0.02213,0.02222,True,0.00011806805042676901,-1.4501702306519895e-05,0,0.022585730146467038,0.022557153461381752,-10.239486258789462,-0.0,0.022653342644350524,0.022652251542955606,78.72487970610938,52.84568395624376,0,-1
2023-06-22 23:15:00,2023-06-22 23:19:59,0.02214,0.02214,0.02212,0.02219,0.022167342600421976,0.0221475,0.02212,0.02219,True,0.00011463461825342842,-9.291228830394713e-06,0,0.022571441803924393,0.02254326193688505,-9.465302294692322,-0.0,0.022648309384207733,0.02264715451267744,88.11702301707078,73.41301210421874,0,-1
2023-06-22 23:20:00,2023-06-22 23:24:59,0.02214,0.02212,0.02211,0.02216,0.022157421300210988,0.0221325,0.02211,0.02216,True,0.0001100178598067548,-5.846193640658139e-06,0,0.02255735187040472,0.022529506778237493,-9.799927633147078,-0.0,0.022643176952524074,0.02264190919414334,81.71208583170888,82.85132951829628,0,-1
2023-06-22 23:25:00,2023-06-22 23:29:59,0.02211,0.02212,0.02211,0.02217,0.022144960650105495,0.0221275,0.02211,0.02217,True,0.00010644515553484358,-2.3162700190611024e-06,0,0.022543429324321105,0.022515919051081097,-10.023011192116911,-0.0,0.02263804583856861,0.022636716067833455,78.02006964224856,82.61639283034268,0,-1
2023-06-22 23:30:00,2023-06-22 23:34:59,0.02212,0.0222,0.0221,0.0222,0.02213623032505275,0.022155,0.0221,0.0222,True,0.00010598478728235471,6.59954615672722e-06,0,0.0225296741877011,0.022502745049418814,-4.953403243257014,-0.0,0.022633239412314196,0.022632370634322673,82.7005294458166,80.81089497325796,0,-1
2023-06-22 23:35:00,2023-06-22 23:39:59,0.0222,0.02215,0.02214,0.02222,0.022145615162526375,0.0221775,0.02214,0.02222,True,0.00010412873104790082,9.672144308789566e-06,0,0.022516209618559956,0.02249014153833706,-4.56469201410065,-0.0,0.022628704691793657,0.022627570926518466,90.64237166597157,83.78765691801219,0,-1
2023-06-22 23:40:00,2023-06-22 23:44:59,0.02215,0.02222,0.02214,0.02224,0.02216155758126319,0.0221875,0.02214,0.02224,True,0.00010383382168733644,1.7041749920632267e-05,0,0.022503175578448508,0.022478142262625442,-0.4587709678428311,-0.0,0.022624314595357898,0.022623515494413805,98.12423922683718,90.48904677954174,0,-1
2023-06-22 23:45:00,2023-06-22 23:49:59,0.02223,0.02226,0.02221,0.02226,0.022174528790631594,0.022240000000000003,0.02221,0.02226,True,9.99885487096694e-05,2.4773656021984797e-05,0,0.022490658920536977,0.022467061239294164,4.084627246524249,4.084627246524249,0.02262049056953344,0.02261989842481765,99.99999999999993,96.25553696426952,0,-1
2023-06-22 23:50:00,2023-06-22 23:54:59,0.02225,0.02223,0.02221,0.02225,0.0222072643953158,0.022234999999999998,0.02221,0.02225,True,9.641793808755e-05,2.7552206890748534e-05,0,0.02247886007991557,0.022456744884806628,4.934484603474864,4.934484603474864,0.022616654842473407,0.022616018838501055,99.36451463479197,99.16291795387633,0,-1
2023-06-22 23:55:00,2023-06-22 23:59:59,0.02223,0.02221,0.02218,0.02223,0.022221132197657898,0.0222125,0.02218,0.02223,True,9.310237108129653e-05,2.7644241795613623e-05,0,0.0224678024823611,0.02244694696671228,4.0576879291720545,4.0576879291720545,0.022612633401254766,0.022611978850058258,95.82176977973064,98.39542813817415,0,2
