start_time,end_time,open,close,low,high,h_open,h_close,h_low,h_high,finish,atr_14,macd_13_34,st_signal,av2_open,av2_close,histo2,qqe,ema_h200,ema_200,fastk,fastd,xo_signal,macd_hists
2023-06-29 00:00:00,2023-06-29 00:02:59,0.2254,0.2254,0.2252,0.2256,0.2252595044288111,0.2254,0.2252,0.2256,True,0.0004012554670883602,-2.321907132743064e-05,0,0.2250456873276302,0.22506054222942837,4.455886642519744,0.0,0.22585778836932066,0.2258583334021109,67.26364437825782,42.34022823877635,0,2
2023-06-29 00:03:00,2023-06-29 00:05:59,0.2253,0.2257,0.2253,0.2261,0.22532975221440554,0.2256,0.2253,0.2261,True,0.0004297372194391913,7.997718872502336e-06,0,0.2250531147785293,0.2250704603884002,10.96644969940585,10.96644969940585,0.22585522331091945,0.22585675794537347,83.50404359478138,63.75437155302897,0,2
2023-06-29 00:06:00,2023-06-29 00:08:59,0.2257,0.2258,0.2256,0.226,0.22546487610720278,0.225775,0.2256,0.226,True,0.0004276131323363927,3.3911473792949665e-05,0,0.22506178758346476,0.22508310291569775,16.294498603584074,16.294498603584074,0.22585442506901976,0.2258561931896981,95.60356389409066,82.12375062237665,0,2
2023-06-29 00:09:00,2023-06-29 00:11:59,0.2259,0.2261,0.2256,0.2261,0.2256199380536014,0.225925,0.2256,0.2261,True,0.0004327836228837932,6.889209939946682e-05,0,0.22507244524958125,0.22509883277567508,22.080898624736278,22.080898624736278,0.22585512730713897,0.22585861912810906,99.9999999999999,93.03586916295734,0,2
2023-06-29 00:12:00,2023-06-29 00:14:59,0.2261,0.226,0.226,0.2262,0.2257724690268007,0.22607500000000003,0.226,0.2262,True,0.00041615622124923697,8.062312743552358e-05,0,0.22508563901262818,0.22511791455033528,23.03281007282601,23.03281007282601,0.22585731509512763,0.22586002590295376,99.9999999999999,98.53452129803019,0,2
2023-06-29 00:15:00,2023-06-29 00:17:59,0.226,0.2254,0.2254,0.2261,0.22592373451340036,0.225725,0.2254,0.2261,True,0.00043643077687429186,4.2378535820465234e-05,0,0.22510177678148174,0.2251371030175183,12.959981322880317,12.959981322880317,0.2258559985270169,0.22585544853078507,83.09411527413856,94.36470509137949,0,1
2023-06-29 00:18:00,2023-06-29 00:20:59,0.2253,0.2253,0.2251,0.2253,0.2258243672567002,0.22525,0.2251,0.2258243672567002,True,0.00042668572138327066,7.756805187840405e-06,0,0.22511943989950003,0.2251529848260379,5.117855863481353,0.0,0.2258499686909272,0.22584992167973247,49.760781940805224,77.61829907164794,0,1
2023-06-29 00:21:00,2023-06-29 00:23:59,0.2253,0.2256,0.2252,0.2257,0.2255371836283501,0.22544999999999998,0.2252,0.2257,True,0.00043192245557017994,4.4477173899292875e-06,0,0.22513621236276898,0.2251675265255342,4.358444414292755,0.0,0.22584598890295776,0.22584743489684955,22.907024710791518,51.9206406419118,0,1
2023-06-29 00:24:00,2023-06-29 00:26:59,0.2257,0.2253,0.2252,0.2258,0.22549359181417505,0.2255,0.2252,0.2258,True,0.00044392799445802346,-1.9618335698468536e-05,0,0.2251518694441516,0.22518125642942213,0.1557033939510788,0.0,0.22584254622730643,0.22584198778344808,14.540691579668172,29.069499410421674,0,1
2023-06-29 00:27:00,2023-06-29 00:29:59,0.2253,0.2253,0.2249,0.2253,0.22549679590708754,0.2252,0.2249,0.22549679590708754,True,0.0004407902805681655,-3.542042708790699e-05,0,0.22516656293678688,0.22519219468013718,-2.6461239529433698,-0.0,0.22583615273250737,0.22583659487017993,14.540691579668172,17.329469290042656,0,1
2023-06-29 00:30:00,2023-06-29 00:32:59,0.2252,0.2253,0.225,0.2253,0.22534839795354378,0.2252,0.225,0.22534839795354378,True,0.00043073383195615326,-4.511230333759583e-05,0,0.22517937880846203,0.22520085999464431,-4.514008850872997,-4.514008850872997,0.22582982285457198,0.22583125561774034,8.061115476348542,12.380832878561664,0,1
2023-06-29 00:33:00,2023-06-29 00:35:59,0.2252,0.225,0.2249,0.2253,0.2252741989767719,0.22510000000000002,0.2249,0.2253,True,0.00042853855824500026,-7.091636881908882e-05,0,0.22519011940155317,0.22520699025087107,-9.463036457511926,-9.463036457511926,0.22582256093562103,0.22582298441756382,-9.118631775587953e-14,7.533935685338911,0,-2
2023-06-29 00:36:00,2023-06-29 00:38:59,0.225,0.2251,0.2247,0.2251,0.22518709948838594,0.224975,0.2247,0.22518709948838594,True,0.00042650008979892764,-7.843455473523911e-05,0,0.22519855482621212,0.22521022494487553,-10.537913599961435,-10.537913599961435,0.22581412749347554,0.22581579054276218,-9.118631775587953e-14,2.6870384921161565,-1,-2
2023-06-29 00:39:00,2023-06-29 00:41:59,0.2252,0.2252,0.2251,0.2252,0.22508104974419296,0.22517500000000001,0.2251,0.2252,True,0.0004031786548132911,-7.366475212026711e-05,0,0.2252043898855438,0.22521252996163119,-9.091666781116587,-9.091666781116587,0.22580776801592853,0.22580966327367996,6.366550696265453,2.122183565421793,0,-2
2023-06-29 00:42:00,2023-06-29 00:44:59,0.2251,0.2245,0.224,0.2251,0.2251280248720965,0.22467499999999999,0.224,0.2251280248720965,True,0.00046009446518377077,-0.00011590141703420097,-1,0.22520845992358748,0.22521065669035215,-14.917817670909898,-14.917817670909898,0.22579649669238694,0.22579663179831996,6.366550696265453,4.244367130843641,0,-2
2023-06-29 00:45:00,2023-06-29 00:47:59,0.2245,0.2248,0.2245,0.2248,0.22490151243604822,0.22465000000000002,0.2245,0.22490151243604822,True,0.00044865914624207245,-0.00011787220674700549,0,0.2252095583069698,0.2252053351495657,-13.875453388578947,-13.875453388578947,0.2257850887650995,0.22578671506400833,6.366550696265453,6.366550696265489,0,-2
2023-06-29 00:48:00,2023-06-29 00:50:59,0.2247,0.2245,0.2245,0.2249,0.22477575621802412,0.22465000000000002,0.2245,0.2249,True,0.00044518349293906607,-0.00013467180380100563,0,0.22520744672826773,0.2251973352733749,-15.575783156080583,-15.575783156080583,0.22577379434952638,0.22577391192904306,-9.118631775587953e-14,4.244367130843641,0,-2
2023-06-29 00:51:00,2023-06-29 00:53:59,0.2245,0.2243,0.2242,0.2246,0.22471287810901208,0.22440000000000002,0.2242,0.22471287810901208,True,0.00044195610058627447,-0.00015322739593146944,0,0.22520239100082132,0.22518556634667666,-18.061701734430518,-18.061701734430518,0.2257601247540087,0.22575924613870432,-9.118631775587953e-14,2.1221835654217935,0,-2
2023-06-29 00:54:00,2023-06-29 00:56:59,0.2243,0.2243,0.2242,0.2247,0.22455643905450606,0.22437500000000002,0.2242,0.2247,True,0.0004461020934015406,-0.00015812073152442126,0,0.225193978673749,0.22517073924077408,-19.718980786663806,-19.718980786663806,0.22574634241814792,0.22574472627662767,-9.118631775587953e-14,-5.437625658386323e-14,0,-2
2023-06-29 00:57:00,2023-06-29 00:59:59,0.2242,0.224,0.2239,0.2243,0.22446571952725303,0.22410000000000002,0.2239,0.22446571952725303,True,0.0004428090867300028,-0.00017427457152682167,0,0.22518235895726152,0.22515171934613878,-22.803681349158058,-22.803681349158058,0.22572996090154943,0.2257273658161637,-9.118631775587953e-14,-5.437625658386323e-14,0,-2
2023-06-29 01:00:00,2023-06-29 01:02:59,0.224,0.2236,0.2235,0.2243,0.22428285976362652,0.22385,0.2235,0.2243,True,0.0004683227233921451,-0.00020355601083463294,0,0.22516703915170014,0.22512781367028603,-26.68654400060714,-26.68654400060714,0.22571125482292703,0.2257061979970974,-9.118631775587953e-14,-5.437625658386323e-14,0,-2
2023-06-29 01:03:00,2023-06-29 01:05:59,0.2235,0.2238,0.2235,0.2241,0.22406642988181324,0.223725,0.2235,0.2241,True,0.00047772824314984826,-0.00019853497460473648,0,0.22514742641099308,0.22509936776994716,-25.468903871826747,-25.468903871826747,0.22569149109334566,0.22568723085284767,-9.118631775587953e-14,-5.437625658386323e-14,0,-2
2023-06-29 01:06:00,2023-06-29 01:08:59,0.2237,0.223,0.2226,0.2237,0.22389571494090663,0.22325,0.2226,0.22389571494090663,True,0.0005293190829248596,-0.00023980906198098264,0,0.22512339709047013,0.2250642834829226,-28.194878520100612,-28.194878520100612,0.22566719764963078,0.22566049223739645,-9.118631775587953e-14,-5.437625658386323e-14,0,-2
2023-06-29 01:09:00,2023-06-29 01:11:59,0.2229,0.2231,0.2222,0.2232,0.2235728574704533,0.22285,0.2222,0.2235728574704533,True,0.0005629391484302268,-0.00024705543096248335,0,0.22509384028669635,0.22502146903750928,-28.45790234364449,-28.45790234364449,0.22563916583222152,0.22563501470269598,-9.118631775587953e-14,-5.437625658386323e-14,0,-2
2023-06-29 01:12:00,2023-06-29 01:14:59,0.2231,0.2235,0.2228,0.2235,0.22321142873522665,0.223225,0.2228,0.2235,True,0.0005727292092566396,-0.00021100170678107718,0,0.2250576546621028,0.22497543523545996,-23.075621029053448,-23.075621029053448,0.22561514428165214,0.22561377077530598,11.49623580912212,3.832078603040683,0,-1
2023-06-29 01:15:00,2023-06-29 01:17:59,0.2235,0.2236,0.2233,0.2236,0.22321821436761333,0.2235,0.2233,0.2236,True,0.0005532485514525935,-0.00016879882148247168,0,0.22501654494878137,0.2249290694445809,-18.250432343497852,-18.250432343497852,0.22559409806989442,0.22559373325515367,30.274916533657258,13.923717447593132,0,-1
2023-06-29 01:18:00,2023-06-29 01:20:59,0.2236,0.2242,0.2236,0.2242,0.22335910718380667,0.2239,0.2236,0.2242,True,0.0005565879406345524,-8.995383450516997e-05,0,0.22497280719668114,0.22488550482058126,-9.171409714821763,-9.171409714821763,0.22557724137268154,0.22557986526256507,58.21223902601027,33.32779712292992,0,-1
2023-06-29 01:21:00,2023-06-29 01:23:59,0.2242,0.2234,0.2231,0.2243,0.22362955359190334,0.22375,0.2231,0.2243,True,0.000602545944874942,-8.681172269947015e-05,0,0.2249291560086312,0.22484341531509555,-9.49729708949532,-9.49729708949532,0.2255590598664857,0.2255581750609475,77.35035109290267,55.279168884190106,0,-2
2023-06-29 01:24:00,2023-06-29 01:26:59,0.2234,0.2231,0.2227,0.2234,0.22368977679595167,0.22315000000000002,0.2227,0.22368977679595167,True,0.0006095069488124445,-9.832746382425032e-05,0,0.22488628566186336,0.22479865932147922,-11.40671865972245,-11.40671865972245,0.22553508912154555,0.22553371560760474,79.96339442970798,71.84199484954034,0,-2
2023-06-29 01:27:00,2023-06-29 01:29:59,0.223,0.2229,0.2229,0.2232,0.22341988839797583,0.22299999999999998,0.2229,0.22341988839797583,True,0.0005873993096115573,-0.00011178524481142286,0,0.22484247249167127,0.22475108189719822,-13.751698944375434,-13.751698944375434,0.22550986435416698,0.22550750948215595,71.43241831395895,76.24872127885656,0,-2
2023-06-29 01:30:00,2023-06-29 01:32:59,0.223,0.2226,0.2225,0.2232,0.2232099441989879,0.222825,0.2225,0.2232099441989879,True,0.000595442216067875,-0.0001325690234533761,0,0.22479677719443475,0.22470040888633414,-16.81629375273817,-16.81629375273817,0.2254831492859663,0.22547857903954743,57.93897776260423,69.77826350209041,0,-2
2023-06-29 01:33:00,2023-06-29 01:35:59,0.2227,0.2218,0.2218,0.2228,0.22301747209949396,0.222275,0.2218,0.22301747209949396,True,0.0006243392006344556,-0.0001912254096629642,0,0.22474859304038444,0.22464387278422102,-21.68664428450239,-21.68664428450239,0.22545122740252385,0.22544197626303453,47.485663591867166,58.95235322281014,0,-2
2023-06-29 01:36:00,2023-06-29 01:38:59,0.2217,0.2212,0.2205,0.2219,0.22264623604974698,0.221325,0.2205,0.22264623604974698,True,0.0006797435434462791,-0.00025770755353192,0,0.22469623291230273,0.22457659051662784,-26.295945061605114,-26.295945061605114,0.22541017041344402,0.22539976754399935,31.299646741994973,45.57476269882215,0,-2
2023-06-29 01:39:00,2023-06-29 01:41:59,0.2213,0.2218,0.2212,0.2221,0.2219856180248735,0.2216,0.2212,0.2221,True,0.0006954761474858294,-0.00024355791539790368,0,0.2246364117144653,0.22450319613773972,-23.41386478115182,-23.41386478115182,0.22537225827002666,0.225363948961472,24.297957876365377,34.361089403409196,0,-2
2023-06-29 01:42:00,2023-06-29 01:44:59,0.2217,0.2219,0.2214,0.222,0.22179280901243675,0.22175,0.2214,0.222,True,0.0006886564226654123,-0.0002118007204640742,0,0.2245698039261025,0.22442652237365637,-20.588085355251096,-20.588085355251096,0.22533621589918063,0.2253294818076265,27.171682165682,27.589762261347474,0,-1
2023-06-29 01:45:00,2023-06-29 01:47:59,0.2218,0.2219,0.2218,0.2221,0.22177140450621838,0.2219,0.2218,0.2221,True,0.0006608952496178825,-0.00017659688005672205,0,0.22449816314987944,0.2243488219496274,-18.704232404650615,-18.704232404650615,0.2253020246962037,0.22529535761053568,41.43704623149242,30.96889542451329,0,-1
2023-06-29 01:48:00,2023-06-29 01:50:59,0.2219,0.2214,0.2214,0.2219,0.22183570225310917,0.22165,0.2214,0.2219,True,0.0006494027317880317,-0.00017474265127983483,0,0.2244234925497534,0.22426913107067747,-20.06714484274703,-20.06714484274703,0.22526568614201262,0.22525659783331642,46.146543842396284,38.251757413190255,0,-2
2023-06-29 01:51:00,2023-06-29 01:53:59,0.2214,0.2218,0.2213,0.2218,0.2217428511265546,0.22157500000000002,0.2213,0.2218,True,0.0006387311080888867,-0.0001325336385776093,0,0.22434631181021544,0.2241879052769884,-16.680407611391175,-16.680407611391175,0.22522896289681846,0.22522220382502472,44.3393782213343,43.97432276507436,0,-1
2023-06-29 01:54:00,2023-06-29 01:56:59,0.2219,0.2217,0.2216,0.222,0.22165892556327732,0.2218,0.2216,0.222,True,0.0006216788860825385,-0.00010019845408161076,0,0.22426710854360193,0.22410757206873586,-15.096531320596426,-15.096531320596426,0.22519484386301927,0.22518715702079561,45.42648213768436,45.30413473380501,0,-1
2023-06-29 01:57:00,2023-06-29 01:59:59,0.2217,0.2218,0.2216,0.2221,0.22172946278163866,0.2218,0.2216,0.2221,True,0.000612987537076643,-6.182091054761276e-05,0,0.2241873403061689,0.22402849277051481,-12.86269710605437,-0.0,0.2251610643220937,0.22515345396586234,49.15056357664245,46.30547464522039,0,-1
2023-06-29 02:00:00,2023-06-29 02:02:59,0.2219,0.2223,0.2215,0.2225,0.22176473139081931,0.22205,0.2215,0.2225,True,0.0006406312844283114,6.269633218914522e-06,0,0.22410791653834186,0.22395265851842988,-6.408954601340916,-0.0,0.22513010845819229,0.22512506138908758,65.66168197397575,53.412909229434206,0,-1
2023-06-29 02:03:00,2023-06-29 02:05:59,0.2223,0.2225,0.2223,0.2227,0.22190736569540964,0.22245,0.2223,0.2227,True,0.0006234433355405757,6.993175005528813e-05,0,0.22403028752838589,0.22388264384299128,-0.5248842777405969,-0.0,0.22510344071233962,0.22509894137526582,80.42221779841681,65.07815444967837,0,-1
2023-06-29 02:06:00,2023-06-29 02:08:59,0.2225,0.2222,0.222,0.2225,0.2221786828477048,0.2223,0.222,0.2225,True,0.0006146259544305345,9.347256562241885e-05,0,0.22395646568568858,0.22381666217678498,0.04765901658615945,0.0,0.22507554577987854,0.22507009618745222,92.55926699801402,79.54772225680222,0,-1
2023-06-29 02:09:00,2023-06-29 02:11:59,0.2221,0.2224,0.2219,0.2225,0.2222393414238524,0.222225,0.2219,0.2225,True,0.0006135812433997833,0.00012414990315474483,0,0.2238865639312368,0.22375379385174923,2.3173910630747514,0.0,0.22504718214027775,0.22504352806618402,93.43059882750072,88.80402787464386,0,-1
2023-06-29 02:12:00,2023-06-29 02:14:59,0.2225,0.2225,0.2222,0.2226,0.2222321707119262,0.22245,0.2222,0.2226,True,0.0005983254402997976,0.00015100403417754506,0,0.22382017889149303,0.22369535176495953,4.766717115813222,4.766717115813222,0.22502133953191678,0.22501821932920707,93.43059882750072,93.14015488433851,0,-1
2023-06-29 02:15:00,2023-06-29 02:17:59,0.2225,0.2226,0.2224,0.2228,0.2223410853559631,0.222575,0.2224,0.2228,True,0.0005841593374212416,0.000173934112277762,0,0.22375776532822628,0.22364165309446843,7.373776086206078,7.373776086206078,0.22499699784503202,0.22499415744533435,96.05408545234457,94.30509436911535,0,-1
2023-06-29 02:18:00,2023-06-29 02:20:59,0.2226,0.2222,0.2222,0.2227,0.22245804267798153,0.222425,0.2222,0.2227,True,0.0005781479561768672,0.0001587279679822679,0,0.22369970921134735,0.2235910282194542,3.7282857336701127,3.7282857336701127,0.2249714058266735,0.22496635488368924,96.58563320663144,95.35677249549225,0,-1
2023-06-29 02:21:00,2023-06-29 02:23:59,0.2221,0.222,0.2218,0.2223,0.22244152133899076,0.22204999999999997,0.2218,0.22244152133899076,True,0.0005725659593070909,0.00013300345132995477,0,0.22364536871540078,0.22354059780691674,-0.7773262072089366,-0.0,0.22494233711198022,0.22493683891469732,83.88377696591124,92.17449854162909,0,-2
2023-06-29 02:24:00,2023-06-29 02:26:59,0.222,0.2223,0.222,0.2225,0.22224576066949536,0.2222,0.222,0.2225,True,0.0005673826764994416,0.00013570202905036836,0,0.22359298326115876,0.2234916956618355,0.09342965064383435,0.0,0.2249150501755426,0.224910601711566,75.91004371112842,85.45981796122372,0,-1
2023-06-29 02:27:00,2023-06-29 02:29:59,0.2224,0.2223,0.2222,0.2225,0.22222288033474769,0.22235000000000002,0.2222,0.2225,True,0.0005482839138923383,0.0001358628638405806,0,0.22354233946149712,0.2234453614127109,0.6739335558790174,0.0,0.22488952728822378,0.2248846255751325,76.09050116754999,78.62810728152989,0,2
2023-06-29 02:30:00,2023-06-29 02:32:59,0.2224,0.2225,0.222,0.2225,0.22228644016737387,0.22235,0.222,0.2225,True,0.0005448350629000284,0.0001478682177802874,0,0.223493850437104,0.2234013667883558,3.5860677352729695,3.5860677352729695,0.22486425835998275,0.2248608979574695,85.55844807132257,79.18633098333368,0,2
2023-06-29 02:33:00,2023-06-29 02:35:59,0.2225,0.2225,0.2224,0.2227,0.22231822008368693,0.222525,0.2224,0.2227,True,0.0005273468441214566,0.00015303669683359577,0,0.22344760861272991,0.22336071670305147,5.527490521535604,5.527490521535604,0.22484098215739587,0.22483740643550462,93.53218132610539,85.06037685499267,0,2
2023-06-29 02:36:00,2023-06-29 02:38:59,0.2224,0.2224,0.2222,0.2227,0.22242161004184346,0.222425,0.2222,0.2227,True,0.0005253934981127811,0.00014644587413044862,0,0.2234041626578907,0.22332229259333125,4.807319878878204,4.807319878878204,0.2248169425339392,0.22481315363515134,93.17660825644316,90.75574588462372,0,2
2023-06-29 02:39:00,2023-06-29 02:41:59,0.2224,0.2225,0.2223,0.2225,0.22242330502092172,0.222425,0.2223,0.2225,True,0.00050215110539044,0.00014602340776143487,0,0.22336322762561098,0.22328588464009813,6.018235346491281,6.018235346491281,0.2247931421107159,0.22479013718107022,91.32136026085306,92.67671661446722,0,2
2023-06-29 02:42:00,2023-06-29 02:44:59,0.2227,0.2226,0.2225,0.2227,0.22242415251046088,0.22262500000000002,0.2225,0.2227,True,0.00048056888357683763,0.00014936953490379031,0,0.22332455613285457,0.22325268603101683,8.425165452122314,8.425165452122314,0.22477156855737546,0.22476834477130833,91.32136026085306,91.93977625938311,0,2
2023-06-29 02:45:00,2023-06-29 02:47:59,0.2225,0.2226,0.2222,0.2226,0.22252457625523045,0.222475,0.2222,0.2226,True,0.0004748139633213481,0.00014790092735092388,0,0.2232886210819357,0.2232212127794004,10.029785522543001,10.029785522543001,0.22474871712894387,0.22474676920144457,85.92869666954387,89.52380573041667,0,2
2023-06-29 02:48:00,2023-06-29 02:50:59,0.2226,0.2225,0.2224,0.2226,0.22249978812761523,0.222525,0.2224,0.2226,True,0.00045518439451268074,0.00013628677015078354,0,0.22325491693066804,0.22319165690699982,8.094171818974196,8.094171818974196,0.2247265905903474,0.2247244132889924,85.22799576611057,87.49268423216917,0,2
2023-06-29 02:51:00,2023-06-29 02:53:59,0.2225,0.2223,0.2221,0.2225,0.22251239406380763,0.22235,0.2221,0.22251239406380763,True,0.00045124265204749003,0.00011155500461192461,0,0.22322328691883392,0.22316261269934995,2.1959193561469945,0.0,0.22470294292278176,0.22470028977367903,68.81344102379286,79.99004448648243,0,1
2023-06-29 02:54:00,2023-06-29 02:56:59,0.2222,0.222,0.2219,0.2223,0.2224311970319038,0.22210000000000002,0.2219,0.2224311970319038,True,0.0004475824626155273,7.241343604544027e-05,0,0.22319294980909193,0.22313245533724244,-5.9720905058103,-0.0,0.22467704299320185,0.22467342121871706,47.732211334229,67.25788270804415,0,1
2023-06-29 02:57:00,2023-06-29 02:59:59,0.222,0.222,0.2219,0.2221,0.2222655985159519,0.22199999999999998,0.2219,0.2222655985159519,True,0.0004298980010001329,4.616606780642789e-05,0,0.22316270257316717,0.2231009423860309,-11.417430413781837,-0.0,0.22465040574948839,0.22464682001256067,20.1887362368667,45.57812953162952,0,1
2023-06-29 03:00:00,2023-06-29 03:02:59,0.2221,0.2218,0.2218,0.2222,0.22213279925797594,0.22197499999999998,0.2218,0.2222,True,0.0004277624295001242,1.564398918122475e-05,0,0.22313182247959903,0.22306840685575607,-17.188520797027543,-17.188520797027543,0.22462378479675715,0.22461849344527152,3.269957645851074,23.730301738982263,0,1
2023-06-29 03:03:00,2023-06-29 03:05:59,0.2217,0.222,0.2217,0.2224,0.22205389962898797,0.22194999999999998,0.2217,0.2224,True,0.00044720797025011384,1.1131588694906244e-05,0,0.22310011466767757,0.2230351179435448,-15.322135685298598,-15.322135685298598,0.22459717997290882,0.22459243878412455,-1.0066022089934752e-13,7.819564627572563,0,1
2023-06-29 03:06:00,2023-06-29 03:08:59,0.2221,0.2222,0.222,0.2222,0.22200194981449398,0.22212500000000002,0.222,0.2222,True,0.0004295502580893918,2.3619664890514504e-05,0,0.2230676163056112,0.22300266497188245,-9.825227293629972,-0.0,0.22457258116720824,0.22456863342308847,13.112894267318532,5.460950637723175,0,2
2023-06-29 03:09:00,2023-06-29 03:11:59,0.2223,0.2222,0.2222,0.2224,0.22206347490724698,0.222275,0.2222,0.2224,True,0.00041315381108300515,3.278553211599305e-05,0,0.22303514063874685,0.22297212196351102,-6.160621699184226,-0.0,0.22454971966305692,0.22454506493131646,36.574286026427544,16.562393431248665,0,2
2023-06-29 03:12:00,2023-06-29 03:14:59,0.2223,0.2225,0.2223,0.2225,0.2221692374536235,0.22240000000000001,0.2223,0.2225,True,0.0004050713960056473,5.990986198145174e-05,0,0.22300363130112896,0.22294414987312244,1.3140740694931807,0.0,0.22452832941765338,0.22452471602652724,68.16805125815546,39.28507718396718,0,2
2023-06-29 03:15:00,2023-06-29 03:17:59,0.2224,0.2229,0.2223,0.2229,0.22228461872681177,0.222625,0.2223,0.2229,True,0.0004189948677195289,0.0001041863914749335,0,0.22297389058712572,0.222919937542109,10.018599616985021,10.018599616985021,0.2245093908164827,0.22450854969790507,88.38849032417016,64.37694253625106,0,2
2023-06-29 03:18:00,2023-06-29 03:20:59,0.2229,0.2228,0.2226,0.2229,0.2224548093634059,0.2228,0.2226,0.2229,True,0.00041049523431099073,0.00012310860276458106,0,0.22294691406461736,0.2229000521045385,13.490759933558323,13.490759933558323,0.2244923819526371,0.22449154920339856,98.26043189839449,84.93899116024004,0,2
2023-06-29 03:21:00,2023-06-29 03:23:59,0.2228,0.2228,0.2227,0.2228,0.22262740468170295,0.222775,0.2227,0.2228,True,0.0003883170032887763,0.00013144505173266725,0,0.22292348308457793,0.22288353816926745,15.805533477940529,15.805533477940529,0.22447529357499893,0.22447471786804135,98.84983414181647,95.16625212146037,1,2
2023-06-29 03:24:00,2023-06-29 03:26:59,0.2228,0.2218,0.2213,0.2228,0.22270120234085147,0.22217499999999998,0.2213,0.2228,True,0.0004677229316252924,6.377715902287055e-05,0,0.22290351062692268,0.22286567530654622,4.0762142188038695,4.0762142188038695,0.22445240508171535,0.22444810375990162,75.28196272109977,90.79740958710357,-1,1
2023-06-29 03:27:00,2023-06-29 03:29:59,0.2218,0.2192,0.2188,0.222,0.22243810117042573,0.22044999999999998,0.2188,0.22243810117042573,True,0.0006628855793663435,-0.0001598101286484257,0,0.22288459296673443,0.22283503764751494,-10.256447083688315,-0.0,0.22441258015552912,0.22439588382199216,41.94862938776644,72.02680875022756,0,-2
2023-06-29 03:30:00,2023-06-29 03:32:59,0.2191,0.2159,0.2088,0.2197,0.22144405058521285,0.215875,0.2088,0.22144405058521285,True,0.001394108037983033,-0.0005219045507934538,0,0.22285981530712468,0.22276316314308028,-21.631699017372526,-21.631699017372526,0.22432762910920545,0.2243113476645594,9.765461912616544,42.33201800716092,0,-2
2023-06-29 03:33:00,2023-06-29 03:35:59,0.2159,0.216,0.2155,0.2165,0.21865952529260643,0.215975,0.2155,0.21865952529260643,True,0.001365957463841388,-0.0007232958285986006,0,0.22281148922510247,0.2226600018221406,-28.661241197775322,-28.661241197775322,0.22424451837180043,0.22422864768779763,0.7887310356092896,17.500940778664088,0,-2
2023-06-29 03:36:00,2023-06-29 03:38:59,0.216,0.2156,0.2152,0.2166,0.21731726264630322,0.21585000000000001,0.2152,0.21731726264630322,True,0.0013683890735670021,-0.0008448503698701279,0,0.22273574552362152,0.22253205833397616,-33.5367080642433,-33.5367080642433,0.22416099082581237,0.22414279049687427,1.42650559746429,3.993566181896705,0,-2
2023-06-29 03:39:00,2023-06-29 03:41:59,0.2155,0.2145,0.2141,0.2157,0.21658363132315162,0.21495,0.2141,0.21658363132315162,True,0.0013849327111693584,-0.0009559511186156937,0,0.2226339019287988,0.22237930654254667,-37.244724299557646,-37.244724299557646,0.2240693391758043,0.22404684233272626,1.42650559746429,1.2139140768459538,0,-2
2023-06-29 03:42:00,2023-06-29 03:44:59,0.2145,0.2142,0.214,0.215,0.2157668156615758,0.21442499999999998,0.214,0.2157668156615758,True,0.0013574375175144043,-0.000998887094219389,0,0.22250660423567273,0.22220446898090632,-39.82841027225372,-39.82841027225372,0.2239733756019157,0.22394886380205237,0.6377745618549079,1.16359525226116,0,-2
2023-06-29 03:45:00,2023-06-29 03:47:59,0.2142,0.2151,0.2137,0.2154,0.21509590783078789,0.2146,0.2137,0.2154,True,0.001381906266263376,-0.0009119081692720488,0,0.22235553660828952,0.2220146433947716,-35.71599339641202,-35.71599339641202,0.22388010818299114,0.22386081540601205,1.4517708506540672,1.172017003324419,0,-2
2023-06-29 03:48:00,2023-06-29 03:50:59,0.2152,0.216,0.215,0.2162,0.21484795391539396,0.2156,0.215,0.2162,True,0.0013689129615302783,-0.0007433516306897187,0,0.22218509000153056,0.22182118110040636,-28.297009876261075,-28.297009876261075,0.22379771904684198,0.22378259833729552,10.515889675215353,4.201811695908106,0,-1
2023-06-29 03:51:00,2023-06-29 03:53:59,0.2159,0.2162,0.2154,0.2162,0.215223976957697,0.21592500000000003,0.2154,0.2162,True,0.0013282763214209725,-0.0005764068768924822,0,0.22200313555096846,0.22162841280278156,-22.376634075000545,-22.376634075000545,0.22371938353393808,0.22370714959762095,21.806135803030504,11.257932109633307,0,-1
2023-06-29 03:54:00,2023-06-29 03:56:59,0.2162,0.2155,0.2153,0.2164,0.21557448847884852,0.21585000000000001,0.2153,0.2164,True,0.0013119708698909043,-0.00047877288330329545,0,0.221815774176875,0.22143699890943522,-20.5621670585267,-20.5621670585267,0.2236410812102173,0.22362548641754512,31.451971094101225,21.257998857449028,0,-1
2023-06-29 03:57:00,2023-06-29 03:59:59,0.2155,0.2154,0.2154,0.2159,0.21571224423942426,0.21555,0.2154,0.2159,True,0.0012539729506129828,-0.00038840945784927167,0,0.2216263865431551,0.22124590633193314,-19.650543647984353,-19.650543647984353,0.22356057293946888,0.22354364078154965,32.699813133013755,28.652640010048497,0,-1
2023-06-29 04:00:00,2023-06-29 04:02:59,0.2155,0.2155,0.2152,0.216,0.21563112211971214,0.21555,0.2152,0.216,True,0.0012215463112834836,-0.0002924553870461478,0,0.22143614643754414,0.22105637782695683,-18.33227843324628,-18.33227843324628,0.2234808657460413,0.22346360455486755,31.87377451717795,32.00851958143098,0,-1
2023-06-29 04:03:00,2023-06-29 04:05:59,0.2156,0.2155,0.2153,0.2158,0.21559056105985608,0.21555000000000002,0.2153,0.2158,True,0.001170007289048949,-0.00020357459951124033,0,0.2212462621322505,0.2208693810943806,-17.45343495675423,-17.45343495675423,0.22340195165901602,0.22338436470855047,35.46822893724063,33.34727219581078,0,-1
2023-06-29 04:06:00,2023-06-29 04:08:59,0.2155,0.2151,0.215,0.2159,0.21557028052992805,0.21537499999999998,0.215,0.2159,True,0.001150721054116882,-0.00015035367684473585,0,0.22105782161331555,0.2206844599543634,-18.62014712390889,-18.62014712390889,0.22332208149325466,0.22330193321891315,54.03375760874031,40.45858702105297,0,-1
2023-06-29 04:09:00,2023-06-29 04:11:59,0.2151,0.2151,0.2151,0.2156,0.21547264026496402,0.215225,0.2151,0.2156,True,0.0011042409788228188,-9.490341243847174e-05,0,0.2208711407838395,0.22050141253912267,-19.39795523534533,-19.39795523534533,0.2232415135181974,0.22322032194310307,71.0826811155517,53.528222553844216,0,-1
2023-06-29 04:12:00,2023-06-29 04:14:59,0.2151,0.2149,0.2147,0.2153,0.21534882013248202,0.21500000000000002,0.2147,0.21534882013248202,True,0.0010682237660497595,-5.406075542776969e-05,0,0.2206862766614811,0.22031955248122906,-20.878771454781976,-20.878771454781976,0.2231595084085636,0.22313753267003736,81.85106078710534,68.98916650379913,0,-1
2023-06-29 04:15:00,2023-06-29 04:17:59,0.215,0.2155,0.215,0.2157,0.21517441006624102,0.2153,0.215,0.2157,True,0.0010490649256176335,3.0449289597634602e-05,0,0.2205029145713551,0.2201419333105634,-15.380075336705957,-15.380075336705957,0.2230813043447968,0.22306153732008674,86.30690458546518,79.74688216270742,0,-1
2023-06-29 04:18:00,2023-06-29 04:20:59,0.2155,0.216,0.2155,0.2163,0.2152372050331205,0.215825,0.2155,0.2163,True,0.0010312745737878022,0.00013249045319611765,0,0.22032242394095924,0.21997247373495826,-7.933697956576147,-0.0,0.22300910231151524,0.22299127326715054,92.12710690000779,86.76169075752613,0,-1
2023-06-29 04:21:00,2023-06-29 04:23:59,0.2161,0.2167,0.216,0.2167,0.21553110251656024,0.21637499999999998,0.216,0.2167,True,0.001007612104231531,0.0002547825563909861,0,0.22014744883795875,0.21981437452373598,0.753062230848613,0.0,0.22294309134324147,0.22292867353314905,99.9999999999999,92.81133716182431,0,-1
2023-06-29 04:24:00,2023-06-29 04:26:59,0.2166,0.2166,0.2164,0.2167,0.21595305125828013,0.216575,0.2164,0.2167,True,0.0009570683825007068,0.00032940373172613176,0,0.21998091168084735,0.2196676763487,5.577174656595481,5.577174656595481,0.22287972725027388,0.22286570165719732,99.9999999999999,97.37570230000254,0,-1
2023-06-29 04:27:00,2023-06-29 04:29:59,0.2165,0.2161,0.2161,0.2165,0.21626402562914004,0.2163,0.2161,0.2165,True,0.0009244206408935135,0.0003418874809618458,0,0.21982429401477366,0.21952907400266858,4.368540557934246,4.368540557934246,0.22281425732738558,0.22279838124269785,96.2634677733634,98.75448925778774,0,-1
2023-06-29 04:30:00,2023-06-29 04:32:59,0.2161,0.2169,0.2161,0.2169,0.21628201281457002,0.2165,0.2161,0.2169,True,0.0009155334522582642,0.0004022216606950179,0,0.21967668400872112,0.21939916873193258,8.062700626855232,8.062700626855232,0.2227514288962673,0.222739690882074,96.2634677733634,97.50897851557558,0,-1
2023-06-29 04:33:00,2023-06-29 04:35:59,0.2169,0.2169,0.2167,0.2169,0.216391006407285,0.21685000000000001,0.2167,0.2169,True,0.0008644239199541029,0.000435269895732091,0,0.21953792637032685,0.21927940339025923,10.525474006135887,10.525474006135887,0.2226927082107323,0.22268158450513792,96.2634677733634,96.26346777336342,0,2
2023-06-29 04:36:00,2023-06-29 04:38:59,0.2169,0.2169,0.2167,0.2171,0.2166205032036425,0.2169,0.2167,0.2171,True,0.0008312507828145229,0.00044848248920359695,0,0.21940866488029304,0.21916878605683024,12.167322925656329,12.167322925656329,0.22263506932306334,0.2226240563011067,99.9999999999999,97.50897851557558,0,2
2023-06-29 04:39:00,2023-06-29 04:41:59,0.2169,0.2172,0.2169,0.2172,0.21676025160182127,0.21705000000000002,0.2169,0.2172,True,0.0007933042983277709,0.0004681167269695828,0,0.21928872546856165,0.21906715912669092,15.035639566184074,15.035639566184074,0.22257949649397812,0.22257008559164296,99.9999999999999,98.75448925778774,0,2
2023-06-29 04:42:00,2023-06-29 04:44:59,0.2172,0.2175,0.2171,0.2176,0.21690512580091065,0.21735,0.2171,0.2176,True,0.0007723539913043587,0.000490256944939757,0,0.2191779422976263,0.21897536599214423,18.467626627611196,18.467626627611196,0.22252746170299326,0.2225196369787908,99.9999999999999,99.9999999999999,0,2
2023-06-29 04:45:00,2023-06-29 04:47:59,0.2175,0.2177,0.2174,0.2177,0.21712756290045532,0.21757500000000002,0.2174,0.2177,True,0.0007386144204969042,0.0005053657428638148,0,0.21907665414488528,0.21889348861182606,21.667927641850497,21.667927641850497,0.22247818347709283,0.22247168039193715,99.9999999999999,99.9999999999999,0,2
2023-06-29 04:48:00,2023-06-29 04:50:59,0.2177,0.2174,0.2173,0.2177,0.21735128145022767,0.21752500000000002,0.2173,0.2177,True,0.0007144276761756975,0.00048013935707514493,0,0.21898507137835568,0.21881963668727486,19.469602640060614,19.469602640060614,0.22242889806936056,0.22242121591042535,99.31456988311,99.77152329436994,0,2
2023-06-29 04:51:00,2023-06-29 04:53:59,0.2174,0.2173,0.2172,0.2175,0.21743814072511386,0.21735,0.2172,0.2175,True,0.0006848256993060044,0.00044289803822830675,0,0.21890235403281527,0.21875140927712375,16.64991394231616,16.64991394231616,0.22237836177016293,0.22237025853818232,96.18709986049448,98.50055658120147,0,2
2023-06-29 04:54:00,2023-06-29 04:56:59,0.2174,0.2174,0.2173,0.2177,0.21739407036255692,0.21745,0.2173,0.2177,True,0.0006644810064984335,0.00041255194344520536,0,0.21882688165496952,0.2186887643056523,15.675890099101949,15.675890099101949,0.22232932334458916,0.2223208032293447,94.05011491360392,96.51726155240281,0,2
2023-06-29 04:57:00,2023-06-29 04:59:59,0.2174,0.2174,0.2173,0.2175,0.21742203518127845,0.2174,0.2173,0.2175,True,0.0006313037917485458,0.0003804956027720109,0,0.2187578229803109,0.21863060118536412,15.026540870292479,15.026540870292479,0.22228027535111067,0.2222718400131323,90.68366459654679,93.64029312354842,0,2
2023-06-29 05:00:00,2023-06-29 05:02:59,0.2175,0.2181,0.2174,0.2181,0.21741101759063924,0.217775,0.2174,0.2181,True,0.0006362106637665052,0.00039615158274086963,0,0.2186942120828375,0.21857893861769048,19.58265347502227,19.58265347502227,0.22223544674065185,0.22223032916723048,93.81113461916232,92.84830470977103,1,2
2023-06-29 05:03:00,2023-06-29 05:05:59,0.218,0.2181,0.2179,0.2182,0.21759300879531962,0.21805000000000002,0.2179,0.2182,True,0.0006121956163546116,0.0003933053389421759,0,0.218636575350264,0.21853463523341438,22.620061878175463,22.620061878175463,0.22219380050442647,0.22218923136457147,95.94811956605288,93.48097292725402,0,2
2023-06-29 05:06:00,2023-06-29 05:08:59,0.2181,0.2178,0.2178,0.2181,0.21782150439765982,0.21794999999999998,0.2178,0.2181,True,0.000589895929472139,0.00035741107188401694,0,0.2185856052918392,0.21849574364796603,19.320856115159728,19.320856115159728,0.22215157363373567,0.22214555742064537,97.13033188613986,95.62986202378504,0,2
2023-06-29 05:09:00,2023-06-29 05:11:59,0.2178,0.2172,0.2172,0.2179,0.21788575219882989,0.217525,0.2172,0.2179,True,0.0005977605059384152,0.00028060686859968846,0,0.21854067446990263,0.2184584636954572,10.272946296166765,10.272946296166765,0.22210553807519104,0.2220963478940718,81.02496843994385,91.36780663071221,0,1
2023-06-29 05:12:00,2023-06-29 05:14:59,0.2173,0.2174,0.2172,0.2174,0.21770537609941493,0.217325,0.2172,0.21770537609941493,True,0.0005693490412285288,0.00023520050037844676,0,0.21849956908267992,0.21842133616032275,6.4738411910535305,6.4738411910535305,0.22205797053215431,0.22204961806428003,53.1179625250932,77.09108761705899,0,1
2023-06-29 05:15:00,2023-06-29 05:17:59,0.2173,0.2174,0.2171,0.2174,0.21751518804970746,0.2173,0.2171,0.21751518804970746,True,0.0005501098239979212,0.00019803416041958715,0,0.21846045262150135,0.21838441183224727,3.941104454311372,3.941104454311372,0.22201062754178463,0.22200335320791903,25.935611079994633,53.359514015010575,0,1
2023-06-29 05:18:00,2023-06-29 05:20:59,0.2175,0.2177,0.2175,0.218,0.2174075940248537,0.217675,0.2175,0.218,True,0.000553673407998069,0.00018811205128575488,0,0.21842243222687432,0.21835047372947602,5.663365795777551,5.663365795777551,0.22196748696922955,0.22196053377301436,24.153022434953186,34.40219868001369,0,2
2023-06-29 05:21:00,2023-06-29 05:23:59,0.2178,0.2176,0.2176,0.2178,0.21754129701242686,0.2177,0.2176,0.2178,True,0.000528411021712493,0.0001685139606933373,0,0.2183864529781752,0.21831929108095133,5.35111019059768,5.35111019059768,0.2219250244123218,0.22191714537726298,35.157257598286414,28.41529703774476,0,1
2023-06-29 05:24:00,2023-06-29 05:26:59,0.2177,0.2176,0.2176,0.2177,0.21762064850621343,0.21765,0.2176,0.2177,True,0.0004978102344473162,0.00015012198417929494,0,0.21835287202956327,0.2182901487138902,5.142939787144428,5.142939787144428,0.22188248685598028,0.22187418870684245,45.80496295233636,35.038414328525334,0,1
2023-06-29 05:27:00,2023-06-29 05:29:59,0.2176,0.2176,0.2175,0.2176,0.21763532425310672,0.217575,0.2175,0.21763532425310672,True,0.0004693952177010785,0.000133090462432571,0,0.21832151037172673,0.21826229804264383,5.004159518175591,5.004159518175591,0.22183962629024914,0.22183165946597835,40.4108937832047,40.4577047779425,0,1
2023-06-29 05:30:00,2023-06-29 05:32:59,0.2176,0.218,0.2176,0.2181,0.21760516212655334,0.217825,0.2176,0.2181,True,0.00047158127357957295,0.00014491447778537726,0,0.21829190420718528,0.2182373706836856,10.024123718869689,10.024123718869689,0.2217996797599979,0.22179353350114275,45.31199281214839,43.8426165158965,0,2
2023-06-29 05:33:00,2023-06-29 05:35:59,0.218,0.2175,0.2175,0.218,0.21771508106327667,0.21775,0.2175,0.218,True,0.00047361118260960347,0.00011291272626704532,0,0.21826463744543545,0.2182144013174822,5.501619515874943,5.501619515874943,0.2217593844390029,0.22175081177476322,48.502383678829,44.74175675806072,0,1
2023-06-29 05:36:00,2023-06-29 05:38:59,0.2176,0.2184,0.2176,0.2184,0.21773254053163832,0.218,0.2176,0.2184,True,0.0005040675267089183,0.00014982874088669755,0,0.21823951938145883,0.21819484635288997,10.00458514738748,10.00458514738748,0.22172197762866455,0.22171747036406905,66.63086792908572,53.48174814002106,0,2
2023-06-29 05:39:00,2023-06-29 05:41:59,0.2183,0.2181,0.2181,0.2183,0.21786627026581917,0.2182,0.2181,0.2183,True,0.0004894912748011401,0.000147114414686284,0,0.2182171828671744,0.21817948595124434,9.689568451318998,9.689568451318998,0.2216869330751455,0.2216814756340783,78.63253965165946,64.58859708652476,0,2
2023-06-29 05:42:00,2023-06-29 05:44:59,0.2181,0.2182,0.2181,0.2183,0.2180331351329096,0.218175,0.2181,0.2183,True,0.000468813326601059,0.0001460881123080697,0,0.21819833440920935,0.21816736182060914,10.223755575781801,10.223755575781801,0.22165198846743261,0.22164683408548053,93.36103915819193,79.5414822463124,0,2
2023-06-29 05:45:00,2023-06-29 05:47:59,0.2181,0.2182,0.2181,0.2182,0.21810406756645478,0.21815,0.2181,0.2182,True,0.00044246951755812745,0.00013910359382645186,0,0.21818284811490923,0.21815769728674295,10.579880325423673,10.579880325423673,0.22161714281104025,0.22161253722890858,95.45940563363415,89.1509948144952,0,1
2023-06-29 05:48:00,2023-06-29 05:50:59,0.2183,0.2183,0.2183,0.2185,0.2181270337832274,0.21835000000000002,0.2183,0.2185,True,0.0004322931234468323,0.0001352105318141926,0,0.2181702727008261,0.2181514077323835,11.756731482871992,11.756731482871992,0.2215846339273483,0.2215795766594667,95.45940563363415,94.75995014182011,0,2
2023-06-29 05:51:00,2023-06-29 05:53:59,0.2184,0.2182,0.2182,0.2184,0.21823851689161372,0.21830000000000002,0.2182,0.2184,True,0.00041570075748634467,0.0001195559439821573,0,0.21816084021660478,0.21814747542298296,10.824184178081346,10.824184178081346,0.2215519510026981,0.2215459490310143,93.97018667351097,94.96299931359312,0,1
2023-06-29 05:54:00,2023-06-29 05:56:59,0.2183,0.2181,0.2181,0.2183,0.21826925844580686,0.2182,0.2181,0.2183,True,0.0004002935605230347,9.680483532849609e-05,0,0.21815415781979386,0.21814473986259397,8.474162050214211,8.474162050214211,0.22151859825640258,0.22151166098095446,88.03774394837266,92.48911208517262,0,1
2023-06-29 05:57:00,2023-06-29 05:59:59,0.2181,0.2179,0.2179,0.2181,0.21823462922290343,0.218,0.2179,0.21823462922290343,True,0.00038598687762853067,6.347189550307813e-05,0,0.21814944884119392,0.21814159306727848,3.78360967148533,0.0,0.22148358732847817,0.22147572405577082,61.223546534639695,81.07715905217447,0,1
2023-06-29 06:00:00,2023-06-29 06:02:59,0.2179,0.2183,0.2179,0.2184,0.21811731461145173,0.218125,0.2179,0.2184,True,0.0003941306720836356,6.583328842160827e-05,0,0.2181455209542362,0.21813900172710882,6.12205901233736,6.12205901233736,0.22145016854909033,0.2214441248114348,44.65793937098556,64.639743284666,0,2
2023-06-29 06:03:00,2023-06-29 06:05:59,0.2183,0.2184,0.2182,0.2184,0.21812115730572587,0.21832500000000002,0.2182,0.2184,True,0.0003802641955062335,7.048722692859578e-05,0,0.2181422613406725,0.21813823769272406,8.74314676479392,8.74314676479392,0.22141907234462177,0.22141383501231604,44.98493845913333,50.288808121586214,0,2
2023-06-29 06:06:00,2023-06-29 06:08:59,0.2185,0.2187,0.2185,0.2187,0.21822307865286295,0.21860000000000002,0.2185,0.2187,True,0.00037453103868435926,9.001361852480967e-05,0,0.21814024951669828,0.2181408043435757,13.208157696776517,13.208157696776517,0.22139102187353102,0.22138683167886017,71.7991358728663,53.814004567661755,0,2
2023-06-29 06:09:00,2023-06-29 06:11:59,0.2188,0.2188,0.2187,0.2188,0.21841153932643148,0.218775,0.2187,0.2188,True,0.0003549216787783328,0.00010441756446539379,0,0.21814052693013697,0.21814717634248923,16.955970882199793,16.955970882199793,0.22136499180513766,0.22136109206016505,91.33938582833923,69.37448672011298,0,2
2023-06-29 06:12:00,2023-06-29 06:14:59,0.2188,0.2189,0.2187,0.2189,0.21859326966321574,0.218825,0.2187,0.2189,True,0.0003438558445798809,0.0001146925070468376,0,0.21814385163631309,0.21815684365317767,20.226159693361595,20.226159693361595,0.22133971825483778,0.22133660358195445,99.99999999999993,87.71284056706851,0,2
2023-06-29 06:15:00,2023-06-29 06:17:59,0.2188,0.2191,0.2187,0.2192,0.21870913483160787,0.21894999999999998,0.2187,0.2192,True,0.00035500899853846093,0.00012850648839032543,1,0.21815034764474536,0.218169896690902,23.789609278588003,23.789609278588003,0.22131593996374488,0.22131434881994494,99.99999999999993,97.11312860944639,0,2
2023-06-29 06:18:00,2023-06-29 06:20:59,0.2192,0.2192,0.2191,0.2194,0.21882956741580392,0.219225,0.2191,0.2194,True,0.00035107978435714387,0.00013692139769205547,0,0.21816012216782366,0.21818741257006471,26.780991415192247,26.780991415192247,0.2212951345909713,0.22129331052322906,99.99999999999993,99.99999999999996,0,2
2023-06-29 06:21:00,2023-06-29 06:23:59,0.2192,0.2186,0.2183,0.2192,0.21902728370790198,0.218825,0.2183,0.2192,True,0.0003902883711887773,9.324428424763794e-05,0,0.21817376736894417,0.21820557747273267,17.444712384034688,17.444712384034688,0.2212705561373298,0.2212665114135452,80.25262578782815,93.41754192927603,0,1
2023-06-29 06:24:00,2023-06-29 06:26:59,0.2186,0.2187,0.2186,0.2187,0.21892614185395098,0.21865,0.2186,0.21892614185395098,True,0.0003695534875324372,6.569686113463925e-05,0,0.2181896724208384,0.21822292803951424,12.516697382429719,12.516697382429719,0.22124448095188373,0.22124097398654474,53.1242835393127,77.79230310904696,0,1
2023-06-29 06:27:00,2023-06-29 06:29:59,0.2187,0.2186,0.2186,0.2188,0.2187880709269755,0.218675,0.2186,0.2188,True,0.0003574425241372635,3.599305376975569e-05,0,0.21820630023017631,0.21823968995717236,7.76592686105937,0.0,0.2212189139772381,0.22121469563841992,26.75324346848568,53.37671759854221,0,1
2023-06-29 06:30:00,2023-06-29 06:32:59,0.2186,0.2183,0.2182,0.2188,0.21873153546348775,0.218475,0.2182,0.2188,True,0.00037476805812745824,-7.544331578786354e-06,0,0.21822299509367435,0.21825450120996207,0.8809672179158596,0.0,0.22119161135059892,0.22118569369176896,13.167284347324118,31.014937118374196,0,1
2023-06-29 06:33:00,2023-06-29 06:35:59,0.2183,0.2182,0.2181,0.2184,0.21860326773174388,0.21825,0.2181,0.21860326773174388,True,0.00036942748254692714,-4.4344205829968176e-05,0,0.2182387481518182,0.21826613133035763,-4.755710848754951,-4.755710848754951,0.22116234158591636,0.22115598529682598,6.96229326250624,15.627607026105375,0,1
2023-06-29 06:36:00,2023-06-29 06:38:59,0.2183,0.2184,0.2182,0.2184,0.21842663386587194,0.21832500000000002,0.2182,0.21842663386587194,True,0.0003573255195078613,-5.4492006379415936e-05,0,0.21825243974108793,0.21827569170761346,-4.798355596849248,-4.798355596849248,0.22113410933133013,0.2211285625575541,2.1593069319880898,7.429628180606179,0,1
2023-06-29 06:39:00,2023-06-29 06:41:59,0.2183,0.2182,0.2182,0.2184,0.21837581693293598,0.21827500000000002,0.2182,0.2184,True,0.00034608798240015734,-7.429241475360874e-05,0,0.2182640657243507,0.21828321391401134,-7.359874502664297,-7.359874502664297,0.22110566048226216,0.22109942263160828,2.809754002306164,3.977118065600194,0,1
2023-06-29 06:42:00,2023-06-29 06:44:59,0.2182,0.218,0.218,0.2182,0.218325408466468,0.21810000000000002,0.218,0.218325408466468,True,0.0003356531265144322,-9.932323790907591e-05,-1,0.21827363981918102,0.21828787915771733,-11.170254056943776,-11.170254056943776,0.2210757534127869,0.22106858260542311,2.809754002306164,2.5929383122001686,0,1
2023-06-29 06:45:00,2023-06-29 06:47:59,0.2181,0.2181,0.218,0.2183,0.21821270423323402,0.218125,0.218,0.2183,True,0.0003331064746205438,-0.0001058782624991564,0,0.21828075948844916,0.2182904346126576,-11.609198715903283,-11.609198715903283,0.2210463926823114,0.22103904447004577,1.4043185330321084,2.341275512548175,0,1
2023-06-29 06:48:00,2023-06-29 06:50:59,0.2182,0.2185,0.2182,0.2185,0.21816885211661702,0.21835000000000002,0.2182,0.2185,True,0.00033788458357622006,-7.944951946376323e-05,0,0.21828559705055336,0.2182928552222064,-5.5387471179510115,-5.5387471179510115,0.22101956290437796,0.22101378034596572,8.01007591156185,4.074716148966737,0,2
2023-06-29 06:51:00,2023-06-29 06:53:59,0.2185,0.2187,0.2185,0.2187,0.2182594260583085,0.21860000000000002,0.2185,0.2187,True,0.00032803568474934757,-4.6466929790492996e-05,0,0.21828922613637985,0.21829686832494066,0.7490237722393118,0.0,0.22099548765159807,0.2209907576559561,21.523209346285338,10.312534596959795,0,2
2023-06-29 06:54:00,2023-06-29 06:56:59,0.2187,0.2188,0.2187,0.2189,0.21842971302915426,0.218775,0.2187,0.2189,True,0.00031889027869582315,-1.7509207084789798e-05,0,0.21829304723066023,0.218303308360713,5.980468690621542,0.0,0.22097339324710455,0.22096895907231476,38.18244397767623,22.571909745174505,0,2
2023-06-29 06:57:00,2023-06-29 06:59:59,0.2188,0.2188,0.2187,0.2189,0.21860235651457713,0.2188,0.2187,0.2189,True,0.00031039811593183616,7.17616867465027e-07,0,0.21829817779568658,0.21831178647902627,9.468098636209703,0.0,0.22095176744365078,0.22094737739000317,48.888395600955846,36.19801630830583,0,2
2023-06-29 07:00:00,2023-06-29 07:02:59,0.2189,0.2188,0.2188,0.219,0.21870117825728858,0.218875,0.2188,0.219,True,0.0003025125362224197,1.1187067461488503e-05,0,0.2183049821373564,0.2183223256049091,11.793185266601803,0.0,0.22093110309097763,0.22092601045079915,68.249129107082,51.77332289523806,0,2
2023-06-29 07:03:00,2023-06-29 07:05:59,0.2188,0.2184,0.2184,0.2188,0.21878808912864428,0.21860000000000002,0.2184,0.2188,True,0.00030947592649224574,-1.127575428513548e-05,0,0.21831365387113275,0.2183325282744813,5.1443554973630015,0.0,0.22090790803534602,0.2209008760184529,68.52769203460794,61.888405580881965,0,1
2023-06-29 07:06:00,2023-06-29 07:08:59,0.2184,0.2194,0.2184,0.2195,0.21869404456432215,0.218925,0.2184,0.2195,True,0.0003659419317427989,4.199664601789755e-05,1,0.218323091072807,0.21834462589409656,10.91178138966196,0.0,0.2208881776071336,0.22088594192871705,80.92991576168806,72.56891230112603,0,2
2023-06-29 07:09:00,2023-06-29 07:11:59,0.2195,0.2195,0.2193,0.2195,0.21880952228216108,0.21945,0.2193,0.2195,True,0.0003540889366183137,8.005951207981337e-05,0,0.21833385848345177,0.21836173447699025,15.302224747248346,15.302224747248346,0.220873867382187,0.22087215146176464,81.38938215417177,76.94899665015595,0,2
2023-06-29 07:12:00,2023-06-29 07:14:59,0.2195,0.2195,0.2194,0.2196,0.21912976114108054,0.2195,0.2194,0.2196,True,0.0003430825840027183,9.959215138537235e-05,0,0.218347796480221,0.21838301389661333,18.22918698563926,18.22918698563926,0.2208601970599762,0.22085849821338888,97.03104646587416,86.45011479391137,0,2
2023-06-29 07:15:00,2023-06-29 07:17:59,0.2195,0.2192,0.2192,0.2196,0.21931488057054027,0.219375,0.2192,0.2196,True,0.0003471481137168087,8.553342819653834e-05,0,0.21836540518841716,0.21840657341294356,15.138204823992368,15.138204823992368,0.22084541897977744,0.2208419957436039,95.09563669805858,91.17202177270154,0,1
2023-06-29 07:18:00,2023-06-29 07:20:59,0.2192,0.2189,0.2188,0.2192,0.21934494028527013,0.21902500000000003,0.2188,0.21934494028527013,True,0.00035092324845132316,5.024842241461622e-05,0,0.21838598930068034,0.2184293650498969,9.209951006601798,0.0,0.22082730535808812,0.22082267240287154,77.93344677552015,90.020043313151,0,1
2023-06-29 07:21:00,2023-06-29 07:23:59,0.2189,0.2187,0.2186,0.2189,0.21918497014263508,0.218775,0.2186,0.21918497014263508,True,0.00034728587356194453,9.5993045179458e-06,0,0.2184076771752886,0.21844968048928284,3.1106749182256337,0.0,0.22080688440925142,0.22080155128443502,53.29311980624713,75.44073442660866,0,1
2023-06-29 07:24:00,2023-06-29 07:26:59,0.2188,0.2187,0.2186,0.2189,0.21897998507131755,0.21875,0.2186,0.21897998507131755,True,0.0003439083111646644,-1.899420025185854e-05,0,0.21842867883228573,0.21846773548880433,-0.9555091406918095,-0.0,0.22078641789771658,0.22078064032638092,32.12318353184589,54.44991670453775,0,1
2023-06-29 07:27:00,2023-06-29 07:29:59,0.2187,0.2185,0.2184,0.2187,0.21886499253565878,0.21857500000000002,0.2184,0.21886499253565878,True,0.00034077200322433083,-5.219286685078132e-05,0,0.21844820716054503,0.21848268626551984,-5.900023473929686,-5.900023473929686,0.22076441373953035,0.22075794738780996,15.952040121050993,33.7894478197147,0,1
2023-06-29 07:30:00,2023-06-29 07:32:59,0.2186,0.2185,0.2184,0.2187,0.2187199962678294,0.21855,0.2184,0.2187199962678294,True,0.0003378597172797354,-7.30788606105562e-05,0,0.21846544671303242,0.21849491896097495,-9.196366362754937,-9.196366362754937,0.22074237977197284,0.2207354802496228,7.259033756990685,18.444752469962552,0,1
2023-06-29 07:33:00,2023-06-29 07:35:59,0.2184,0.2178,0.2177,0.2184,0.21863499813391468,0.21807500000000002,0.2177,0.21863499813391468,True,0.00037086973747403964,-0.00013294728354042753,-1,0.21848018283700368,0.21850166875749297,-16.550794730461007,-16.550794730461007,0.2207158386797144,0.2207062714909201,-7.579122514774402e-14,7.7370246260138975,0,1
2023-06-29 07:36:00,2023-06-29 07:38:59,0.2177,0.2176,0.2175,0.2178,0.21835499906695735,0.21765,0.2175,0.21835499906695735,True,0.00036580761336875076,-0.0001808282991841706,0,0.21849092579724833,0.21850113956636397,-22.29226630333169,-22.29226630333169,0.2206853328222048,0.2206753633168811,-7.579122514774402e-14,2.4196779189968742,-1,-2
2023-06-29 07:39:00,2023-06-29 07:41:59,0.2176,0.2175,0.2172,0.2177,0.21800249953347867,0.2175,0.2172,0.21800249953347867,True,0.00037539278384241144,-0.00021165695643661156,0,0.21849603268180615,0.21849385404836455,-26.523025521539036,-26.523025521539036,0.2206536379682525,0.22064376766198676,-7.579122514774402e-14,-4.598790484225092e-14,0,-2
2023-06-29 07:42:00,2023-06-29 07:44:59,0.2175,0.2175,0.2172,0.2177,0.21775124976673932,0.217475,0.2172,0.21775124976673932,True,0.0003842932992822392,-0.0002228738929480695,0,0.21849494336508535,0.2184811276865203,-29.343531667010602,-29.343531667010602,0.22062200972976242,0.22061248639171824,-7.579122514774402e-14,-4.598790484225092e-14,0,-2
2023-06-29 07:45:00,2023-06-29 07:47:59,0.2175,0.2178,0.2175,0.2178,0.21761312488336965,0.21765,0.2175,0.2178,True,0.0003782723493335074,-0.00019997232976898927,0,0.21848803552580282,0.21846540571253645,-24.32402153956025,-24.32402153956025,0.22059243749364538,0.22058450145249717,3.981439559685191,1.327146519895043,0,-2
2023-06-29 07:48:00,2023-06-29 07:50:59,0.2178,0.2177,0.2177,0.2179,0.21763156244168483,0.217775,0.2177,0.2179,True,0.00036553861009540014,-0.0001831424315371919,0,0.21847672061916962,0.21844829077444256,-22.03458269295398,-22.03458269295398,0.2205644032897285,0.22055579994550714,10.691164669511307,4.890868076398838,0,-2
2023-06-29 07:51:00,2023-06-29 07:53:59,0.2176,0.2174,0.2174,0.2176,0.21770328122084243,0.2175,0.2174,0.21770328122084243,True,0.00036085728080287115,-0.00018440895630780202,0,0.2184625056968061,0.21842830978013233,-23.13564446423373,-23.13564446423373,0.22053391171470635,0.2205243989510245,13.86789360594542,9.513499278380669,0,-2
2023-06-29 07:54:00,2023-06-29 07:56:59,0.2173,0.2176,0.2173,0.2177,0.2176016406104212,0.21747499999999997,0.2173,0.2177,True,0.0003636531893169526,-0.00016273171801137285,0,0.2184454077384692,0.21840603788389062,-19.793715718327153,-19.793715718327153,0.2205034747822217,0.22049530045399937,13.040186413793762,12.533081563083527,0,-1
2023-06-29 07:57:00,2023-06-29 07:59:59,0.2175,0.2174,0.2173,0.2175,0.2175383203052106,0.217425,0.2173,0.2175383203052106,True,0.00035910653293716986,-0.00015435678528326135,0,0.21842572281117992,0.2183817721001676,-19.570353876381684,-19.570353876381684,0.22047284319234886,0.22046450144450683,9.585046488944476,12.164375502894584,0,-2
2023-06-29 08:00:00,2023-06-29 08:02:59,0.2175,0.217,0.2169,0.2179,0.21748166015260528,0.217325,0.2169,0.2179,True,0.0004048846377273721,-0.00016842049234258978,0,0.21840374745567376,0.21835541689754404,-22.315785650169424,-22.315785650169424,0.22044152136953943,0.22043002879331772,8.106052454368259,10.243761785702198,0,-2
2023-06-29 08:03:00,2023-06-29 08:05:59,0.2171,0.2175,0.2166,0.2175,0.21740333007630264,0.217175,0.2166,0.2175,True,0.00044025002074684635,-0.00013437077722940099,0,0.2183795821766089,0.21832656834592418,-16.45150869950723,-16.45150869950723,0.220409018669345,0.22040087427796132,4.952320086834651,7.547806343382494,0,-1
2023-06-29 08:06:00,2023-06-29 08:08:59,0.2175,0.217,0.217,0.2175,0.21728916503815132,0.21725,0.217,0.2175,True,0.00044451787640778593,-0.00013909507225186052,0,0.21835307526126654,0.2182964692746082,-16.50442225913408,-16.50442225913408,0.22037758564775947,0.22036703473290697,6.166008876625952,6.40812713927632,0,-2
2023-06-29 08:09:00,2023-06-29 08:11:59,0.2169,0.2172,0.2168,0.2172,0.21726958251907566,0.21702500000000002,0.2168,0.21726958251907566,True,0.0004413380280929449,-0.00012044874658588632,0,0.21832477226793737,0.2182640484327,-14.054739494620677,-14.054739494620677,0.22034422658658773,0.22033552194949496,4.4682739747680555,5.195534312742918,0,-1
2023-06-29 08:12:00,2023-06-29 08:14:59,0.2173,0.2176,0.2172,0.2178,0.21714729125953786,0.21747499999999997,0.2172,0.2178,True,0.00045267102608630524,-7.36188444572356e-05,0,0.21829441035031869,0.2182331095644896,-8.246604497624169,-8.246604497624169,0.22031567706831323,0.2203083028256194,37.80160730810139,16.14529671983183,0,-1
2023-06-29 08:15:00,2023-06-29 08:17:59,0.2176,0.2174,0.2173,0.2178,0.21731114562976891,0.217525,0.2173,0.2178,True,0.0004560516670801406,-5.169262752836406e-05,0,0.21826375995740416,0.21820389279130517,-6.379773775251067,-6.379773775251067,0.22028790913728524,0.22027936448904606,66.66666666666659,36.312182649845376,0,-1
2023-06-29 08:18:00,2023-06-29 08:20:59,0.2173,0.2177,0.2173,0.2177,0.21741807281488446,0.2175,0.2173,0.2177,True,0.00045204797657441705,-1.2481737419308401e-05,0,0.21823382637435468,0.2181760607671939,-2.1752493224890443,-0.0,0.22026016874785953,0.22025369917074708,98.84217263057603,67.77014886844803,0,-1
2023-06-29 08:21:00,2023-06-29 08:23:59,0.2177,0.2183,0.2177,0.2185,0.21745903640744224,0.21805,0.2177,0.2185,True,0.0004769016925333869,5.6735540997981525e-05,0,0.2182049435707743,0.21815328350795574,4.831672170199774,4.831672170199774,0.2202381770190251,0.22023425937800334,98.84217263057603,88.1170039759396,0,-1
2023-06-29 08:24:00,2023-06-29 08:26:59,0.2183,0.218,0.2178,0.2183,0.2177545182037211,0.21810000000000002,0.2178,0.2183,True,0.00047855157163814504,8.043823830928578e-05,0,0.218179113539365,0.21813498523004468,6.120114954527658,6.120114954527658,0.22021690162580096,0.2202120279414063,98.84217263057603,98.84217263057609,0,2
2023-06-29 08:27:00,2023-06-29 08:29:59,0.218,0.2183,0.2179,0.2183,0.21792725910186056,0.218125,0.2179,0.2183,True,0.0004729407450925621,0.00011466169230246032,0,0.21815704938470484,0.21812051035786398,9.048416647406121,9.048416647406121,0.2201960866842507,0.22019300278776047,99.99999999999993,99.22811508705071,0,2
2023-06-29 08:30:00,2023-06-29 08:32:59,0.2184,0.2185,0.2183,0.2186,0.2180261295509303,0.21845,0.2183,0.2186,True,0.00046058783472880733,0.00014710622869385507,0,0.2181387798712844,0.21811137483854598,12.256279901463778,12.256279901463778,0.22017871268739247,0.22017615698887727,99.99999999999993,99.61405754352535,0,2
2023-06-29 08:33:00,2023-06-29 08:35:59,0.2185,0.2182,0.2182,0.2186,0.21823806477546515,0.218375,0.2182,0.2186,True,0.0004562601322481771,0.00014241805920809806,0,0.21812507735491518,0.21810599112890422,10.688351552351278,10.688351552351278,0.22016076529746817,0.2201564937352566,98.01968962476161,99.33989654158721,1,2
2023-06-29 08:36:00,2023-06-29 08:38:59,0.2181,0.2176,0.2172,0.2182,0.21830653238773257,0.217775,0.2172,0.21830653238773257,True,0.0004950986942304502,9.312900004770602e-05,0,0.2181155342419097,0.21809948154530012,4.274245049408002,4.274245049408002,0.22013702633928442,0.22013105598664706,82.96879053143037,93.66282671873068,-1,1
2023-06-29 08:39:00,2023-06-29 08:41:59,0.2176,0.2174,0.217,0.2176,0.21804076619386628,0.2174,0.217,0.21804076619386628,True,0.0005025916446425601,4.449360262727989e-05,0,0.2181075078936049,0.21808955731707458,-1.3926599020425385,-0.0,0.2201097922463562,0.22010388130021277,61.823719313182,80.93739982312471,0,1
2023-06-29 08:42:00,2023-06-29 08:44:59,0.2175,0.2174,0.2173,0.2176,0.21772038309693315,0.21745,0.2173,0.21772038309693315,True,0.00048812081288237684,1.21060907177719e-05,0,0.21809853260533973,0.21807735585905774,-5.170596536342906,-0.0,0.2200833266518651,0.22007697700866838,43.73584159278122,62.842783812464575,0,1
2023-06-29 08:45:00,2023-06-29 08:47:59,0.2175,0.2171,0.2171,0.2175,0.21758519154846656,0.2173,0.2171,0.21758519154846656,True,0.00048182646910506505,-2.8913726254358883e-05,0,0.21808794423219874,0.21806241607746948,-9.908408749755857,-9.908408749755857,0.22005563185930924,0.22004735534689057,36.35654893645012,47.305369947471156,0,-2
2023-06-29 08:48:00,2023-06-29 08:50:59,0.217,0.2163,0.216,0.217,0.21744259577423328,0.216575,0.216,0.21744259577423328,True,0.0005259817213118454,-0.00010791139483766056,0,0.2180751801548341,0.21804044862625355,-16.778535569973215,-16.778535569973215,0.2200209987064803,0.22001006822901106,25.961977566991205,35.351456032074225,0,-2
2023-06-29 08:51:00,2023-06-29 08:53:59,0.2164,0.2165,0.2163,0.2166,0.21700879788711663,0.21645,0.2163,0.21700879788711663,True,0.0005098401697895704,-0.00013916846253461898,0,0.2180578143905438,0.21801224132846087,-18.718301231122137,-18.718301231122137,0.21998546638104266,0.2199751421769811,12.696832329296965,25.005119610912804,0,-2
2023-06-29 08:54:00,2023-06-29 08:56:59,0.2165,0.2165,0.2163,0.2165,0.2167293989435583,0.21645,0.2163,0.2167293989435583,True,0.0004877087290903158,-0.00015164346365985804,0,0.21803502785950235,0.21797931488763636,-20.011478338554753,-20.011478338554753,0.21995028761108204,0.2199405636478569,1.7936907456259685,13.484166880638087,0,-2
2023-06-29 08:57:00,2023-06-29 08:59:59,0.2165,0.2166,0.2163,0.2166,0.21658969947177914,0.2165,0.2163,0.2166,True,0.0004743009627267214,-0.0001443104576716184,0,0.21800717137356937,0.21794324199588852,-19.27295128846232,-19.27295128846232,0.21991595639107128,0.21990732420857476,1.3181310986301782,5.269551391184412,0,-2
2023-06-29 09:00:00,2023-06-29 09:02:59,0.2166,0.2166,0.2163,0.2166,0.21654484973588956,0.216525,0.2163,0.2166,True,0.0004618508939605266,-0.00013112173966717337,0,0.21797520668472897,0.2179051109061873,-18.78059992173403,-18.78059992173403,0.21988221553145862,0.21987441550998196,3.326907326151611,2.146243056802627,0,-2
2023-06-29 09:03:00,2023-06-29 09:05:59,0.2167,0.2176,0.2167,0.2177,0.2165349248679448,0.217175,0.2167,0.2177,True,0.0005074329729633474,-4.595376622929025e-05,0,0.21794015879545817,0.2178700806938415,-7.428064704692268,-0.0,0.2198552780634839,0.21985178450988263,20.490946603290045,8.378661676023986,0,-1
2023-06-29 09:06:00,2023-06-29 09:08:59,0.2176,0.2181,0.2175,0.2181,0.2168549624339724,0.217825,0.2175,0.2181,True,0.0005140449034659647,4.771644336909421e-05,0,0.21790511974464985,0.21784219185980705,2.761001713479395,0.0,0.21983507629170795,0.219834353818242,46.87853843652643,23.565464121989404,0,-1
2023-06-29 09:09:00,2023-06-29 09:11:59,0.2182,0.2183,0.2182,0.2187,0.2173399812169862,0.21835000000000002,0.2182,0.2187,True,0.000520184553218397,0.00012202867470176813,1,0.21787365580222845,0.21782371888851879,10.431431310047934,10.431431310047934,0.21982029941318348,0.21981908661607044,78.20309554233833,48.52419352738497,0,2
2023-06-29 09:12:00,2023-06-29 09:14:59,0.2183,0.2181,0.218,0.2183,0.2178449906084931,0.218175,0.218,0.2183,True,0.0005044570851313682,0.0001528611110473574,0,0.21784868734537363,0.21781158515031057,12.886611059321517,12.886611059321517,0.21980392827474385,0.21980198127660705,91.3295238960895,72.13705262498479,0,2
2023-06-29 09:15:00,2023-06-29 09:17:59,0.2181,0.2186,0.218,0.2187,0.21800999530424656,0.21835,0.218,0.2187,True,0.0005184244361934138,0.0002019486462902076,0,0.21783013624784212,0.2178057262713418,17.099465465102412,17.099465465102412,0.21978946132673643,0.21979002126390448,95.96530335570161,88.49930759804317,1,2
2023-06-29 09:18:00,2023-06-29 09:20:59,0.2186,0.2192,0.2186,0.2193,0.21817999765212326,0.21892499999999998,0.2186,0.2193,True,0.0005313941193224561,0.0002671621624275131,0,0.21781793125959195,0.2178087929428134,22.003277366310783,22.003277366310783,0.21978085972149528,0.21978415040555718,95.96530335570161,94.42004353583093,0,2
2023-06-29 09:21:00,2023-06-29 09:23:59,0.2192,0.2194,0.2192,0.2194,0.21855249882606162,0.2193,0.2192,0.2194,True,0.000507723110799424,0.0003120089105288793,0,0.2178133621012027,0.21782143862108824,25.83731400464319,25.83731400464319,0.21977607504764954,0.2197803280134621,99.00816905814536,96.9795919231829,0,2
2023-06-29 09:24:00,2023-06-29 09:26:59,0.2192,0.2189,0.2188,0.2192,0.2189262494130308,0.21902500000000003,0.2188,0.2192,True,0.0005143143171708949,0.00029316498985385757,0,0.21781740036114547,0.21783965236353042,22.31327090490585,22.31327090490585,0.21976860166409085,0.21977156853074106,96.00104327412613,96.99150522932439,0,2
2023-06-29 09:27:00,2023-06-29 09:29:59,0.2189,0.2188,0.2188,0.2191,0.2189756247065154,0.21889999999999998,0.2188,0.2191,True,0.0004990061516586878,0.0002609390903923151,0,0.21782852636233796,0.21786126728347355,18.88024104929478,18.88024104929478,0.21975995886146307,0.21976190118217648,90.2375049174234,95.08223908323164,0,1
2023-06-29 09:30:00,2023-06-29 09:32:59,0.2188,0.2183,0.2182,0.2188,0.2189378123532577,0.218525,0.2182,0.2189378123532577,True,0.0005062199979687808,0.0001936536146782644,0,0.21784489682290575,0.2178828387742454,11.835026302390013,11.835026302390013,0.2197476707135878,0.21974735490175681,79.48029493685407,88.57294770946788,0,1
2023-06-29 09:33:00,2023-06-29 09:35:59,0.2183,0.2182,0.2179,0.2183,0.21873140617662884,0.218175,0.2179,0.21873140617662884,True,0.0004986328552567239,0.00013383443246863468,0,0.21786386779857558,0.21790182669734542,6.305322579211548,6.305322579211548,0.219732022248776,0.2197319583355702,68.57334999887159,79.43038328438304,0,1
2023-06-29 09:36:00,2023-06-29 09:38:59,0.2183,0.2183,0.2183,0.2188,0.21845320308831442,0.218425,0.2183,0.2188,True,0.0005058733655955286,9.50239772893031e-05,0,0.2178828472479605,0.21792036554796895,3.6973311599456693,3.6973311599456693,0.21971901705227076,0.21971770999392273,61.547534656439126,69.86705986405495,0,1
2023-06-29 09:39:00,2023-06-29 09:41:59,0.2183,0.2178,0.2178,0.2183,0.21843910154415722,0.21804999999999997,0.2178,0.21843910154415722,True,0.0005054538394815623,3.024081916160756e-05,0,0.21790160639796474,0.21793585074564362,-2.2712118553392884,-0.0,0.2197024099174223,0.2196986283024409,54.84950782812748,61.656797494479434,0,1
2023-06-29 09:42:00,2023-06-29 09:44:59,0.2179,0.2179,0.2176,0.2179,0.2182445507720786,0.217825,0.2176,0.2182445507720786,True,0.0004907785652328809,-7.332370538631791e-06,0,0.2179187285718042,0.21794728179667294,-4.98522181410322,-0.0,0.21968372922172655,0.21968073150341166,37.912534405149145,51.43652562990528,0,1
2023-06-29 09:45:00,2023-06-29 09:47:59,0.2178,0.2172,0.2171,0.2178,0.2180347753860393,0.217475,0.2171,0.2180347753860393,True,0.000512865810573391,-8.047169479468588e-05,-1,0.21793300518423858,0.21795304118815798,-11.172428994497665,-11.172428994497665,0.21966175181653524,0.21965604760785534,17.368554770951004,36.710199001409244,0,1
2023-06-29 09:48:00,2023-06-29 09:50:59,0.2173,0.2172,0.2172,0.2176,0.21775488769301965,0.217325,0.2172,0.21775488769301965,True,0.0005048039669610048,-0.00012519042504630112,0,0.21794302318619826,0.21795326656712707,-15.297233781427295,-15.297233781427295,0.21963850055467918,0.21963160932320006,1.4904582464986593,18.923849140866306,-1,1
2023-06-29 09:51:00,2023-06-29 09:53:59,0.2171,0.2172,0.217,0.2172,0.21753994384650982,0.217125,0.217,0.21753994384650982,True,0.00048303225503521917,-0.00014932219899956869,0,0.21794814487666267,0.2179477612200916,-18.04710363938038,-18.04710363938038,0.21961349059891122,0.21960741420555627,-5.743553780727477e-14,6.286337672483239,0,-2
2023-06-29 09:54:00,2023-06-29 09:56:59,0.2173,0.2173,0.2173,0.2177,0.21733247192325492,0.21739999999999998,0.2173,0.2177,True,0.00048424423681841784,-0.0001519594738885922,0,0.21794795304837714,0.21793966859715908,-18.02453134440254,-18.02453134440254,0.2195914658168325,0.21958445486022735,4.724728007301574,2.0717287512667633,0,-2
2023-06-29 09:57:00,2023-06-29 09:59:59,0.2173,0.2174,0.2172,0.2174,0.21736623596162746,0.217325,0.2172,0.2174,True,0.0004639410770456741,-0.00014033339177716195,0,0.21794381082276812,0.21792907993795727,-16.122494714010692,-16.122494714010692,0.21956891391815755,0.21956271899097135,8.470385787124194,4.398371264808608,0,-2
2023-06-29 10:00:00,2023-06-29 10:02:59,0.2174,0.2177,0.2173,0.2178,0.21734561798081373,0.21755000000000002,0.2173,0.2178,True,0.00046651671439955453,-0.00010606419863568283,0,0.2179364453803627,0.21791814252058941,-10.063339025667908,-0.0,0.2195488252224545,0.21954418447364826,16.101078023751622,9.765397272725835,0,-1
2023-06-29 10:03:00,2023-06-29 10:05:59,0.2177,0.2171,0.217,0.2177,0.2174478089904069,0.21737499999999998,0.217,0.2177,True,0.00048319409194244394,-0.0001202352775674618,0,0.21792729395047605,0.21790580487967312,-12.206497296435145,-12.206497296435145,0.21952719512073854,0.21951986423012937,17.452634501072918,14.008032770649615,0,-2
2023-06-29 10:06:00,2023-06-29 10:08:59,0.2171,0.2174,0.2171,0.2175,0.21741140449520344,0.217275,0.2171,0.2175,True,0.00047725165680369876,-0.0001031776345283147,0,0.21791654941507457,0.21789176337590077,-9.731428499007443,-0.0,0.21950478521903966,0.21949877105371018,18.488761327422377,17.34749128408234,0,-1
2023-06-29 10:09:00,2023-06-29 10:11:59,0.2174,0.2176,0.2172,0.2176,0.21734320224760173,0.21745,0.2172,0.2176,True,0.0004717336813177191,-7.338420969090761e-05,0,0.21790415639548766,0.21787767743467418,-5.826157540855775,-0.0,0.2194843395949696,0.21947987780939465,22.953493554064277,19.631629794186562,0,-1
2023-06-29 10:12:00,2023-06-29 10:14:59,0.2177,0.2177,0.2176,0.2179,0.21739660112380088,0.217725,0.2176,0.2179,True,0.00045946698979502644,-4.3431707924907996e-05,0,0.21789091691508092,0.21786553994451688,-2.1184483931270606,-0.0,0.219466833728353,0.2194621675824355,39.90490065592569,27.115718512470817,0,-1
2023-06-29 10:15:00,2023-06-29 10:17:59,0.2176,0.2175,0.2174,0.2178,0.21756080056190044,0.217575,0.2174,0.2178,True,0.0004552193476668091,-3.5221683917106874e-05,0,0.2178782284297989,0.21785399060015964,-2.2650395845440485,-0.0,0.21944800951215046,0.2194426435268889,53.25759485301901,38.70532968766969,0,-1
2023-06-29 10:18:00,2023-06-29 10:20:59,0.2174,0.2176,0.2174,0.2177,0.21756790028095022,0.217525,0.2174,0.2177,True,0.0004441322514048938,-2.080851732736536e-05,0,0.21786610951497926,0.21784264049473834,-0.9868152609903476,-0.0,0.219428875089144,0.21942430876542732,65.02602338554105,52.729506298161944,0,-1
2023-06-29 10:21:00,2023-06-29 10:23:59,0.2176,0.2181,0.2175,0.2181,0.2175464501404751,0.217825,0.2175,0.2181,True,0.0004552656620188292,2.4430593586560935e-05,0,0.2178543750048588,0.21783358344436557,5.036045769571906,5.036045769571906,0.2194129161330331,0.21941113156378128,75.33166513239004,64.53842779031673,0,2
2023-06-29 10:24:00,2023-06-29 10:26:59,0.2181,0.2181,0.2179,0.2182,0.21768572507023753,0.21807500000000002,0.2179,0.2182,True,0.0004441752575889125,5.3242876433001886e-05,0,0.21784397922461218,0.21782810913922224,9.051286456613411,9.051286456613411,0.21939960353469445,0.21939808547856954,90.53051966245799,76.96273606012971,0,2
2023-06-29 10:27:00,2023-06-29 10:29:59,0.218,0.2182,0.2178,0.2182,0.21788036253511878,0.21805000000000002,0.2178,0.2182,True,0.00044101988204684817,7.691131508443594e-05,0,0.2178360441819172,0.2178253215875624,12.654817892225346,12.654817892225346,0.21938617464380197,0.21938616423002655,99.05609869804005,88.30609449762937,1,2
2023-06-29 10:30:00,2023-06-29 10:32:59,0.2181,0.2181,0.218,0.2182,0.2179651812675594,0.21810000000000002,0.218,0.2182,True,0.00042380417618635946,8.235158119837492e-05,0,0.2178306828847398,0.21782501151455708,12.914269899685095,12.914269899685095,0.21937337688615222,0.21937336657599643,99.05609869804005,96.2142390195127,0,2
2023-06-29 10:33:00,2023-06-29 10:35:59,0.2182,0.2183,0.2181,0.2183,0.21803259063377972,0.218225,0.2181,0.2183,True,0.00040781816360161994,9.61994959258745e-05,0,0.21782784719964843,0.21782751173828319,15.292188198334799,15.292188198334799,0.21936195025046912,0.21936268631155867,99.05609869804005,99.05609869804005,0,2
2023-06-29 10:36:00,2023-06-29 10:38:59,0.2183,0.2177,0.2174,0.2183,0.21812879531688986,0.21792499999999998,0.2174,0.2183,True,0.00044297400905864593,5.984726649019796e-05,0,0.2178276794689658,0.21783014905515652,7.668688949890338,7.668688949890338,0.21934765223802663,0.2193461421691551,86.78433754063006,94.96551164557006,0,1
2023-06-29 10:39:00,2023-06-29 10:41:59,0.2176,0.2176,0.2174,0.2177,0.2180268976584449,0.217575,0.2174,0.2180268976584449,True,0.00043276157984017087,2.6859252490223063e-05,0,0.21782891426206116,0.21783047483941764,1.552520152508606,0.0,0.2193300139073,0.21932876762020828,60.45102897506439,82.09715507124484,0,1
2023-06-29 10:42:00,2023-06-29 10:44:59,0.2175,0.2177,0.2174,0.2178,0.21780094882922246,0.21760000000000002,0.2174,0.21780094882922246,True,0.00043042146699444323,1.1197835135198214e-05,0,0.2178296945507394,0.21782915002915723,-0.8935025808656434,-0.0,0.21931279983857066,0.21931256097722113,35.15450951072445,60.796625342139635,0,1
2023-06-29 10:45:00,2023-06-29 10:47:59,0.2177,0.2185,0.2176,0.2186,0.21770047441461124,0.21810000000000002,0.2176,0.2186,True,0.0004711056479234117,5.5423476414537365e-05,0,0.2178294222899483,0.21782996531556176,5.590764698622294,5.590764698622294,0.2193007321784854,0.21930447579336818,41.64070785193718,45.748748779242,0,2
2023-06-29 10:48:00,2023-06-29 10:50:59,0.2186,0.2185,0.218,0.2187,0.2179002372073056,0.21845,0.218,0.2187,True,0.0004874552445003113,8.1434663175688e-05,0,0.21782969380275505,0.21783486129360197,9.913609551614257,9.913609551614257,0.21929226718168454,0.2192964710591058,67.97401641750285,48.256411260054826,0,2
2023-06-29 10:51:00,2023-06-29 10:53:59,0.2185,0.219,0.2184,0.219,0.2181751186036528,0.218725,0.2184,0.219,True,0.0004954941556074312,0.00012865455803755672,1,0.21783227754817852,0.21784482322970153,15.750947607267719,15.750947607267719,0.21928662273211555,0.21929352109831868,93.27053588184278,67.62842005042761,0,2
2023-06-29 10:54:00,2023-06-29 10:56:59,0.2189,0.2188,0.2186,0.219,0.2184500593018264,0.218825,0.2186,0.219,True,0.0004886731444926155,0.00013925640676250352,0,0.21783855038894004,0.21785939138707872,16.565543584206736,16.565543584206736,0.21928202947109948,0.21928861044062398,99.99999999999996,87.0815174331152,0,2
2023-06-29 10:57:00,2023-06-29 10:59:59,0.2187,0.2188,0.2186,0.2188,0.2186375296509132,0.218725,0.2186,0.2188,True,0.0004680536341717148,0.00013919449464351352,0,0.2178489708880094,0.2178767999954626,17.10860756883274,17.10860756883274,0.2192764868892975,0.21928374864519487,96.14813211528885,96.47288933237718,0,2
2023-06-29 11:00:00,2023-06-29 11:02:59,0.2187,0.2185,0.2183,0.219,0.2186812648254566,0.21862499999999999,0.2183,0.219,True,0.0004846212317308785,0.00011144222953583897,0,0.21786288544173602,0.21789563936298637,12.815572871952561,12.815572871952561,0.21927000443268757,0.21927595015121285,88.4237201765922,94.85728409729366,0,1
2023-06-29 11:03:00,2023-06-29 11:05:59,0.2184,0.2181,0.2179,0.2184,0.2186531324127283,0.2182,0.2179,0.2186531324127283,True,0.0004928625723215292,5.999423426882386e-05,0,0.2178792624023612,0.21791255996717412,5.492405073389811,0.0,0.21925935762241208,0.21926424915468337,65.91664718834468,83.49616649340858,0,1
2023-06-29 11:06:00,2023-06-29 11:08:59,0.2181,0.2188,0.2181,0.2188,0.21842656620636414,0.21844999999999998,0.2181,0.2188,True,0.0005076581028699918,7.086675572422213e-05,0,0.21789591118476767,0.21792956908802058,7.341086025460989,7.341086025460989,0.21925130431273634,0.2192596297601094,54.13412038672724,69.49149591722137,0,2
2023-06-29 11:09:00,2023-06-29 11:11:59,0.2189,0.2193,0.2189,0.2194,0.21843828310318206,0.21912500000000001,0.2189,0.2194,True,0.0005142539526649937,0.00010771325844706196,0,0.21791274013639414,0.2179511624158361,11.513299654594917,11.513299654594917,0.21925004755340563,0.21926003145403866,61.168765052131675,60.40651087573453,0,2
2023-06-29 11:12:00,2023-06-29 11:14:59,0.2193,0.2192,0.2192,0.2196,0.21878164155159102,0.219325,0.2192,0.2196,True,0.0005060929560460643,0.00011837968688191761,0,0.21793195127611512,0.2179775889815376,13.094927123160495,13.094927123160495,0.21925079334889414,0.21925943412613777,83.67583804037919,66.32624115974603,0,2
2023-06-29 11:15:00,2023-06-29 11:17:59,0.2192,0.2187,0.2186,0.2192,0.2190533207757955,0.21892499999999998,0.2186,0.2192,True,0.0005128006020427752,8.401915060347865e-05,0,0.21795477012882636,0.21800489504968656,8.93368071445245,8.93368071445245,0.2192475516240295,0.21925386761741997,87.43496930244292,77.42652413165126,0,1
2023-06-29 11:18:00,2023-06-29 11:20:59,0.2187,0.2189,0.2187,0.219,0.21898916038789773,0.218825,0.2187,0.219,True,0.0004976005590397195,6.99528470933574e-05,0,0.21797983258925646,0.21803202010128453,7.835644216365928,7.835644216365928,0.21924334713025806,0.21925034654659986,73.47996302340395,81.53025678874202,0,1
2023-06-29 11:21:00,2023-06-29 11:23:59,0.219,0.219,0.2189,0.219,0.21890708019394886,0.218975,0.2189,0.219,True,0.0004692005191083102,6.266758305371482e-05,0,0.2180059263452705,0.21805984569009815,7.954903754042306,7.954903754042306,0.219240677009559,0.21924785553618592,61.65133768433816,74.1887566700617,0,1
2023-06-29 11:24:00,2023-06-29 11:26:59,0.219,0.2192,0.219,0.2193,0.21894104009697443,0.21912500000000001,0.219,0.2193,True,0.0004571147677434305,6.68483905379293e-05,0,0.2180328860176843,0.21808906106317713,9.726127072350238,9.726127072350238,0.2192395259945385,0.2192473793616965,61.415886158238465,65.51572895532686,0,2
2023-06-29 11:27:00,2023-06-29 11:29:59,0.2192,0.2195,0.2192,0.2195,0.21903302004848724,0.21935,0.2192,0.2195,True,0.0004458922843331851,8.500265716843115e-05,0,0.21806097354043072,0.21812071391393278,13.102593561179056,13.102593561179056,0.21924062523837393,0.21924989299988856,70.19374724453898,64.4203236957052,0,2
2023-06-29 11:30:00,2023-06-29 11:32:59,0.2195,0.2191,0.2191,0.2195,0.2191915100242436,0.2193,0.2191,0.2195,True,0.00044261426402367274,6.323732352531115e-05,0,0.21809084372718177,0.21815372558261395,10.16206487804532,10.16206487804532,0.21924121603202196,0.21924840152725286,73.75586465656171,68.45516601977972,0,1
2023-06-29 11:33:00,2023-06-29 11:35:59,0.2191,0.219,0.219,0.2192,0.2192457550121218,0.21907500000000002,0.219,0.2192457550121218,True,0.00042528467373626795,3.710814929984684e-05,0,0.21812228465489786,0.21818603682377039,7.0673710743758775,0.0,0.21923956214115606,0.21924592987026528,66.97967188578492,70.30976126229523,0,1
2023-06-29 11:36:00,2023-06-29 11:38:59,0.219,0.219,0.2189,0.219,0.2191603775060609,0.218975,0.2189,0.2191603775060609,True,0.00040205005418367663,1.612732327239887e-05,0,0.2181541607393341,0.21821688881758808,5.004241871929587,0.0,0.2192369296820401,0.21924348280687955,49.39873332881601,63.37808995705422,0,1
2023-06-29 11:39:00,2023-06-29 11:41:59,0.2191,0.2188,0.2188,0.2191,0.21906768875303045,0.21894999999999998,0.2188,0.2191,True,0.00039476076459912796,-1.4323557809892736e-05,0,0.2181855247784611,0.2182462087316395,1.0350491802383885,0.0,0.21923407466032824,0.219239070042632,33.04082322070399,49.80640947843498,0,1
2023-06-29 11:42:00,2023-06-29 11:44:59,0.2189,0.2189,0.2189,0.219,0.21900884437651522,0.218925,0.2189,0.21900884437651522,True,0.00038084928141347634,-2.8935122996931928e-05,0,0.21821586675505028,0.2182739497361387,-0.016808336622560205,-0.0,0.21923099929057374,0.21923569621136202,26.059376457804614,36.166311002441546,0,1
2023-06-29 11:45:00,2023-06-29 11:47:59,0.2189,0.2188,0.2186,0.2189,0.2189669221882576,0.2188,0.2186,0.2189669221882576,True,0.0003750743327410868,-4.631710082041922e-05,0,0.21824490824559448,0.2182993996883181,-2.180298677598877,-0.0,0.21922671074041877,0.21923136092567683,16.17389414747087,25.091364608659834,0,1
2023-06-29 11:48:00,2023-06-29 11:50:59,0.2189,0.2187,0.2187,0.2189,0.21888346109412882,0.2188,0.2187,0.2189,True,0.000362569023259581,-6.463420013464501e-05,0,0.2182721539669563,0.21832287126515698,-5.0586743967011145,-5.0586743967011145,0.21922246486240465,0.219226073752287,7.464978849292616,16.566083151522708,0,1
2023-06-29 11:51:00,2023-06-29 11:53:59,0.2186,0.2188,0.2186,0.2188,0.2188417305470644,0.2187,0.2186,0.2188417305470644,True,0.0003509569501696113,-6.891367280242243e-05,0,0.21829751261605662,0.21834393810685238,-4.823967854862765,-4.823967854862765,0.21921726620705734,0.21922183421246325,-3.552713678800501e-14,7.879624332254493,0,1
2023-06-29 11:54:00,2023-06-29 11:56:59,0.2189,0.2187,0.2187,0.2189,0.2187708652735322,0.2188,0.2187,0.2189,True,0.0003401743108717823,-7.752702412626211e-05,0,0.2183207253614545,0.2183636532490664,-6.38787548783025,-6.38787548783025,0.21921311430449955,0.21921664183223974,5.481141962834539,4.315373604042382,0,1
2023-06-29 11:57:00,2023-06-29 11:59:59,0.2187,0.2189,0.2187,0.219,0.2187854326367661,0.218825,0.2187,0.219,True,0.0003373047172380832,-6.785763547015702e-05,0,0.21834218930526045,0.21838234044851745,-3.196021452479478,-3.196021452479478,0.21920925247062392,0.21921349116724234,12.355935836875458,5.945692599903329,0,1
2023-06-29 12:00:00,2023-06-29 12:02:59,0.2189,0.2188,0.2185,0.219,0.21880521631838304,0.2188,0.2185,0.219,True,0.0003489258088639344,-6.726267215364818e-05,0,0.21836226487688895,0.2183999186007541,-3.080886795074285,-3.080886795074285,0.2192051803067371,0.2192093768272698,17.579321458803026,11.80546641950435,0,1
2023-06-29 12:03:00,2023-06-29 12:05:59,0.2189,0.2188,0.2188,0.219,0.2188026081591915,0.218875,0.2188,0.219,True,0.0003382882510879395,-6.559435578168204e-05,0,0.21838109173882153,0.21841701756726117,-3.004130356804154,-3.004130356804154,0.21920189493055067,0.21920530342600342,21.933271879043986,17.2895097249075,0,1
2023-06-29 12:06:00,2023-06-29 12:08:59,0.2188,0.2191,0.2188,0.2191,0.21883880407959574,0.21894999999999998,0.2188,0.2191,True,0.0003355533760102292,-4.2628466404791076e-05,0,0.21839905465304135,0.21843413653013885,2.844014790067156,0.0,0.21919938851333126,0.2192042556307198,29.474542977764994,22.99571210520401,0,2
2023-06-29 12:09:00,2023-06-29 12:11:59,0.2191,0.2192,0.2191,0.2197,0.21889440203979788,0.219275,0.2191,0.2197,True,0.00035444242058092827,-2.0568853895695902e-05,0,0.2184165955915901,0.21845338362763508,8.117593761463397,8.117593761463397,0.21920014086643244,0.2192042132861355,57.584490689170764,36.33076851532659,0,2
2023-06-29 12:12:00,2023-06-29 12:14:59,0.2193,0.2192,0.2192,0.2193,0.21908470101989894,0.21925,0.2192,0.2193,True,0.000336267961968004,-6.909169761665321e-06,0,0.21843498960961258,0.21847400263833874,11.63331307572755,11.63331307572755,0.2192006369772142,0.2192041713628904,78.95436577355645,55.33779981349741,0,2
2023-06-29 12:15:00,2023-06-29 12:17:59,0.2191,0.2191,0.219,0.2193,0.21916735050994945,0.21912500000000001,0.219,0.2193,True,0.00033367739325600333,-6.139450983502282e-06,0,0.21845449612397566,0.21849470266468457,10.693512718285412,10.693512718285412,0.21919988437047574,0.21920313483191636,85.16729155692954,73.9020493398856,0,1
2023-06-29 12:18:00,2023-06-29 12:20:59,0.2191,0.2186,0.2186,0.2191,0.21914617525497473,0.21885,0.2186,0.21914617525497473,True,0.0003455575794520031,-4.115659603608451e-05,0,0.21847459939433012,0.21851343765856793,0.9980682603433877,0.0,0.2191964029339536,0.21919713349030526,52.16670880163255,72.09612204403952,0,1
2023-06-29 12:21:00,2023-06-29 12:23:59,0.2185,0.2186,0.2184,0.2186,0.21899808762748735,0.218525,0.2184,0.21899808762748735,True,0.0003351606094911442,-6.33859369939668e-05,0,0.21849401852644904,0.21852826718096618,-5.465561378284626,-5.465561378284626,0.2191897223077451,0.21919119186353606,20.961741334171332,52.76524723091115,0,-2
2023-06-29 12:24:00,2023-06-29 12:26:59,0.2186,0.2185,0.2184,0.2187,0.2187615438137437,0.21855,0.2184,0.2187615438137437,True,0.00033264913738463353,-8.310317471128467e-05,0,0.21851114285370762,0.21854009167849095,-11.01326409102311,-11.01326409102311,0.21918335691164814,0.21918431433255559,1.4651724589106394,24.864540864904853,0,-2
2023-06-29 12:27:00,2023-06-29 12:29:59,0.2186,0.2186,0.2185,0.219,0.2186,0.21867499999999998,0.2185,0.219,True,0.00034460277042858834,-8.646103268135919e-05,0,0.21852561726609931,0.21855032680310485,-11.740031277850868,-11.740031277850868,0.2191782986339203,0.21917850025959484,7.927258291357596,10.118057361479869,0,-2
2023-06-29 12:30:00,2023-06-29 12:32:59,0.2186,0.2187,0.2185,0.2187,0.21863749999999998,0.218625,0.2185,0.2187,True,0.000334274001112261,-7.895012900770881e-05,0,0.2185379720346021,0.21855889732623585,-9.503137048509352,-9.503137048509352,0.2191727931748763,0.21917373906298196,12.732194253038367,7.374875001102214,0,-2
2023-06-29 12:33:00,2023-06-29 12:35:59,0.2186,0.2187,0.2186,0.2187,0.21863125,0.21865,0.2186,0.2187,True,0.0003175401438899579,-7.147770714812117e-05,0,0.21854843468041898,0.21856627002059636,-8.011874228948336,-8.011874228948336,0.21916759125273824,0.21916902524145976,17.6184191432105,12.759290562535499,-1,-2
2023-06-29 12:36:00,2023-06-29 12:38:59,0.2187,0.219,0.2187,0.219,0.218640625,0.21885,0.2187,0.219,True,0.0003162872764692462,-4.367753458217843e-05,0,0.2185573523505077,0.2185740212841111,-0.44719906645755003,-0.0,0.2191644311407707,0.21916734339826116,26.08873827395026,18.81311722339972,1,-1
2023-06-29 12:39:00,2023-06-29 12:41:59,0.219,0.219,0.2189,0.2191,0.2187453125,0.219,0.2189,0.2191,True,0.00030798104243572706,-2.4483138230537398e-05,0,0.2185656868173094,0.2185830465753921,4.595917708536305,0.0,0.21916279501001676,0.21916567828982075,42.725624321750274,28.81092724630369,0,-1
2023-06-29 12:42:00,2023-06-29 12:44:59,0.219,0.219,0.2189,0.219,0.21887265625000002,0.218975,0.2189,0.219,True,0.00029312525369031716,-1.167445639694328e-05,0,0.21857436669635075,0.21859284146801028,7.957995558532211,7.957995558532211,0.21916092640295193,0.21916402974962354,56.871419049343736,41.8952605483481,0,-1
2023-06-29 12:45:00,2023-06-29 12:47:59,0.2189,0.2192,0.2188,0.2192,0.218923828125,0.21902500000000003,0.2188,0.2192,True,0.0003007591641410096,1.016392789676213e-05,0,0.21858360408218053,0.21860351812296688,13.638263641096124,13.638263641096124,0.21915957390143,0.2191643876625626,63.918224455192245,54.50508927542876,0,2
2023-06-29 12:48:00,2023-06-29 12:50:59,0.2191,0.2194,0.2191,0.2195,0.2189744140625,0.219275,0.2191,0.2195,True,0.0003078477952737955,3.684319819576461e-05,0,0.21859356110257372,0.21861653100827258,19.588130801317718,19.588130801317718,0.21916072241982373,0.21916673206393014,74.52097230751629,65.10353860401743,0,2
2023-06-29 12:51:00,2023-06-29 12:53:59,0.2193,0.2192,0.2192,0.2194,0.21912470703125,0.219275,0.2192,0.2194,True,0.0003001443813256676,3.7965681109712054e-05,0,0.21860504605542316,0.21863129394192993,17.103826731174607,17.103826731174607,0.21916185951017375,0.21916706308816963,87.68986414220971,75.37635363497276,0,2
2023-06-29 12:54:00,2023-06-29 12:56:59,0.2191,0.2196,0.2191,0.2199,0.219199853515625,0.21942499999999998,0.2191,0.2199,True,0.00033584835408812154,6.359539379393664e-05,0,0.21861816999867656,0.21864836257105685,20.02987729717033,20.02987729717033,0.21916447782350534,0.2191713709181381,98.71123652847147,86.97402432606583,0,2
2023-06-29 12:57:00,2023-06-29 12:59:59,0.2196,0.2196,0.2196,0.2197,0.21931242675781248,0.219625,0.2196,0.2197,True,0.0003190020430818283,7.638665830906499e-05,0,0.2186332662848667,0.21866850159418727,21.980577674500807,21.980577674500807,0.21916906013371923,0.21917563588412678,99.99999999999996,95.46703355689372,0,2
2023-06-29 13:00:00,2023-06-29 13:02:59,0.2196,0.2197,0.2194,0.2197,0.21946871337890622,0.21960000000000002,0.2194,0.2197,True,0.00031764475429026876,8.703560134262788e-05,0,0.21865088393952697,0.218690748258407,24.21031342654132,24.21031342654132,0.2191733480925877,0.21918085343751856,98.72683592549151,99.14602415132099,0,2
2023-06-29 13:03:00,2023-06-29 13:05:59,0.2197,0.2199,0.2196,0.2199,0.21953435668945312,0.219775,0.2196,0.2199,True,0.0003163844146981083,0.00010253639606363514,0,0.218670816098967,0.21871570233360982,27.240897690891288,27.240897690891288,0.2191793346787311,0.21918800912470743,98.72683592549151,99.15122395032766,0,2
2023-06-29 13:06:00,2023-06-29 13:08:59,0.2199,0.2198,0.2197,0.2199,0.21965467834472657,0.219825,0.2197,0.2199,True,0.00030807124221967236,9.973927244554941e-05,0,0.2186932592162884,0.21874295981419925,26.060248101664868,26.060248101664868,0.21918575920929098,0.21919409858615313,98.72683592549151,98.72683592549151,0,2
2023-06-29 13:09:00,2023-06-29 13:11:59,0.2198,0.2198,0.2196,0.2198,0.21973983917236328,0.21975,0.2196,0.2198,True,0.0003003518677754105,9.193187285161045e-05,0,0.21871810951524384,0.21877132918698441,25.273148375513927,25.273148375513927,0.21919137354551693,0.21920012745594264,95.85589064917819,97.7698541667204,0,2
2023-06-29 13:12:00,2023-06-29 13:14:59,0.2198,0.2202,0.2198,0.2202,0.21974491958618164,0.21999999999999997,0.2198,0.2202,True,0.00030746959150573913,0.00010851419134671754,0,0.21874471935111414,0.21880209458211386,28.246844802190267,28.246844802190267,0.2191994195798899,0.21921007643648052,95.85589064917819,96.81287240794931,0,2
2023-06-29 13:15:00,2023-06-29 13:17:59,0.22,0.22,0.2199,0.2201,0.2198724597930908,0.22,0.2199,0.2201,True,0.0003069360492553288,9.880067378191586e-05,0,0.21877340696661401,0.21883453529915667,24.80789210869466,24.80789210869466,0.21920738555421934,0.21921793637243595,95.85589064917819,95.8558906491782,0,2
2023-06-29 13:18:00,2023-06-29 13:20:59,0.2199,0.22,0.2198,0.22,0.2199362298965454,0.21992499999999998,0.2198,0.22,True,0.0002992977600228057,8.607518883673219e-05,0,0.21880397113288536,0.21886755785134537,22.515256979697583,22.515256979697583,0.2192145259964659,0.2192257181000734,93.76140974413835,95.15773034749826,0,1
2023-06-29 13:21:00,2023-06-29 13:23:59,0.2199,0.2195,0.2195,0.22,0.2199306149482727,0.219725,0.2195,0.22,True,0.00031363363430689104,3.754747787444707e-05,0,0.21883576449211536,0.21889943970391695,11.699002847617706,0.0,0.21921960533978466,0.219228447273207,72.44322979062012,87.35351006131224,0,1
2023-06-29 13:24:00,2023-06-29 13:26:59,0.2195,0.2196,0.2193,0.2196,0.21982780747413636,0.2195,0.2193,0.21982780747413636,True,0.0003126598032849699,9.13288212983632e-06,0,0.21886760209801617,0.21892866099296446,6.278591703066731,0.0,0.21922239533640372,0.21923214431526464,39.109896457286794,68.4381786640151,0,1
2023-06-29 13:27:00,2023-06-29 13:29:59,0.2196,0.2196,0.2195,0.2197,0.21966390373706818,0.2196,0.2195,0.2197,True,0.00030461267447890107,-1.1874265244094038e-05,0,0.21889813154549032,0.2189562732188666,2.6649842733660876,0.0,0.21922615259673803,0.21923580457083414,16.495025323505185,42.682717190470704,0,1
2023-06-29 13:30:00,2023-06-29 13:32:59,0.2197,0.2192,0.2191,0.2197,0.21963195186853407,0.219425,0.2191,0.2197,True,0.00032571176915898077,-5.4558277315481846e-05,0,0.21892720238217844,0.21898122848269785,-4.90070924152311,-4.90070924152311,0.21922813117786502,0.21923544830644773,4.479871943690076,20.028264574827357,0,1
2023-06-29 13:33:00,2023-06-29 13:35:59,0.2192,0.2191,0.2191,0.2193,0.21952847593426705,0.219175,0.2191,0.21952847593426705,True,0.00031673235707619686,-8.868011764954977e-05,0,0.21895421543243812,0.21900220541609022,-10.870246153372442,-10.870246153372442,0.21922760250942855,0.21923410056210496,4.479871943690076,8.48492307029512,0,-2
2023-06-29 13:36:00,2023-06-29 13:38:59,0.2192,0.2194,0.2192,0.2194,0.21935173796713353,0.2193,0.2192,0.2194,True,0.000315537188713613,-8.816089555948529e-05,0,0.21897821042426416,0.2190207638908119,-8.778529846348292,-8.778529846348292,0.21922832288246907,0.21923575130278053,4.171492982657166,4.377078956679113,0,-2
2023-06-29 13:39:00,2023-06-29 13:41:59,0.2194,0.2195,0.2194,0.2195,0.21932586898356676,0.21945,0.2194,0.2195,True,0.00030014167523406845,-7.883882774195112e-05,0,0.218999487157538,0.21903832012466096,-5.728672822983761,-5.728672822983761,0.21923052862493206,0.21923838064305137,12.995724292082523,7.215696406143262,0,-2
2023-06-29 13:42:00,2023-06-29 13:44:59,0.2196,0.2194,0.2194,0.2196,0.2193879344917834,0.2195,0.2194,0.2196,True,0.00029298869843163343,-7.782956176797967e-05,0,0.21901890364109947,0.21905530988596125,-5.347828708245743,-5.347828708245743,0.21923320993214668,0.21923998879585682,23.31968984044288,13.495635705060863,0,-2
2023-06-29 13:45:00,2023-06-29 13:47:59,0.2194,0.2192,0.2189,0.2194,0.2194439672458917,0.219225,0.2189,0.2194439672458917,True,0.0003077752199722311,-8.897016482677285e-05,0,0.21903710676353033,0.21906985029915677,-7.98625293590181,-7.98625293590181,0.21923312824127955,0.2192395908973906,20.917219262179447,19.077544464901624,0,-2
2023-06-29 13:48:00,2023-06-29 13:50:59,0.2192,0.2192,0.219,0.2192,0.21933448362294586,0.21915,0.219,0.21933448362294586,True,0.000300076989974215,-9.360629668234846e-05,0,0.21905347853134352,0.21908184798090655,-9.74520242100585,-9.74520242100585,0.21923230109460015,0.21923919695811306,12.092987952754086,18.77663235179215,0,-2
2023-06-29 13:51:00,2023-06-29 13:53:59,0.2192,0.2193,0.2191,0.2194,0.21924224181147295,0.21925,0.2191,0.2194,True,0.0003000714906903441,-8.681896646579041e-05,0,0.219067663256125,0.21909244754179766,-8.367693953101409,-8.367693953101409,0.2192324772031116,0.21923980196350495,5.160873092461672,12.72369343579841,0,-2
2023-06-29 13:54:00,2023-06-29 13:56:59,0.2193,0.2188,0.2187,0.2193,0.21924612090573647,0.21902500000000003,0.2187,0.2193,True,0.00032149495564103307,-0.00011395186748826451,-1,0.2190800553989613,0.21910032988876477,-13.670760059296867,-13.670760059296867,0.21923041275332938,0.2192354258245646,3.391850688067892,6.8819039110945575,-1,-2
2023-06-29 13:57:00,2023-06-29 13:59:59,0.2188,0.2189,0.2187,0.2189,0.21913556045286825,0.218825,0.2187,0.21913556045286825,True,0.00031281674452381683,-0.00012046812349043726,0,0.21909019264386304,0.21910464666012472,-14.93658552238955,-14.93658552238955,0.21922637879558482,0.21923208825417093,3.391850688067892,3.981524822865826,0,-2
2023-06-29 14:00:00,2023-06-29 14:02:59,0.2189,0.2187,0.2185,0.2189,0.21898028022643412,0.21875,0.2185,0.21898028022643412,True,0.00031904411991497356,-0.00013373726669002492,0,0.21909741965199386,0.21910561203133178,-17.735916401297047,-17.735916401297047,0.21922163870806657,0.21922679384368166,-4.973799150320701e-14,2.2612337920452523,0,-2
2023-06-29 14:03:00,2023-06-29 14:05:59,0.2186,0.2189,0.2186,0.2189,0.21886514011321706,0.21875,0.2186,0.2189,True,0.00031768382563533416,-0.0001231296827475461,0,0.21910151584166282,0.21910393219815633,-15.253481325353569,-15.253481325353569,0.21921694578559825,0.21922354216364504,-4.973799150320701e-14,1.130616896022605,0,-2
2023-06-29 14:06:00,2023-06-29 14:08:59,0.2188,0.2186,0.2186,0.2188,0.21880757005660853,0.2187,0.2186,0.21880757005660853,True,0.0003164206952328119,-0.0001316460088906572,0,0.21910272401990957,0.21909983824923668,-16.809149366293774,-16.809149366293774,0.21921180204643806,0.2192173377640068,-4.973799150320701e-14,-4.204044519913926e-14,0,-2
2023-06-29 14:09:00,2023-06-29 14:11:59,0.2186,0.2188,0.2186,0.2188,0.21875378502830428,0.2187,0.2186,0.2188,True,0.00030810493128761144,-0.00011764351612120668,0,0.2191012811345731,0.2190938717388575,-14.058776385769782,-14.058776385769782,0.21920670948876206,0.21921318514943955,-4.973799150320701e-14,-4.204044519913926e-14,0,-1
2023-06-29 14:12:00,2023-06-29 14:14:59,0.2188,0.2186,0.2186,0.2188,0.21872689251415214,0.2187,0.2186,0.2188,True,0.00030038315048135387,-0.00011694710130388076,0,0.2190975764367153,0.21908647188427863,-14.479422553943657,-14.479422553943657,0.21920166760330173,0.219207083804669,-4.973799150320701e-14,-4.204044519913926e-14,0,-2
2023-06-29 14:15:00,2023-06-29 14:17:59,0.2187,0.2185,0.2184,0.2187,0.21871344625707606,0.21857500000000002,0.2184,0.21871344625707606,True,0.00030035578258982815,-0.00011783666391544348,0,0.21909202416049695,0.21907713668567003,-15.790742239287724,-15.790742239287724,0.21919543210476142,0.21920004814492106,-4.973799150320701e-14,-4.204044519913926e-14,0,-2
2023-06-29 14:18:00,2023-06-29 14:20:59,0.2184,0.2186,0.2182,0.2186,0.21864422312853804,0.21845,0.2182,0.21864422312853804,True,0.00030747322669055354,-0.00010580499783495487,0,0.21908458042308349,0.21906548419355334,-14.460452996902433,-14.460452996902433,0.21918801486988818,0.21919407751661338,-4.973799150320701e-14,-4.204044519913926e-14,0,-1
2023-06-29 14:21:00,2023-06-29 14:23:59,0.2186,0.2185,0.2185,0.2186,0.21854711156426904,0.21855,0.2185,0.2186,True,0.0002926537104983704,-9.950110197051189e-05,0,0.2190750323083184,0.2190527733347956,-14.897172584098534,-14.897172584098534,0.21918166646322262,0.219187171272667,6.460999085706759,2.1536663619022276,0,-2
2023-06-29 14:24:00,2023-06-29 14:26:59,0.2184,0.2185,0.2184,0.2185,0.2185485557821345,0.21845,0.2184,0.2185485557821345,True,0.0002788927311770574,-9.016382331398918e-05,0,0.219063902821557,0.2190386303202004,-15.188318975562602,-15.188318975562602,0.21917438619990698,0.21918033374756582,10.907648333797232,5.789549139834655,0,-1
2023-06-29 14:27:00,2023-06-29 14:29:59,0.2185,0.2183,0.2183,0.2185,0.21849927789106727,0.2184,0.2183,0.2185,True,0.0002732575360929823,-9.285167405187361e-05,0,0.2190512665708787,0.21902311374219013,-18.011147090347336,-18.011147090347336,0.21916668086458452,0.21917157420778904,13.260468012298682,10.209705143934231,0,-2
2023-06-29 14:30:00,2023-06-29 14:32:59,0.2182,0.2184,0.2181,0.2184,0.21844963894553365,0.218275,0.2181,0.21844963894553365,True,0.0002751677120863423,-8.247043690543426e-05,0,0.21903719015653442,0.21900576457533683,-16.91122955625754,-16.91122955625754,0.21915780841817073,0.21916389685248766,6.799468926591874,10.32252842422927,0,-1
2023-06-29 14:33:00,2023-06-29 14:35:59,0.2184,0.2185,0.2184,0.2185,0.21836231947276682,0.21845,0.2184,0.2185,True,0.0002626557326516028,-6.397108511804563e-05,0,0.21902147736593564,0.21898829231824074,-13.434209030130972,-13.434209030130972,0.21915076554833818,0.21915729091365693,22.311466036779507,14.123800991890029,0,-1
2023-06-29 14:36:00,2023-06-29 14:38:59,0.2184,0.2186,0.2184,0.2186,0.21840615973638342,0.2185,0.2184,0.2186,True,0.0002581803231764867,-4.0949264255128634e-05,0,0.2190048848420882,0.21897118608276894,-8.623056200650687,-8.623056200650687,0.21914429026925022,0.21915174573043647,53.29197969161138,27.467638218327597,0,-1
2023-06-29 14:39:00,2023-06-29 14:41:59,0.2187,0.2192,0.2187,0.2193,0.2184530798681917,0.21897500000000003,0.2187,0.2193,True,0.0002897388715210238,1.8315408762005286e-05,0,0.21898803546242857,0.218957744390809,2.556618933879953,0.0,0.21914260578895917,0.21915222587242217,86.62531302494472,54.07625291777854,0,-1
2023-06-29 14:42:00,2023-06-29 14:44:59,0.2192,0.2192,0.219,0.2192,0.21871403993409588,0.21915,0.219,0.2192,True,0.0002833289521266654,5.717857245070328e-05,0,0.21897288992661879,0.21894848073013518,10.009735690233718,10.009735690233718,0.21914267936319837,0.2191527012368757,99.99999999999994,79.97243090551869,0,-1
2023-06-29 14:45:00,2023-06-29 14:47:59,0.2191,0.219,0.219,0.2192,0.21893201996704795,0.21907500000000002,0.219,0.2192,True,0.0002773768841176183,6.729902059986502e-05,0,0.21896068532837698,0.21894205544167922,10.238476886951283,10.238476886951283,0.21914200593669889,0.21915118182158339,97.36128759005504,94.6622002049999,0,-1
2023-06-29 14:48:00,2023-06-29 14:50:59,0.219,0.2193,0.2189,0.2194,0.21900350998352397,0.21915,0.2189,0.2194,True,0.00029327853525207417,9.25578741394786e-05,1,0.2189513703850281,0.21893842348770323,13.727312475614617,13.727312475614617,0.2191420854796173,0.21915266259947808,96.76600998704494,98.04243252569997,0,-1
2023-06-29 14:51:00,2023-06-29 14:53:59,0.2193,0.2192,0.2192,0.2194,0.219076754991762,0.219275,0.2192,0.2194,True,0.0002866157827340693,9.889041288422472e-05,0,0.21894489693636565,0.21893787329760753,13.874410292964058,13.874410292964058,0.21914340801215842,0.21915313361838873,96.76600998704494,96.96443585471496,0,2
2023-06-29 14:54:00,2023-06-29 14:56:59,0.2192,0.2192,0.2191,0.2193,0.219175877495881,0.2192,0.2191,0.2193,True,0.0002804289411102076,9.939788079283466e-05,0,0.21894138511698658,0.21893923859701686,13.972475504530351,13.972475504530351,0.21914397111651507,0.21915359995054406,96.69743608749411,96.74315202052799,1,2
2023-06-29 14:57:00,2023-06-29 14:59:59,0.2191,0.2193,0.2191,0.2194,0.21918793874794051,0.219225,0.2191,0.2194,True,0.0002818268738880515,0.00010281133841672435,0,0.21894031185700172,0.21894227413396508,15.441038861149224,15.441038861149224,0.21914477737406218,0.21915505666745408,95.24143927029782,96.23496178161228,0,2
2023-06-29 15:00:00,2023-06-29 15:02:59,0.2192,0.2191,0.2191,0.2194,0.21920646937397026,0.2192,0.2191,0.2194,True,0.00028312495432462084,8.721106625149519e-05,0,0.2189412929954834,0.2189464323070755,11.40697789268421,11.40697789268421,0.21914532685292723,0.21915450883991722,92.20963932332711,94.71617156037301,0,1
2023-06-29 15:03:00,2023-06-29 15:05:59,0.2191,0.2194,0.219,0.2194,0.21920323468698513,0.219225,0.219,0.2194,True,0.00029147317187286305,9.416158497902537e-05,0,0.21894386265127946,0.21895161733662846,13.128872503495856,13.128872503495856,0.2191461196205598,0.2191569515380275,92.62630552679862,93.35912804014117,0,2
2023-06-29 15:06:00,2023-06-29 15:08:59,0.2194,0.2198,0.2194,0.2198,0.21921411734349255,0.21960000000000002,0.2194,0.2198,True,0.0002992250881676574,0.00012208322590008772,0,0.21894773999395398,0.21896014814146258,17.75480528765101,17.75480528765101,0.2191506358432408,0.21916335003018644,94.67757994700503,93.17117493237691,0,2
2023-06-29 15:09:00,2023-06-29 15:11:59,0.2198,0.22,0.2197,0.22,0.21940705867174629,0.219875,0.2197,0.22,True,0.0002992804390128243,0.00014839610933120774,0,0.2189539440677083,0.2189731413607645,22.047761461009443,22.047761461009443,0.21915784344679062,0.21917167490550798,97.70937989397574,95.00442178925978,0,2
2023-06-29 15:12:00,2023-06-29 15:14:59,0.2199,0.2209,0.2198,0.221,0.21964102933587315,0.2204,0.2198,0.221,True,0.00036361755051190874,0.0002202452076689691,0,0.2189635427142364,0.21899316078137604,27.879146021459363,27.879146021459363,0.21917020321348923,0.2191888721701298,99.99999999999996,97.46231994699356,0,2
2023-06-29 15:15:00,2023-06-29 15:17:59,0.2209,0.2201,0.2201,0.2211,0.2200205146679366,0.22055,0.2201,0.2211,True,0.00040907343976105817,0.00020137797244110475,0,0.21897835174780622,0.2190196037846954,21.942419093991248,21.942419093991248,0.21918393253474805,0.21919793811868574,99.99999999999996,99.23645996465854,0,2
2023-06-29 15:18:00,2023-06-29 15:20:59,0.2201,0.2201,0.2197,0.2202,0.2202852573339683,0.22002499999999997,0.2197,0.2202852573339683,True,0.00041556819406383976,0.0001792353133835985,0,0.21899897776625082,0.21904732063441204,17.984601142345838,17.984601142345838,0.21919230136524806,0.2192069138587983,79.33051996642878,93.11017332214288,0,1
2023-06-29 15:21:00,2023-06-29 15:23:59,0.2201,0.2201,0.2201,0.2204,0.22015512866698414,0.220175,0.2201,0.2204,True,0.0004073133230592814,0.00015567652367163434,0,0.21902314920033145,0.2190768793848105,15.346055841248898,15.346055841248898,0.21920207946111625,0.219215800288064,59.978742165888185,79.76975404410562,0,1
2023-06-29 15:24:00,2023-06-29 15:26:59,0.2202,0.2207,0.2202,0.2207,0.2201650643334921,0.22045,0.2202,0.2207,True,0.0004210766571264768,0.00017314859510946808,0,0.21905001429257098,0.21910957226455946,17.567133920190884,17.567133920190884,0.21921449658090614,0.21923056844440167,45.43817843019587,61.58248018750427,0,2
2023-06-29 15:27:00,2023-06-29 15:29:59,0.2207,0.2207,0.2206,0.2209,0.22030753216674603,0.220725,0.2206,0.2209,True,0.00041242832447458723,0.00017493836525043886,0,0.21907979327856522,0.21914639515091716,19.04785263948554,19.04785263948554,0.21922952646567323,0.2192451896539101,54.896330851899044,53.437750482661016,0,2
2023-06-29 15:30:00,2023-06-29 15:32:59,0.2207,0.2208,0.2206,0.221,0.22051626608337302,0.220775,0.2206,0.221,True,0.0004115405870121175,0.00017308021970537807,0,0.21911309421474118,0.21918656002953554,20.659753294826615,20.659753294826615,0.21924490431178592,0.21926066040362244,63.82012225061459,54.718210510903155,0,2
2023-06-29 15:33:00,2023-06-29 15:35:59,0.2208,0.2212,0.2208,0.2212,0.2206456330416865,0.22100000000000003,0.2208,0.2212,True,0.0004107162593683956,0.00018923586056215924,0,0.21914982712213835,0.21923062424766193,23.85180643372098,23.85180643372098,0.21926236795047463,0.21927995731502917,71.33994108893882,63.3521313971508,0,2
2023-06-29 15:36:00,2023-06-29 15:38:59,0.2211,0.2215,0.2211,0.2215,0.22082281652084326,0.2213,0.2211,0.2215,True,0.0004099508122706539,0.0002091465111021985,0,0.21919022568490013,0.2192795144348478,27.163013296648614,27.163013296648614,0.21928264289624105,0.21930204729199404,79.52081356564247,71.56029230173193,0,2
2023-06-29 15:39:00,2023-06-29 15:41:59,0.2215,0.2213,0.2213,0.2215,0.22106140826042164,0.22139999999999999,0.2213,0.2215,True,0.00039495432567989336,0.0001959637647991697,0,0.21923487005987397,0.21933255480908267,25.86194285285609,25.86194285285609,0.2193037111261292,0.21932192741844186,88.14711013300938,79.6692882625302,0,2
2023-06-29 15:42:00,2023-06-29 15:44:59,0.2212,0.2216,0.2212,0.2217,0.22123070413021081,0.22142499999999998,0.2212,0.2217,True,0.00040245758813132955,0.0001959427762245954,0,0.21928371243447833,0.2193886702679806,26.63840396294806,26.63840396294806,0.21932481847810803,0.21934459480731308,93.63145623767004,87.09979331210728,0,2
2023-06-29 15:45:00,2023-06-29 15:47:59,0.2215,0.2217,0.2214,0.2218,0.2213278520651054,0.22160000000000002,0.2214,0.2218,True,0.0004022820461219477,0.0001903980169888625,0,0.21933619135122945,0.21944802243704098,27.65547340920031,27.65547340920031,0.21934745710021641,0.21936803167490201,96.66191137283441,92.81349258117126,0,2
2023-06-29 15:48:00,2023-06-29 15:50:59,0.2218,0.2214,0.2213,0.2219,0.22146392603255272,0.22160000000000002,0.2213,0.2219,True,0.00041640475711323636,0.00015379149396568218,0,0.2193921068941352,0.21950951567177607,23.066452795862446,23.066452795862446,0.2193698704624033,0.2193882502652015,98.46360120729254,96.25232293926564,0,1
2023-06-29 15:51:00,2023-06-29 15:53:59,0.2214,0.2213,0.2212,0.2217,0.22153196301627637,0.22139999999999999,0.2212,0.2217,True,0.0004223758458908624,0.00011220934552100346,0,0.21945081128295565,0.21957090046089495,18.442151987965275,18.442151987965275,0.21939007075630973,0.21940727265062238,86.16518584673257,93.76356614228649,0,1
2023-06-29 15:54:00,2023-06-29 15:56:59,0.2214,0.2216,0.2213,0.2217,0.22146598150813818,0.2215,0.2213,0.2217,True,0.0004207775711843731,9.652262902701888e-05,0,0.21951085587192531,0.2196324648114301,18.204896753173713,18.204896753173713,0.21941106507714248,0.21942909083320325,74.64513222087761,86.42463975830088,0,1
2023-06-29 15:57:00,2023-06-29 15:59:59,0.2216,0.2211,0.2211,0.2216,0.22148299075406908,0.22135,0.2211,0.2216,True,0.000426436316099775,4.3267672740437404e-05,0,0.21957166034167772,0.2196927189754951,11.386947966511933,11.386947966511933,0.21943035796194701,0.21944571679506192,53.14023487131609,71.31685097964207,0,1
2023-06-29 16:00:00,2023-06-29 16:02:59,0.2212,0.2211,0.2207,0.2213,0.22141649537703453,0.22107500000000002,0.2207,0.22141649537703453,True,0.00043883372209264747,2.329811420813269e-06,0,0.2196321896585864,0.2197496414204417,6.841648775404082,0.0,0.21944672255934058,0.2194621773244643,33.64171569125018,53.80902759448128,0,1
2023-06-29 16:03:00,2023-06-29 16:05:59,0.2211,0.2206,0.2205,0.2211,0.2212457476885173,0.220825,0.2205,0.2212457476885173,True,0.00045034559908602905,-6.309616258160075e-05,0,0.21969091553951406,0.21980183496512218,-0.9339751672933403,-0.0,0.21946043676273022,0.21947349894312634,11.828435983771792,32.87012884877934,0,1
2023-06-29 16:06:00,2023-06-29 16:08:59,0.2207,0.2211,0.2207,0.2212,0.22103537384425864,0.22092499999999998,0.2207,0.2212,True,0.00046103519915131387,-7.27425156447979e-05,0,0.21974637525231813,0.2198506334164907,-0.27823672625716966,-0.0,0.21947500953126026,0.21948968303324448,2.4763686585251437,15.982173444515693,0,1
2023-06-29 16:09:00,2023-06-29 16:11:59,0.2212,0.2213,0.2212,0.2217,0.2209801869221293,0.22135,0.2212,0.2217,True,0.0004709612563547927,-6.634519994588829e-05,0,0.21979850433440443,0.21989934002971914,1.991531314355008,0.0,0.21949366615283974,0.2195076961373913,14.064456823782415,9.456420488693105,0,1
2023-06-29 16:12:00,2023-06-29 16:14:59,0.2213,0.2216,0.2213,0.2216,0.22116509346106467,0.22144999999999998,0.2213,0.2216,True,0.00045874973804373566,-4.2896926127733155e-05,0,0.2198489221820618,0.21994832626531605,5.940725454040624,0.0,0.2195131321612692,0.21952851508129784,27.513947544513645,14.684924342273723,0,2
2023-06-29 16:15:00,2023-06-29 16:17:59,0.2216,0.2213,0.2213,0.2216,0.22130754673053232,0.22144999999999998,0.2213,0.2216,True,0.0004474104710406113,-5.055028690329681e-05,0,0.21989862422368894,0.21999719655189873,5.001149342494152,0.0,0.21953240447807248,0.21954614179690682,38.48706960671973,26.68849132500525,0,1
2023-06-29 16:18:00,2023-06-29 16:20:59,0.2214,0.2215,0.2214,0.2218,0.22137877336526615,0.221525,0.2214,0.2218,True,0.00045116686596628194,-4.3599940888478525e-05,0,0.21994791038779385,0.2200461548286292,6.224887437200508,0.0,0.2195522312991862,0.21956558317206198,41.85285923403638,35.95129212842323,0,1
2023-06-29 16:21:00,2023-06-29 16:23:59,0.2215,0.2218,0.2214,0.2218,0.22145188668263308,0.22162500000000002,0.2214,0.2218,True,0.0004475120898258321,-2.059158129898587e-05,0,0.21999703260821155,0.2200955325811245,9.460852695813713,0.0,0.21957285586337338,0.21958781617532505,45.351816703364456,41.89724851470684,0,2
2023-06-29 16:24:00,2023-06-29 16:26:59,0.2218,0.2209,0.2209,0.2218,0.22153844334131656,0.22135,0.2209,0.2218,True,0.0004798326548382716,-7.048634812884327e-05,0,0.22004628259466805,0.22014301501349304,3.1035500454512146,0.0,0.21959053888960847,0.21960087273079446,38.1083634142109,41.7710131172039,0,1
2023-06-29 16:27:00,2023-06-29 16:29:59,0.221,0.2212,0.2208,0.2212,0.22144422167065828,0.22105000000000002,0.2208,0.22144422167065828,True,0.0004741303223498244,-8.287425067479422e-05,0,0.22009464880408056,0.22018662114797533,1.5314700481400223,0.0,0.2196050608907069,0.2196167844449159,23.15448562163698,35.538221913070764,0,1
2023-06-29 16:30:00,2023-06-29 16:32:59,0.2212,0.221,0.221,0.2212,0.22124711083532916,0.22110000000000002,0.221,0.22124711083532916,True,0.00045454958503912305,-0.00010460703513568196,0,0.22014063497602795,0.2202272193145885,-1.0800670485998651,-0.0,0.21961993590671974,0.21963054778377245,7.7312590076239305,22.998036014490584,0,1
2023-06-29 16:33:00,2023-06-29 16:35:59,0.2209,0.2206,0.2203,0.2209,0.2211735554176646,0.22067499999999998,0.2203,0.2211735554176646,True,0.000472081757536329,-0.000144949312870815,0,0.22018392714530824,0.22026225478837425,-5.570158062850837,-5.570158062850837,0.21963043405690164,0.21964019407448118,1.5252215760462562,10.803655401769037,0,-2
2023-06-29 16:36:00,2023-06-29 16:38:59,0.2206,0.2206,0.2205,0.2206,0.22092427770883227,0.220575,0.2205,0.22092427770883227,True,0.00044550448914087613,-0.00016784668837907844,0,0.22022309096684126,0.22029198422802118,-8.563552072351484,-8.563552072351484,0.2196398327230021,0.21964974438219778,1.5252215760462562,3.593900719905463,0,-2
2023-06-29 16:39:00,2023-06-29 16:41:59,0.2206,0.2206,0.2205,0.2207,0.22074963885441612,0.2206,0.2205,0.22074963885441612,True,0.00042796845420224253,-0.00017816331972944334,0,0.22025753759743122,0.2203175037406899,-10.559148078685254,-10.559148078685254,0.21964938662625583,0.21965919966197692,0.8009477950125438,1.283796982368334,0,-2
2023-06-29 16:42:00,2023-06-29 16:44:59,0.2206,0.2206,0.2205,0.2206,0.22067481942720807,0.220575,0.2205,0.22067481942720807,True,0.0004045421360449387,-0.0001795920402742655,0,0.22028752066906057,0.22033936213065933,-11.889545416241099,-11.889545416241099,0.21965859670957666,0.21966856085937017,0.9410851960523309,1.0890848557036923,0,-2
2023-06-29 16:45:00,2023-06-29 16:47:59,0.2206,0.2204,0.2201,0.2206,0.22062490971360404,0.220425,0.2201,0.22062490971360404,True,0.00041136055489887164,-0.0001886313819876831,0,0.22031344139985995,0.2203571589616599,-14.710342649770766,-14.710342649770766,0.21966622261296395,0.21967583886076947,0.9410851960523309,0.8943727290390505,0,-2
2023-06-29 16:48:00,2023-06-29 16:50:59,0.2204,0.2207,0.2204,0.2207,0.220524954856802,0.22055000000000002,0.2204,0.2207,True,0.0004034062295489518,-0.00016759169138053955,0,0.22033530018075992,0.22037249362646713,-11.254665192272213,-11.254665192272213,0.2196750164178101,0.21968602951887126,4.235896682163354,2.039355691422654,-1,-1
2023-06-29 16:51:00,2023-06-29 16:53:59,0.2207,0.2202,0.22,0.2207,0.22053747742840102,0.2204,0.22,0.2207,True,0.00042459149886688426,-0.0001826331485307156,0,0.22035389690361354,0.22038475543888678,-13.710781793970938,-13.710781793970938,0.21968223018479704,0.21969114365301184,4.558863797915889,3.2452818920438395,0,-2
2023-06-29 16:54:00,2023-06-29 16:56:59,0.2202,0.2205,0.2202,0.2206,0.22046873871420053,0.22037500000000002,0.2202,0.2206,True,0.0004228349632335342,-0.00016517152207559004,0,0.22036932617125016,0.22039434231735172,-11.143902224999387,-11.143902224999387,0.21968912341678912,0.21969919197487242,4.558863797915889,4.451208092665025,0,-2
2023-06-29 16:57:00,2023-06-29 16:59:59,0.2206,0.2207,0.2205,0.2207,0.2204218693571003,0.22062500000000002,0.2205,0.2207,True,0.00040691818014542504,-0.0001340671235351367,0,0.22038183424430094,0.22040347269118707,-7.039326752716271,-7.039326752716271,0.2196984356215972,0.21970915026367965,8.753146278288177,5.956957958039967,0,-1
2023-06-29 17:00:00,2023-06-29 17:02:59,0.2207,0.2201,0.2201,0.2207,0.22052343467855015,0.22039999999999998,0.2201,0.2207,True,0.0004207097387064674,-0.0001501770369792334,0,0.220392653467744,0.2204106372723632,-9.688819375912182,-9.688819375912182,0.2197054163616808,0.21971303931578234,10.853615308765553,8.055208461656521,0,-2
2023-06-29 17:03:00,2023-06-29 17:05:59,0.2201,0.2203,0.2201,0.2204,0.22046171733927505,0.220225,0.2201,0.22046171733927505,True,0.0004120876145131499,-0.00014098681636485745,0,0.2204016453700536,0.2204150043284016,-9.025865750616887,-9.025865750616887,0.21971058634813176,0.21971887972060042,10.853615308765553,10.153458965273076,0,-2
2023-06-29 17:06:00,2023-06-29 17:08:59,0.2204,0.2206,0.2204,0.2208,0.22034335866963753,0.22055,0.2204,0.2208,True,0.0004183670706193535,-0.00010876458132332615,0,0.22040832484922762,0.22041936875620266,-5.353603411482183,-5.353603411482183,0.2197189387227772,0.2197276470865646,21.174719792184895,14.293983469905315,0,-1
2023-06-29 17:09:00,2023-06-29 17:11:59,0.2207,0.2212,0.2207,0.2212,0.22044667933481876,0.22095000000000004,0.2207,0.2212,True,0.00043134085128940095,-4.234915308862147e-05,0,0.22041384680271514,0.22042644559554378,1.6920151709442166,0.0,0.21973118808871972,0.21974229736431022,51.944479578248526,27.99093822639964,0,-1
2023-06-29 17:12:00,2023-06-29 17:14:59,0.2211,0.2209,0.2207,0.2213,0.2206983396674094,0.22100000000000003,0.2207,0.2213,True,0.0004433879333401573,-1.84538401500228e-05,0,0.22042014619912947,0.22043595243409508,3.165099130506256,0.0,0.2197438130828618,0.21975381679352107,85.27781291158186,52.79900409400508,0,-1
2023-06-29 17:15:00,2023-06-29 17:17:59,0.2209,0.2205,0.2204,0.2209,0.22084916983370473,0.220675,0.2204,0.2209,True,0.0004474316523872889,-2.9948948310067427e-05,0,0.22042804931661228,0.220445077355465,0.5851379205980436,0.0,0.21975307862432586,0.21976124150204326,86.50109388279094,74.57446212420709,0,-2
2023-06-29 17:18:00,2023-06-29 17:20:59,0.2205,0.2211,0.2205,0.2217,0.22076208491685237,0.22095,0.2205,0.2217,True,0.0005011865343596259,4.811384619921292e-06,0,0.22043656333603864,0.22045572577654035,3.5092408910249873,0.0,0.21976498828975546,0.21977456248212243,82.93873918909749,84.90588199449007,0,-1
2023-06-29 17:21:00,2023-06-29 17:23:59,0.2211,0.2213,0.221,0.2215,0.2208560424584262,0.221225,0.221,0.2215,True,0.000501101781905367,4.048018143801422e-05,0,0.2204461445562895,0.220469387392608,6.713867745750299,0.0,0.2197795157694594,0.21978974096488738,82.93873918909749,84.12619075366194,1,-1
2023-06-29 17:24:00,2023-06-29 17:26:59,0.2214,0.2217,0.2214,0.222,0.22104052122921308,0.22162500000000002,0.2214,0.222,True,0.0005153087974835554,8.878306740836111e-05,0,0.22045776597444874,0.22048807201045467,11.086450612021515,0.0,0.21979787879662896,0.21980874851747556,96.43764530630654,87.43837456150048,0,2
2023-06-29 17:27:00,2023-06-29 17:29:59,0.2216,0.2217,0.2212,0.2217,0.22133276061460655,0.22155000000000002,0.2212,0.2217,True,0.0005142153119490158,0.00011551205439534668,0,0.2204729189924517,0.22051006849681798,14.001505856202328,14.001505856202328,0.21981531283845354,0.21982756694018724,97.77219052200734,92.3828583391371,0,2
2023-06-29 17:30:00,2023-06-29 17:32:59,0.2217,0.2209,0.2209,0.2217,0.2214413803073033,0.2213,0.2209,0.2217,True,0.0005346285039526572,7.204704433102439e-05,0,0.22049149374463484,0.22053280625540028,7.942247974858859,0.0,0.2198300858450361,0.21983823791590676,88.42609264822357,94.2119761588458,0,1
2023-06-29 17:33:00,2023-06-29 17:35:59,0.2209,0.2214,0.2209,0.2214,0.22137069015365163,0.22115,0.2209,0.2214,True,0.0005321550393846102,7.41761859403173e-05,0,0.22051215000001756,0.22055494245808926,7.604627234034119,0.0,0.21984321931921486,0.21985377783714152,75.09710283161401,87.09846200061496,0,2
2023-06-29 17:36:00,2023-06-29 17:38:59,0.2213,0.2215,0.2212,0.2215,0.22126034507682582,0.221375,0.2212,0.2215,True,0.0005155725365714234,7.813807282729671e-05,0,0.2205335462290534,0.220577996912981,8.052753845188874,0.0,0.21985846091802863,0.21987015815716995,68.71815857377352,77.413784684537,0,2
2023-06-29 17:39:00,2023-06-29 17:41:59,0.2215,0.2217,0.2214,0.2218,0.2213176725384129,0.22160000000000002,0.2214,0.2218,True,0.0005073173553877491,8.983657549829654e-05,0,0.22055577157101722,0.2206031598754911,9.73566903373392,0.0,0.21987578966511293,0.21988836553869065,73.779875501962,72.53171230244982,0,2
2023-06-29 17:42:00,2023-06-29 17:44:59,0.2217,0.2216,0.2215,0.2218,0.22145883626920645,0.22165,0.2215,0.2218,True,0.0004925089728600524,8.529369768201973e-05,0,0.22057946572325415,0.2206301532893679,9.654059351203223,0.0,0.2198934434992909,0.2199053967273604,83.76097544426663,75.41966984000071,0,2
2023-06-29 17:45:00,2023-06-29 17:47:59,0.2216,0.2217,0.2214,0.2218,0.22155441813460325,0.22162500000000002,0.2214,0.2218,True,0.0004859011890843332,8.402926683602466e-05,0,0.22060480950631103,0.22065823110036614,10.467251732486112,10.467251732486112,0.21991067291720842,0.2199232534763419,86.21338972364686,81.25141355662515,0,2
2023-06-29 17:48:00,2023-06-29 17:50:59,0.2217,0.2215,0.2213,0.2217,0.22158970906730163,0.22155000000000002,0.2213,0.2217,True,0.0004797653898640245,6.423260347031539e-05,0,0.2206315203033386,0.22068645544144114,8.244087078769411,0.0,0.219926984629475,0.2199389424964778,79.397172438493,83.12384586880215,0,1
2023-06-29 17:51:00,2023-06-29 17:53:59,0.2214,0.2217,0.2214,0.2218,0.22156985453365083,0.22157500000000002,0.2214,0.2218,True,0.00047406786201659303,6.066681612299158e-05,0,0.22065898787238988,0.2207147730242673,8.889917141241632,0.0,0.21994338279236578,0.21995646545671185,72.61898199041114,79.40984805085031,0,2
2023-06-29 17:54:00,2023-06-29 17:56:59,0.2217,0.2214,0.2214,0.222,0.2215724272668254,0.22162500000000002,0.2214,0.222,True,0.0004830630147296928,3.337012141113756e-05,0,0.22068688044832863,0.22074331278142023,5.324967994952267,0.0,0.21996011530189447,0.21997082898450576,70.6760778634558,74.2307440974533,0,1
2023-06-29 17:57:00,2023-06-29 17:59:59,0.2214,0.2216,0.2214,0.2217,0.22159871363341271,0.221525,0.2214,0.2217,True,0.0004699870851061429,2.618746697160689e-05,0,0.22071509661487443,0.22077114553855146,5.321669394743459,0.0,0.21997568629391542,0.21998703964137636,60.316270151957326,67.87044333527474,0,1
2023-06-29 18:00:00,2023-06-29 18:02:59,0.2216,0.2209,0.2208,0.2217,0.22156185681670637,0.22125,0.2208,0.2217,True,0.0005007022933128478,-2.9425398932473343e-05,0,0.22074312107671296,0.22079634391482766,-1.4286385994113147,-0.0,0.21998836603228442,0.21999612382404923,37.10901714101079,56.03378838547462,0,-2
2023-06-29 18:03:00,2023-06-29 18:05:59,0.221,0.2205,0.2205,0.2212,0.2214059284083532,0.2208,0.2205,0.2214059284083532,True,0.0005149378437905019,-9.32335048833526e-05,0,0.2207697324957703,0.22081620785831216,-8.274064328199039,-8.274064328199039,0.21999644199216217,0.22000113751734227,11.87292739108572,36.43273822801793,0,-2
2023-06-29 18:06:00,2023-06-29 18:08:59,0.2206,0.2206,0.2205,0.2208,0.22110296420417658,0.220625,0.2205,0.22110296420417658,True,0.0004995851406626085,-0.000125037298409778,0,0.22079297017704125,0.22083053499146163,-11.475924877822862,-11.475924877822862,0.22000269630069788,0.2200070963480155,-4.736951571734001e-15,16.327314844032152,0,-2
2023-06-29 18:09:00,2023-06-29 18:11:59,0.2207,0.2212,0.2206,0.2213,0.2208639821020883,0.22094999999999998,0.2206,0.2213,True,0.0005139004877581369,-0.00010023154199253521,0,0.22081175258425145,0.22084263450115246,-7.04565838846441,-7.04565838846441,0.2200121222081536,0.22001896603609494,10.757411886285643,7.543446425790438,0,-1
2023-06-29 18:12:00,2023-06-29 18:14:59,0.2213,0.2217,0.2213,0.2217,0.22090699105104414,0.2215,0.2213,0.2217,True,0.0005129075957754129,-4.663320595376806e-05,0,0.22082719354270197,0.22085667075663012,-0.4800359671646248,-0.0,0.22002692696230133,0.22003569274220344,35.629120920879735,15.462177602388444,0,-1
2023-06-29 18:15:00,2023-06-29 18:17:59,0.2216,0.2219,0.2214,0.222,0.22120349552552207,0.221725,0.2214,0.222,True,0.0005191284817914541,2.6786655871002363e-06,0,0.22084193214966608,0.22087367926132606,5.1100069355638595,5.1100069355638595,0.22004382321143268,0.22005424306317653,65.21861032198117,37.20171437638217,0,-1
2023-06-29 18:18:00,2023-06-29 18:20:59,0.2219,0.2223,0.2218,0.2225,0.22146424776276102,0.222125,0.2218,0.2225,True,0.0005320478759492078,6.071511659876003e-05,0,0.2208578057054961,0.22089565556768992,10.966230235492155,10.966230235492155,0.22006453143818458,0.22007658890334392,87.79453176902886,62.88075433729657,0,2
2023-06-29 18:21:00,2023-06-29 18:23:59,0.2223,0.2223,0.2222,0.2226,0.2217946238813805,0.22235000000000002,0.2222,0.2226,True,0.0005226158848099775,9.425885895900554e-05,0,0.22087673063659302,0.22092293601769036,14.870379102111016,14.870379102111016,0.22008727241889917,0.22009871239684298,96.25615606776809,83.08976605292604,0,2
2023-06-29 18:24:00,2023-06-29 18:26:59,0.2224,0.2224,0.2223,0.2228,0.22207231194069027,0.222475,0.2223,0.2228,True,0.0005210004644664077,0.00011716452066648319,0,0.2208998333271417,0.22095506291731204,18.05480194845964,18.05480194845964,0.2201110309022932,0.220121610780954,100.0,94.68356261226563,0,2
2023-06-29 18:27:00,2023-06-29 18:29:59,0.2224,0.2228,0.2223,0.2229,0.22227365597034515,0.2226,0.2223,0.2229,True,0.0005266432884330921,0.00015254405967011066,0,0.22092744812222687,0.22099164266903948,22.178131916214127,22.178131916214127,0.22013579676396192,0.22014826141994948,100.0,98.75205202258934,0,2
2023-06-29 18:30:00,2023-06-29 18:32:59,0.2228,0.2228,0.2225,0.223,0.22243682798517256,0.222775,0.2225,0.223,True,0.000524740196402157,0.0001667222501464037,0,0.22095954539563317,0.2210326778926531,24.92701856138379,24.92701856138379,0.22016205749267873,0.22017464687845745,100.0,99.99999999999999,0,2
2023-06-29 18:33:00,2023-06-29 18:35:59,0.2228,0.2232,0.2228,0.2233,0.22260591399258628,0.22302500000000003,0.2228,0.2233,True,0.0005229730395162887,0.00019371291979805507,0,0.22099611164414315,0.2210786546612089,28.40749528992133,28.40749528992133,0.22019054448280131,0.2202047498945922,100.0,99.99999999999999,0,2
2023-06-29 18:36:00,2023-06-29 18:38:59,0.2232,0.223,0.223,0.2232,0.22281545699629315,0.22310000000000002,0.223,0.2232,True,0.0004999035366936971,0.0001863163003366302,0,0.22103738315267604,0.22112872107308246,26.983304981699476,26.983304981699476,0.2202194942889426,0.22023256332847688,100.0,99.99999999999999,0,2
2023-06-29 18:39:00,2023-06-29 18:41:59,0.223,0.2231,0.2227,0.2231,0.2229577284981466,0.222975,0.2227,0.2231,True,0.0004927675697870032,0.00017728657760346996,0,0.22108305211287926,0.22118080614813843,26.66474367883646,26.66474367883646,0.22024691225621681,0.22026109503665123,96.86732984661349,98.9557766155378,0,2
2023-06-29 18:42:00,2023-06-29 18:44:59,0.223,0.223,0.223,0.2232,0.2229663642490733,0.22305000000000003,0.223,0.2232,True,0.0004718556005165034,0.00015360268654698796,0,0.22113192913050886,0.22123463775166868,24.406653894496856,24.406653894496856,0.22027480367655297,0.22028834782235618,94.50150086125335,97.12294356928892,0,1
2023-06-29 18:45:00,2023-06-29 18:47:59,0.223,0.2228,0.2228,0.2232,0.22300818212453666,0.22294999999999998,0.2228,0.2232,True,0.0004667230576224683,0.00011439986269290382,0,0.22118328344108878,0.22128878896095464,19.120358570697988,19.120358570697988,0.220301422545443,0.22031333938631284,89.5117906222634,93.62687377671006,0,1
2023-06-29 18:48:00,2023-06-29 18:50:59,0.2228,0.2226,0.2223,0.2228,0.22297909106226832,0.222625,0.2223,0.22297909106226832,True,0.0004690999820780063,6.673692521506024e-05,0,0.22123603620102172,0.22134059041759005,12.41495715198132,12.41495715198132,0.22032454271912016,0.22033609222824008,76.5073943515814,86.84022861169937,0,1
2023-06-29 18:51:00,2023-06-29 18:53:59,0.2226,0.2228,0.2226,0.2231,0.22280204553113414,0.222775,0.2226,0.2231,True,0.0004713071262152916,4.30638471011365e-05,0,0.2212883133093059,0.22139121564387698,10.725740522523644,10.725740522523644,0.2203489253786314,0.22036060872348148,58.1760675789478,74.73175085093085,0,1
2023-06-29 18:54:00,2023-06-29 18:56:59,0.2229,0.223,0.2228,0.2231,0.22278852276556707,0.22294999999999998,0.2228,0.2231,True,0.000459070902914199,3.589351202256774e-05,0,0.22133976447659146,0.2214417681589545,11.93279897415563,11.93279897415563,0.22037480671814752,0.22038687132324783,43.40108177645663,59.361514568995254,0,1
2023-06-29 18:57:00,2023-06-29 18:59:59,0.223,0.223,0.2228,0.223,0.2228692613827835,0.22295,0.2228,0.223,True,0.00044056583842032803,2.5941751547483237e-05,0,0.221390766317773,0.22149191658397124,12.737504608576955,12.737504608576955,0.22040043053189728,0.22041287260361353,37.601812075985485,46.39298714379661,0,1
2023-06-29 19:00:00,2023-06-29 19:02:59,0.223,0.2228,0.2224,0.2231,0.22290963069139175,0.22282499999999997,0.2224,0.2231,True,0.00045909684996173363,8.818885491349796e-07,0,0.22144134145087213,0.22154054516158156,9.174130168143257,0.0,0.22042455560123164,0.22043662511502035,28.038506335698717,36.34713339604692,0,1
2023-06-29 19:03:00,2023-06-29 19:05:59,0.2227,0.2228,0.2223,0.223,0.22286731534569587,0.22269999999999998,0.2223,0.223,True,0.0004763042178216103,-1.910784262113257e-05,0,0.22149094330622685,0.22158678587595002,6.798547207854128,0.0,0.22044719683903033,0.2204601412830301,14.469869043846503,26.703395818510206,0,1
2023-06-29 19:06:00,2023-06-29 19:08:59,0.2228,0.2229,0.2227,0.2229,0.2227836576728479,0.222825,0.2227,0.2229,True,0.00045656820226292225,-2.803374088738086e-05,0,0.22153886459108843,0.22163168698125243,7.148510805219743,0.0,0.2204708565719753,0.22048441848419398,7.814970520569503,16.774448633371545,0,1
2023-06-29 19:09:00,2023-06-29 19:11:59,0.2229,0.2229,0.2227,0.223,0.22280432883642395,0.222875,0.2227,0.223,True,0.0004453847592441417,-3.621715136065519e-05,0,0.22158527578617043,0.2216755683867564,7.381819870130151,0.0,0.22049477839712978,0.22050845412116718,11.373533589454482,11.2194577179568,0,1
2023-06-29 19:12:00,2023-06-29 19:14:59,0.2229,0.2229,0.2226,0.223,0.22283966441821196,0.22285,0.2226,0.223,True,0.0004421429907267038,-4.3493972274058815e-05,0,0.2216304220864634,0.22171817437574318,7.53735924673709,0.0,0.22051821343795436,0.22053225059757348,16.410207467144218,11.866237192389372,0,1
2023-06-29 19:15:00,2023-06-29 19:17:59,0.223,0.2231,0.223,0.2233,0.22284483220910598,0.22310000000000002,0.223,0.2233,True,0.00043913277710336864,-3.6072644594698205e-05,0,0.2216742982311033,0.22176119916380826,11.78350442586958,11.78350442586958,0.22054390285648218,0.22055780034287126,26.2537625129368,18.01250118984514,0,2
2023-06-29 19:18:00,2023-06-29 19:20:59,0.2231,0.2237,0.223,0.2237,0.22297241610455298,0.223375,0.223,0.2237,True,0.00045776615016741417,8.005749168202682e-06,0,0.22171774869745578,0.22180614527198433,19.715795409800165,19.715795409800165,0.2205720729773132,0.2205890660111014,47.52427160695894,30.062747195679957,0,2
2023-06-29 19:21:00,2023-06-29 19:23:59,0.2237,0.2233,0.2233,0.2237,0.2231737080522765,0.2235,0.2233,0.2237,True,0.0004536399965840283,5.220529202818727e-06,0,0.22176194698472007,0.22185315330382804,16.681610628974653,16.681610628974653,0.220601206579529,0.22061604047865263,74.66920375220593,49.48241262403386,0,1
2023-06-29 19:24:00,2023-06-29 19:26:59,0.2233,0.2236,0.223,0.2236,0.22333685402613823,0.223375,0.223,0.2236,True,0.00046409428254231124,2.0253075741004205e-05,0,0.22180755014427406,0.221900604544653,17.389132568921468,17.389132568921468,0.22062880651406105,0.22064573161816853,82.79920019791355,68.33089185235944,0,2
2023-06-29 19:27:00,2023-06-29 19:29:59,0.2236,0.2237,0.2235,0.2237,0.2233559270130691,0.22362500000000002,0.2235,0.2237,True,0.00044523040521786086,3.2383071144311665e-05,0,0.22185407734446352,0.2219497944269172,18.659389295390895,18.659389295390895,0.2206586193845679,0.220676122348336,86.93684559733673,81.46841651581872,0,2
2023-06-29 19:30:00,2023-06-29 19:32:59,0.2237,0.2233,0.2232,0.2238,0.22349046350653456,0.2235,0.2232,0.2238,True,0.0004562853762737272,7.753281740831503e-06,0,0.22190193588569038,0.22199915802597656,13.113937922281387,13.113937922281387,0.22068689182850254,0.22070223058367594,76.48559529683257,82.0738803640276,0,1
2023-06-29 19:33:00,2023-06-29 19:35:59,0.2233,0.2233,0.223,0.2233,0.2234952317532673,0.223225,0.223,0.2234952317532673,True,0.0004451221351113177,-1.2121093551015053e-05,0,0.2219505469558335,0.22204643291425158,9.416970340208387,0.0,0.22071214663617914,0.22072807903557967,55.07712738133182,72.83318942516702,0,1
2023-06-29 19:36:00,2023-06-29 19:38:59,0.2233,0.223,0.2227,0.2233,0.22336011587663365,0.22307500000000002,0.2227,0.22336011587663365,True,0.0004561848397462228,-4.858026818609128e-05,0,0.22199848993504256,0.2220907098303086,3.0447374892927854,0.0,0.2207356576149236,0.2207506852143301,23.037537983948695,51.53342022070435,0,1
2023-06-29 19:39:00,2023-06-29 19:41:59,0.2229,0.223,0.2226,0.223,0.22321755793831682,0.222875,0.2226,0.22321755793831682,True,0.0004521716369072077,-7.347433746484092e-05,0,0.22204459988267558,0.22213095042233078,-1.203417744650956,-0.0,0.22075694460382986,0.22077306645597858,1.3071822615161228,26.473949208932197,0,1
2023-06-29 19:42:00,2023-06-29 19:44:59,0.223,0.2232,0.223,0.2232,0.2230462789691584,0.22310000000000002,0.223,0.2232,True,0.0004341593771281219,-7.593927537425077e-05,0,0.2220877751525032,0.2221692808340784,-0.49630400631153293,-0.0,0.22078025858787134,0.2207972150484564,7.3321346310339415,10.55895162549957,0,-2
2023-06-29 19:45:00,2023-06-29 19:47:59,0.2232,0.2234,0.2231,0.2235,0.2230731394845792,0.2233,0.2231,0.2235,True,0.0004317194216189712,-6.366844007526162e-05,0,0.2221285279932908,0.22220721657276765,2.8526857395515393,0.0,0.22080533064172336,0.22082311340618319,20.523892622761085,9.721069838437034,0,-1
2023-06-29 19:48:00,2023-06-29 19:50:59,0.2233,0.2232,0.223,0.2233,0.22318656974228962,0.2232,0.223,0.2233,True,0.0004294537486461864,-6.974603471931291e-05,0,0.22216787228302923,0.22224389519672527,1.6258994391388697,0.0,0.2208291581975271,0.22084676401905698,29.71578499008511,19.190604081293362,0,-2
2023-06-29 19:51:00,2023-06-29 19:53:59,0.2233,0.2234,0.2232,0.2234,0.22319328487114481,0.223325,0.2232,0.2234,True,0.00041306419517145716,-5.987113690625854e-05,0,0.22220588373987726,0.22228019006398025,3.738445071071702,0.0,0.2208539924443179,0.2208721693522007,35.330820315413966,28.523499309420043,0,-1
2023-06-29 19:54:00,2023-06-29 19:56:59,0.2234,0.2236,0.2232,0.2236,0.2232591424355724,0.22344999999999998,0.2232,0.2236,True,0.0004121310383734948,-4.00280783420735e-05,0,0.22224303690192876,0.22231679140842986,7.555206815923988,0.0,0.22087982336526996,0.22089931194571114,38.70828910803158,34.58496480451021,0,-1
2023-06-29 19:57:00,2023-06-29 19:59:59,0.2236,0.2236,0.2236,0.2239,0.22335457121778618,0.22367499999999998,0.2236,0.2239,True,0.00040412167848967337,-2.828014528763478e-05,0,0.2222799141551793,0.22235492665966253,10.099714645825514,0.0,0.2209076360681031,0.22092618446366427,52.096313797481315,42.04514107364228,0,-1
2023-06-29 20:00:00,2023-06-29 20:02:59,0.2236,0.2233,0.2233,0.224,0.2235147856088931,0.22354999999999997,0.2233,0.224,True,0.00042525584431184,-4.281867380966374e-05,0,0.22231742040742092,0.22239315028518078,5.912917871811196,0.0,0.22093392824652994,0.22094980451875218,56.066178844612885,48.95692725004192,0,-2
2023-06-29 20:03:00,2023-06-29 20:05:59,0.2233,0.2235,0.2233,0.2235,0.22353239280444653,0.2234,0.2233,0.22353239280444653,True,0.00040916614114670894,-3.9343831843687905e-05,0,0.22235528534630086,0.2224301520741553,6.234972271019821,0.0,0.22095846627392765,0.2209751795981676,50.19417488559292,52.78555584256237,0,-2
2023-06-29 20:06:00,2023-06-29 20:08:59,0.2236,0.2236,0.2235,0.224,0.22346619640222326,0.22367499999999998,0.2235,0.224,True,0.000415654273921944,-3.117171576992833e-05,0,0.2223927187102281,0.22246782482345667,7.83688662318108,0.0,0.22098549646025673,0.22100129721410622,46.39642161270337,50.88559178096972,0,-1
2023-06-29 20:09:00,2023-06-29 20:11:59,0.2236,0.2239,0.2236,0.2239,0.22357059820111164,0.22375,0.2236,0.2239,True,0.0004073932543560904,-6.564401213861857e-06,0,0.22243027176684238,0.22250628192917793,12.253396976603142,0.0,0.22101300395816462,0.2210301400278962,55.334056812961144,50.64155110375247,0,2
2023-06-29 20:12:00,2023-06-29 20:14:59,0.2238,0.2242,0.2238,0.2242,0.22366029910055582,0.22399999999999998,0.2238,0.2242,True,0.00040686516475922765,2.7574671464563737e-05,0,0.22246827684801015,0.22254680797344784,17.475202347720156,17.475202347720156,0.2210427253118147,0.22106168092314102,77.97016732096968,59.900215248878055,0,2
2023-06-29 20:15:00,2023-06-29 20:17:59,0.2241,0.2242,0.2239,0.2242,0.2238301495502779,0.22410000000000002,0.2239,0.2242,True,0.0003992319387049987,4.572709442268475e-05,0,0.222507542410729,0.22258937096217182,20.956405928464832,20.956405928464832,0.22107314595547825,0.22109290797863215,92.5213368704188,75.27518700144986,0,2
2023-06-29 20:18:00,2023-06-29 20:20:59,0.2242,0.2236,0.2236,0.2243,0.22396507477513897,0.22392499999999999,0.2236,0.2243,True,0.0004207153716546421,1.1511138580797735e-05,0,0.22254845668645043,0.2226320449381163,12.75924190763736,0.0,0.22110152261263766,0.2211178541678995,90.3509971703366,86.94750045390835,0,1
2023-06-29 20:21:00,2023-06-29 20:23:59,0.2237,0.2233,0.2233,0.2237,0.2239450373875695,0.2235,0.2233,0.2239450373875695,True,0.00041923570225073993,-3.447371580434563e-05,0,0.22259025081228337,0.22267159755425017,4.2733478584722135,0.0,0.2211253880592781,0.22113956706175125,57.01766383700326,79.96333262591955,0,-2
2023-06-29 20:24:00,2023-06-29 20:26:59,0.2233,0.2233,0.2229,0.2233,0.22372251869378473,0.2232,0.2229,0.22372251869378473,True,0.000417861723518545,-6.537518506577954e-05,0,0.22263092418326677,0.22270636300980498,-1.3839148409712223,-0.0,0.22114603096416088,0.22116106390690796,23.68433050366993,57.017663837003255,0,-2
2023-06-29 20:27:00,2023-06-29 20:29:59,0.2233,0.2237,0.2233,0.2237,0.22346125934689237,0.2235,0.2233,0.2237,True,0.000416585886124364,-5.760206477823217e-05,0,0.22266864359653588,0.22273917929121223,0.5479620054815797,0.0,0.22116945354163192,0.22118632695261037,8.75644365732584,29.819479332666337,0,-1
2023-06-29 20:30:00,2023-06-29 20:32:59,0.2237,0.2235,0.2233,0.2238,0.22348062967344617,0.22357500000000002,0.2233,0.2238,True,0.0004225440371154809,-6.622244862413454e-05,0,0.22270391144387405,0.22277075039927585,-0.7160255006317939,-0.0,0.22119338932728733,0.22120934857497246,19.560972271995126,17.333915477663627,0,-2
2023-06-29 20:33:00,2023-06-29 20:35:59,0.2236,0.2233,0.223,0.2236,0.2235278148367231,0.223375,0.223,0.2236,True,0.00043521946303580293,-8.494657880874694e-05,0,0.22273733092157494,0.22279975234954016,-3.809996307805143,-3.809996307805143,0.22121509689617003,0.22123015107671404,24.111624113476665,17.476346680932537,0,-2
2023-06-29 20:36:00,2023-06-29 20:38:59,0.2233,0.2227,0.2226,0.2233,0.22345140741836156,0.22297499999999998,0.2226,0.22345140741836156,True,0.000454132358533246,-0.00013665229820353827,0,0.22276854163555754,0.22282378817419396,-10.434412384676023,-10.434412384676023,0.22123260836984,0.2212447764391348,15.355180456150839,19.675925613874202,0,-2
2023-06-29 20:39:00,2023-06-29 20:41:59,0.2227,0.2229,0.2226,0.2231,0.22321320370918077,0.222825,0.2226,0.22321320370918077,True,0.0004574086186380142,-0.0001522798947341467,0,0.22279616490487572,0.22284272006239175,-11.89418905691948,-11.89418905691948,0.2212484530626774,0.22126124632531255,4.550651841481553,14.67248547036968,0,-2
2023-06-29 20:42:00,2023-06-29 20:44:59,0.2228,0.2227,0.2226,0.2228,0.2230191018545904,0.222725,0.2226,0.2230191018545904,True,0.0004461651458781557,-0.00017106018440180053,0,0.22281944248363372,0.22285681758629092,-14.347733973267317,-14.347733973267317,0.221263145072004,0.2212755622822746,1.5987211554602254e-14,6.635277432544129,-1,-2
2023-06-29 20:45:00,2023-06-29 20:47:59,0.2227,0.2227,0.2227,0.223,0.2228720509272952,0.222775,0.2227,0.223,True,0.0004357247783154299,-0.0001770420223666362,0,0.2228381300349623,0.22286735531034677,-15.983430584165873,-15.983430584165873,0.22127818840462088,0.2212897357919037,1.3319906636197196,1.9608808350337557,0,-2
2023-06-29 20:48:00,2023-06-29 20:50:59,0.2227,0.2226,0.2224,0.2227,0.2228235254636476,0.2226,0.2224,0.2228235254636476,True,0.0004260301512929008,-0.00018104879185681743,0,0.22285274267265454,0.22287381739285148,-17.92764079961151,-17.92764079961151,0.22129134075880375,0.22130277324671063,1.3319906636197196,0.8879937757464779,0,-2
2023-06-29 20:51:00,2023-06-29 20:53:59,0.2226,0.2223,0.2223,0.2227,0.2227117627318238,0.222475,0.2223,0.2227117627318238,True,0.0004241708547719801,-0.00019701741919386632,-1,0.222863280032753,0.22287616872440938,-21.39121602427625,-21.39121602427625,0.22130311846269624,0.22131269590097222,1.3319906636197196,1.3319906636197123,0,-2
2023-06-29 20:54:00,2023-06-29 20:56:59,0.2222,0.2222,0.2222,0.2225,0.2225933813659119,0.22227500000000003,0.2222,0.2225933813659119,True,0.0004153015080025526,-0.0002059668482229814,0,0.22286972437858119,0.22287389528750962,-24.310871930208776,-24.310871930208776,0.22131278892575398,0.22132152479747996,1.5987211554602254e-14,0.8879937757464779,0,-2
2023-06-29 20:57:00,2023-06-29 20:59:59,0.2221,0.2222,0.2219,0.2223,0.22243419068295595,0.22212500000000002,0.2219,0.22243419068295595,True,0.00041420854314522823,-0.0002027829243109415,0,0.2228718098330454,0.22286696717655416,-26.257309200830463,-26.257309200830463,0.22132087062798528,0.2213302658442712,1.5987211554602254e-14,0.44399688787324326,0,-2
2023-06-29 21:00:00,2023-06-29 21:02:59,0.2223,0.2223,0.2221,0.2225,0.22227959534147798,0.2223,0.2221,0.2225,True,0.0004131936472062842,-0.0001847091509598019,0,0.22286938850479976,0.22285762262829556,-24.65709571797394,-24.65709571797394,0.22133061320880135,0.2213399149403481,6.963468137499899,2.321156045833303,0,-1
2023-06-29 21:03:00,2023-06-29 21:05:59,0.2223,0.2225,0.2223,0.2226,0.22228979767073898,0.222425,0.2223,0.2226,True,0.0004051083866915492,-0.00015066140085493175,0,0.22286350556654766,0.22284729734842612,-18.670526618191563,-18.670526618191563,0.2213415026296093,0.22135145807527,18.656934037031895,8.540134058177264,0,-1
2023-06-29 21:06:00,2023-06-29 21:08:59,0.2225,0.223,0.2225,0.223,0.22235739883536948,0.22275,0.2225,0.223,True,0.0004118863590707243,-8.699725390522107e-05,0,0.2228554014574869,0.22283850061968893,-7.4490300003160215,-7.4490300003160215,0.2213555175288172,0.22136786147750614,41.354072427039675,22.324824867190483,0,-1
2023-06-29 21:09:00,2023-06-29 21:11:59,0.2229,0.2231,0.2229,0.2233,0.22255369941768474,0.22304999999999997,0.2229,0.2233,True,0.00041103733342281627,-3.4330125137815425e-05,0,0.2228469510385879,0.22283302600396143,1.0132764587177334,0.0,0.2213723780509185,0.22138509668668518,65.60728364672195,41.8727633702645,0,-1
2023-06-29 21:12:00,2023-06-29 21:14:59,0.2231,0.2236,0.2231,0.2237,0.22280184970884237,0.223375,0.2231,0.2237,True,0.00042453466674975915,3.6347068746067984e-05,0,0.22283998852127468,0.22283243431848157,10.238987779180228,10.238987779180228,0.22139230463747653,0.22140713552562363,87.24715108052328,64.73616905142829,0,-1
2023-06-29 21:15:00,2023-06-29 21:17:59,0.2235,0.2241,0.2231,0.2241,0.22308842485442118,0.22369999999999998,0.2231,0.2241,True,0.0004656393334104907,0.00011543571713702267,1,0.22283621141987814,0.222837920903543,18.427768391079326,18.427768391079326,0.2214152667803872,0.22143393019701046,97.88334602384884,83.57926025036468,1,-1
2023-06-29 21:18:00,2023-06-29 21:20:59,0.2241,0.2241,0.2241,0.2246,0.22339421242721058,0.224225,0.2241,0.2246,True,0.00046809366673831277,0.00016193752869025536,0,0.2228370661617106,0.22285175736825832,23.886955465678724,23.886955465678724,0.22144322432486097,0.22146045825475166,100.0,95.04349903479071,0,2
2023-06-29 21:21:00,2023-06-29 21:23:59,0.2241,0.2236,0.2234,0.2243,0.2238096062136053,0.22385,0.2234,0.2243,True,0.0004989441191141484,0.00015073301414693905,0,0.22284441176498446,0.22286949992028457,19.260874449262573,19.260874449262573,0.22146717234152902,0.2214817472273412,93.30679091910633,97.06337898098506,0,2
2023-06-29 21:24:00,2023-06-29 21:26:59,0.2236,0.2232,0.2229,0.2236,0.22382980310680264,0.223325,0.2229,0.22382980310680264,True,0.0005133052534631382,0.00010933370123886047,0,0.2228569558426345,0.2228865939712261,11.792658552075842,11.792658552075842,0.221485658188877,0.22149884426985522,78.89978546053104,90.73552545987911,0,1
2023-06-29 21:27:00,2023-06-29 21:29:59,0.2232,0.2234,0.2232,0.2234,0.22357740155340133,0.2233,0.2232,0.22357740155340133,True,0.0004909263067871982,9.123562465935715e-05,0,0.2228717749069303,0.22290288864274796,8.872671569146043,8.872671569146043,0.22150371134122648,0.22151776124229447,64.15568267154639,78.78741968372792,0,-2
2023-06-29 21:30:00,2023-06-29 21:32:59,0.2235,0.2236,0.2232,0.2237,0.22343870077670067,0.2235,0.2232,0.2237,True,0.0004915744277309698,8.886612125114907e-05,0,0.22288733177483913,0.22291981437114855,8.842219313636257,8.842219313636257,0.2215235749099705,0.22153848003590348,58.602019277182215,67.21916246975321,0,2
2023-06-29 21:33:00,2023-06-29 21:35:59,0.2236,0.2238,0.2236,0.2241,0.22346935038835034,0.223775,0.2236,0.2241,True,0.0004921762543216149,9.662692020749409e-05,0,0.22290357307299385,0.22293900759902383,10.581484237130688,10.581484237130688,0.22154597714967228,0.2215609827221134,63.966134666406695,62.24127887171176,0,2
2023-06-29 21:36:00,2023-06-29 21:38:59,0.2238,0.2236,0.2235,0.2242,0.22362217519417515,0.223775,0.2235,0.2242,True,0.0005070208075843571,8.300249605340665e-05,0,0.22292129033600885,0.22295985435922733,8.89656656925478,8.89656656925478,0.22156815648151634,0.2215812714512466,69.66734738604053,64.07850044320982,0,1
2023-06-29 21:39:00,2023-06-29 21:41:59,0.2235,0.2234,0.2233,0.2237,0.22369858759708758,0.22347499999999998,0.2233,0.2237,True,0.0004993764641854753,5.6028065069048036e-05,0,0.2229405723476181,0.22297980160707725,5.222410062662419,0.0,0.22158713004886443,0.22159936825272672,66.06848285432875,66.567321635592,0,1
2023-06-29 21:42:00,2023-06-29 21:44:59,0.2233,0.2226,0.2225,0.2233,0.2235867937985438,0.22292499999999998,0.2225,0.2235867937985438,True,0.0005279924310293688,-1.9600788638206865e-05,0,0.22296018697734768,0.22299513021828618,-3.5806444691603474,-3.5806444691603474,0.2216004421876817,0.22160932478752546,48.273517623676604,61.336449288015295,0,-2
2023-06-29 21:45:00,2023-06-29 21:47:59,0.2226,0.2229,0.2226,0.2235,0.2232558968992719,0.22290000000000001,0.2226,0.2235,True,0.0005545644002415576,-4.7830062153954476e-05,0,0.22297765859781693,0.22300654584722573,-5.843914797404466,-5.843914797404466,0.22161337311118737,0.22162216732695306,23.983074359694086,46.10835827923315,0,-2
2023-06-29 21:48:00,2023-06-29 21:50:59,0.2229,0.2233,0.2229,0.2236,0.22307794844963597,0.223175,0.2229,0.2236,True,0.000564952657367161,-3.7211386543673094e-05,0,0.22299210222252133,0.22301668922680437,-3.4173176447088736,-3.4173176447088736,0.22162891168719545,0.2216388621794212,12.728589609176735,28.328393864182477,0,-1
2023-06-29 21:51:00,2023-06-29 21:53:59,0.2233,0.2233,0.2233,0.2239,0.223126474224818,0.22344999999999998,0.2233,0.2239,True,0.0005674560389837916,-2.932089760905765e-05,0,0.22300439572466285,0.22302764815359577,-1.7995862095784716,-0.0,0.2216470319689149,0.2216553909139543,18.139915006158297,18.283859658343044,0,-1
2023-06-29 21:54:00,2023-06-29 21:56:59,0.2234,0.2228,0.2228,0.2235,0.22328823711240897,0.22312500000000002,0.2228,0.2235,True,0.000576923464770664,-5.778637515877624e-05,0,0.2230160219391293,0.22303694413092487,-5.185116626951491,-5.185116626951491,0.22166173811847792,0.2216667800590891,23.19113001612094,18.019878210485327,-1,-2
2023-06-29 21:57:00,2023-06-29 21:59:59,0.2227,0.2223,0.221,0.2227,0.2232066185562045,0.222175,0.221,0.2232066185562045,True,0.0006642860744299021,-0.0001083847110269043,-1,0.2230264830350271,0.22303834906586545,-10.461023239862811,-10.461023239862811,0.22166684520187616,0.22167308075501857,16.958018440274575,19.42968782085127,0,-2
2023-06-29 22:00:00,2023-06-29 22:02:59,0.2224,0.2226,0.2223,0.2228,0.22269080927810225,0.222525,0.2223,0.2228,True,0.0006525513548277663,-0.00011598675782838798,0,0.22303241605044627,0.22303593306050398,-10.514708603790702,-10.514708603790702,0.22167538405558884,0.22168230383208307,12.281730035735706,17.476959497377074,0,-2
2023-06-29 22:03:00,2023-06-29 22:05:59,0.2227,0.2225,0.2223,0.2227,0.2226079046390511,0.22255,0.2223,0.2227,True,0.0006345119723400695,-0.00012268827644170078,0,0.2230341745554751,0.22303069690492433,-11.276269047342836,-11.276269047342836,0.2216840867018019,0.22169044011236086,15.935307881869287,15.05835211929319,0,-2
2023-06-29 22:06:00,2023-06-29 22:08:59,0.2225,0.2211,0.2209,0.2225,0.22257895231952557,0.22175,0.2209,0.22257895231952557,True,0.0007034754028872067,-0.0002174492412577406,0,0.2230324357301997,0.22301778750006884,-17.75559604581497,-17.75559604581497,0.22168474255551532,0.22168456508636722,15.935307881869287,14.717448599824762,0,-2
2023-06-29 22:09:00,2023-06-29 22:11:59,0.221,0.2216,0.2209,0.2218,0.22216447615976279,0.221325,0.2209,0.22216447615976279,True,0.000717512874109548,-0.00023424802635554047,0,0.22302511161513427,0.2229960095123691,-17.4722831796595,-17.4722831796595,0.22168116302759974,0.22168372364272176,8.70479285609623,13.5251362066116,0,-2
2023-06-29 22:12:00,2023-06-29 22:14:59,0.2216,0.2215,0.2214,0.2218,0.22174473807988138,0.221575,0.2214,0.2218,True,0.000694833383101722,-0.0002406480558860544,0,0.22301056056375168,0.2229691139130489,-17.718486333491732,-17.718486333491732,0.2216801066790664,0.22168189554677428,4.734649439619694,9.791583392528404,0,-2
2023-06-29 22:15:00,2023-06-29 22:17:59,0.2215,0.2223,0.2215,0.2225,0.22165986903994067,0.22195,0.2215,0.2225,True,0.0007166309985944563,-0.00017793044284903807,0,0.2229898372384003,0.2229409466133231,-11.638182980133323,-11.638182980133323,0.22168279218474735,0.2216880458398412,16.10168024804826,9.847040847921397,0,-1
2023-06-29 22:18:00,2023-06-29 22:20:59,0.2222,0.2222,0.2219,0.2222,0.22180493451997035,0.22212500000000002,0.2219,0.2222,True,0.0006940144986948531,-0.00013476583790819868,0,0.2229653919258617,0.22291317203866196,-8.250967240542323,-8.250967240542323,0.22168719226251105,0.22169313991108655,33.955999288866145,18.264109658844703,0,-1
2023-06-29 22:21:00,2023-06-29 22:23:59,0.2222,0.2223,0.2221,0.2224,0.22196496725998519,0.22225,0.2221,0.2224,True,0.0006658706059309346,-9.224654236175331e-05,0,0.22293928198226184,0.2228867548552587,-5.215066613785119,-0.0,0.22169279233950098,0.22169917831993147,49.70504829449547,33.25424261046996,0,-1
2023-06-29 22:24:00,2023-06-29 22:26:59,0.2222,0.2219,0.2219,0.2222,0.2221074836299926,0.22204999999999997,0.2219,0.2222,True,0.0006468798483644401,-8.618859637505574e-05,0,0.22291301841876027,0.22286021539281764,-6.220351605381865,-0.0,0.22169634664458057,0.22170117654560378,55.39345603250033,46.35150120528731,0,-1
2023-06-29 22:27:00,2023-06-29 22:29:59,0.2219,0.2217,0.2216,0.222,0.2220787418149963,0.2218,0.2216,0.2220787418149963,True,0.0006292455734812666,-9.012101666413077e-05,0,0.22288661690578895,0.22283204648230012,-8.238748145724102,-8.238748145724102,0.22169737802125142,0.22170116483868235,50.47222071548888,51.85690834749489,0,-2
2023-06-29 22:30:00,2023-06-29 22:32:59,0.2217,0.2215,0.2213,0.2219,0.22193937090749816,0.22160000000000002,0.2213,0.22193937090749816,True,0.0006271566039468896,-0.00010018882057866467,0,0.22285933169404454,0.2228014157518426,-10.893419248826241,-10.893419248826241,0.22169640908571658,0.22169916319849645,39.75466055171392,48.54011243323438,0,-2
2023-06-29 22:33:00,2023-06-29 22:35:59,0.2214,0.2217,0.2213,0.2218,0.2217696854537491,0.22155000000000002,0.2213,0.2218,True,0.0006180739893792546,-8.61791689624993e-05,0,0.22283037372294356,0.22276871391944572,-10.212583115754882,-10.212583115754882,0.22169495227889352,0.22169917152487956,34.380838810313215,41.535906692505336,0,-1
2023-06-29 22:36:00,2023-06-29 22:38:59,0.2217,0.2218,0.2217,0.222,0.22165984272687456,0.2218,0.2217,0.222,True,0.0005953544187093075,-6.394815222034747e-05,0,0.22279954382119463,0.2227363211291405,-8.533258622163132,-8.533258622163132,0.2216959975298498,0.2217001747932887,46.69083019461225,40.275443185546465,0,-1
2023-06-29 22:39:00,2023-06-29 22:41:59,0.2219,0.2217,0.2215,0.2219,0.22172992136343728,0.22175,0.2215,0.2219,True,0.0005814005316586415,-5.100977909992441e-05,0,0.22276793247516755,0.22270405084566422,-8.455664046475675,-8.455664046475675,0.22169653486786126,0.221700173054052,60.64765732066743,47.2397754418643,0,-1
2023-06-29 22:42:00,2023-06-29 22:44:59,0.2218,0.2218,0.2218,0.222,0.22173996068171864,0.22185,0.2218,0.222,True,0.000561300493683024,-3.0862724111577005e-05,0,0.22273599166041586,0.22267278452748537,-6.90329351168743,-0.0,0.22169806188410143,0.22170116635699677,77.14422190881633,61.494236474698674,0,-1
2023-06-29 22:45:00,2023-06-29 22:47:59,0.2218,0.2215,0.2214,0.2222,0.22179498034085932,0.221725,0.2214,0.2222,True,0.0005783504584199505,-3.4337780581823307e-05,0,0.2227043880939506,0.2226416655255059,-9.218307684884564,-9.218307684884564,0.22169832992505564,0.22169916470170328,75.8542888428272,71.21538935743699,0,-2
2023-06-29 22:48:00,2023-06-29 22:50:59,0.2214,0.2208,0.2206,0.2214,0.22175999017042966,0.22105000000000002,0.2206,0.22175999017042966,True,0.0006013254256756691,-8.030174203832972e-05,0,0.22267302680972825,0.222606244798215,-15.32300999236417,-15.32300999236417,0.22169187888102523,0.22169021778924852,56.773479912666865,69.92399688810346,0,-2
2023-06-29 22:51:00,2023-06-29 22:53:59,0.2207,0.2204,0.2204,0.2208,0.22140499508521483,0.22057500000000002,0.2204,0.22140499508521483,True,0.0005869450381274058,-0.00013096985972742975,0,0.22263963580397161,0.22256442131104623,-20.936104065864715,-20.936104065864715,0.22168076565832848,0.2216773798012958,28.595298519485215,53.7410224249931,0,-2
2023-06-29 22:54:00,2023-06-29 22:56:59,0.2204,0.2203,0.2199,0.2205,0.22098999754260742,0.220275,0.2199,0.22098999754260742,True,0.0005878775354040189,-0.00016161920643191214,0,0.2226020285575089,0.22251578552055798,-25.02434595834918,-25.02434595834918,0.22166677794033515,0.2216636745296411,4.642156477368876,30.00364496984032,0,-2
2023-06-29 22:57:00,2023-06-29 22:59:59,0.2204,0.2205,0.2203,0.2207,0.2206324987713037,0.220475,0.2203,0.2207,True,0.0005744577114465898,-0.00015711441509441476,0,0.22255890703903344,0.22246349226169634,-24.349689316354702,-24.349689316354702,0.22165491945336666,0.22165209567859992,7.142711149622705,13.460055382158933,0,-2
2023-06-29 23:00:00,2023-06-29 23:02:59,0.2204,0.2205,0.2202,0.2206,0.22055374938565186,0.220425,0.2202,0.2206,True,0.0005619964463432608,-0.00014354142568684207,0,0.2225111996503649,0.22240833518645745,-23.899918221691717,-23.899918221691717,0.22164268144885554,0.2216406320400069,13.469888395778213,8.418252007589931,0,-1
2023-06-29 23:03:00,2023-06-29 23:05:59,0.2204,0.2197,0.2197,0.2204,0.22048937469282592,0.22005000000000002,0.2197,0.22048937469282592,True,0.0005789967001758846,-0.00017933775766254393,0,0.22245976741841117,0.22234872894583912,-27.325071742539556,-27.325071742539556,0.22162683387225002,0.22162132226846454,14.015022947595662,11.54254083099886,0,-2
2023-06-29 23:06:00,2023-06-29 23:08:59,0.2198,0.2198,0.2192,0.2199,0.22026968734641297,0.219675,0.2192,0.22026968734641297,True,0.0005876397930204647,-0.00018343860291300963,0,0.22240424818212515,0.22228345590942888,-27.96834803846915,-27.96834803846915,0.2216074126396903,0.22160319965882808,6.872311797972951,11.452407713782273,0,-2
2023-06-29 23:09:00,2023-06-29 23:11:59,0.2198,0.2203,0.2196,0.2203,0.2199723436732065,0.21999999999999997,0.2196,0.2203,True,0.0005956655220904319,-0.0001391351631177685,0,0.222343852045777,0.22221639905291085,-21.53742726998227,-21.53742726998227,0.2215914184840715,0.22159023249804372,12.109395793977116,10.998910179848574,0,-1
2023-06-29 23:12:00,2023-06-29 23:14:59,0.2203,0.2205,0.2202,0.2205,0.21998617183660324,0.22037500000000002,0.2202,0.2205,True,0.0005745465562268291,-8.587027442971185e-05,0,0.22228012554934393,0.2221509707624247,-15.082592674886932,-15.082592674886932,0.22157931481756332,0.22157938441348607,35.06302456349763,18.014910718482565,0,-1
2023-06-29 23:15:00,2023-06-29 23:17:59,0.2205,0.2209,0.2204,0.221,0.22018058591830164,0.2207,0.2204,0.221,True,0.0005763646593534834,-1.5348537419908478e-05,0,0.22221554815588432,0.222089503406708,-7.12558523821199,-0.0,0.22157056541639353,0.2215726243695708,67.84138953852782,38.337936632000854,0,-1
2023-06-29 23:18:00,2023-06-29 23:20:59,0.2208,0.2208,0.2208,0.2211,0.22044029295915082,0.220875,0.2208,0.2211,True,0.0005566243265425198,2.8903342781830743e-05,0,0.22215252578129616,0.22203277694032583,-2.982805590248738,-0.0,0.2215636443674742,0.22156493656489845,89.61046162970148,64.17162524390898,0,-1
2023-06-29 23:21:00,2023-06-29 23:23:59,0.2207,0.2211,0.2207,0.2211,0.22065764647957542,0.22089999999999999,0.2207,0.2211,True,0.0005454368746466244,8.156551956426652e-05,0,0.222092651360811,0.22198034373993009,2.399854350920009,0.0,0.22155704094093215,0.22156031033042184,99.44503164169684,85.63229426997538,0,-1
2023-06-29 23:24:00,2023-06-29 23:26:59,0.2211,0.2209,0.2209,0.2213,0.2207788232397877,0.22105000000000002,0.2209,0.2213,True,0.0005350485264575786,0.00010288190379952977,0,0.22203649755037055,0.22193267956507354,3.3908772822355786,3.3908772822355786,0.22155199575744028,0.22155374007837783,99.99999999999999,96.35183109046609,0,-1
2023-06-29 23:27:00,2023-06-29 23:29:59,0.2209,0.2212,0.2209,0.2212,0.22091441161989386,0.22105000000000002,0.2209,0.2212,True,0.0005182593459963226,0.0001370929552691987,0,0.22198458855772207,0.22188909710449128,6.754550796623185,6.754550796623185,0.22154700077477918,0.22155022027660293,99.99999999999996,99.81501054723225,0,-1
2023-06-29 23:30:00,2023-06-29 23:32:59,0.2212,0.2212,0.2209,0.2212,0.22098220580994693,0.22112500000000002,0.2209,0.2212,True,0.0005026693927108706,0.00015730954364356604,0,0.2219368428311067,0.2218495418080501,8.996999806214923,8.996999806214923,0.22154280176209482,0.22154673549773127,99.99999999999996,99.99999999999994,0,-1
2023-06-29 23:33:00,2023-06-29 23:35:59,0.2211,0.2211,0.2209,0.2211,0.22105360290497347,0.22105,0.2209,0.2211,True,0.0004881930075172366,0.0001604566249000937,0,0.2218931923195784,0.22181291393789795,8.794423750846647,8.794423750846647,0.22153789826197448,0.22154229036840062,98.30033834434948,99.43344611478311,0,-1
2023-06-29 23:36:00,2023-06-29 23:38:59,0.221,0.2212,0.2209,0.2212,0.22105180145248673,0.22107500000000002,0.2209,0.2212,True,0.0004747506498374336,0.00016587876545765023,0,0.22185305312873818,0.22177901368377886,9.877356090833672,9.877356090833672,0.221533292309119,0.22153888449408818,97.24046504979229,98.51360113138055,0,-1
2023-06-29 23:39:00,2023-06-29 23:41:59,0.2211,0.221,0.221,0.2213,0.22106340072624336,0.22110000000000002,0.221,0.2213,True,0.00046226846056333085,0.00015168610740692336,0,0.22181603340625852,0.2217476650193264,6.999440489462032,6.999440489462032,0.2215289809428591,0.22153352245932112,96.85694435327248,97.46591591580473,0,2
2023-06-29 23:42:00,2023-06-29 23:44:59,0.2211,0.2214,0.2211,0.2215,0.2210817003631217,0.221275,0.2211,0.2215,True,0.00046496357052309295,0.0001663443093400343,0,0.22178184921279248,0.22171974101064548,9.869701201848159,9.869701201848159,0.22152645376929833,0.22153219387763634,98.55660600892297,97.55133847066257,0,2
2023-06-29 23:45:00,2023-06-29 23:47:59,0.2215,0.2212,0.221,0.2215,0.22117835018156085,0.2213,0.221,0.2215,True,0.0004674661726285864,0.00015758291240146267,0,0.221750795111719,0.22169487637252006,8.497546022945258,8.497546022945258,0.22152420049796204,0.22152888846591856,99.61647930348018,98.34334322189186,0,2
2023-06-29 23:48:00,2023-06-29 23:50:59,0.2211,0.2209,0.2206,0.2211,0.22123917509078042,0.22092499999999998,0.2206,0.22123917509078042,True,0.00047693287458368857,0.00012695897562654498,0,0.22172283574211954,0.22167001809740916,3.62687575946228,3.62687575946228,0.22151823830395245,0.22152263086924276,88.45858900857019,95.54389144032443,0,1
2023-06-29 23:51:00,2023-06-29 23:53:59,0.221,0.2209,0.2207,0.221,0.22108208754539022,0.2209,0.2207,0.22108208754539022,True,0.0004642948121134247,0.0001039393384605654,0,0.22169642691976435,0.2216451638595609,0.37976225047362533,0.0,0.2215120866790375,0.22151643553721048,70.98287453256076,86.35264761487035,0,1
2023-06-29 23:54:00,2023-06-29 23:56:59,0.2209,0.2206,0.2205,0.2209,0.22099104377269513,0.220725,0.2205,0.22099104377269513,True,0.0004597023255338952,6.612852305581073e-05,0,0.2216707953896626,0.2216192826406748,-5.216946527044904,-0.0,0.22150425497078835,0.2215073167756462,37.64954119922743,65.69700158011943,0,1
2023-06-29 23:57:00,2023-06-29 23:59:59,0.2206,0.2207,0.2204,0.2207,0.22085802188634757,0.22060000000000002,0.2204,0.22085802188634757,True,0.00044829501656718803,4.7772993068233185e-05,0,0.22164503901516872,0.2215919128121475,-7.048921980649688,-0.0,0.22149525740888995,0.22149928377290345,15.857618857323885,41.49667819637067,0,-2
