start_time,end_time,open,close,low,high,h_open,h_close,h_low,h_high,finish,atr_14,macd_13_34,st_signal,av2_open,av2_close,histo2,qqe,ema_h200,ema_200,fastk,fastd,xo_signal,macd_hists
2023-06-17 00:00:00,2023-06-17 00:14:59,0.5723,0.5732,0.5722,0.5751,0.571078515773624,0.5732,0.5722,0.5751,True,0.0028295464992238242,0.0005517719253513003,0,0.5795027839406153,0.5789088615305998,0.550351625596349,0.0,0.5816526297609736,0.5816152316681202,92.83877398082434,93.48653908784691,0,-1
2023-06-17 00:15:00,2023-06-17 00:29:59,0.5729,0.5721,0.5719,0.5748,0.5721392578868121,0.5729249999999999,0.5719,0.5748,True,0.0028345788921364094,0.0006015690820807534,0,0.5792058227356075,0.5786466461720832,0.7361216724538835,0.0,0.5815657876737997,0.5815205527460494,94.48771667247178,92.98797637865489,0,-1
2023-06-17 00:30:00,2023-06-17 00:44:59,0.5721,0.5705,0.5703,0.5723,0.572532128943406,0.5713,0.5703,0.572532128943406,True,0.0027749661141266663,0.0005231296782110192,0,0.5789262344538453,0.5783897963706295,-2.57543973692934,-0.0,0.5814636405327669,0.5814108955047952,91.21888820910483,92.84845962080033,0,-1
2023-06-17 00:45:00,2023-06-17 00:59:59,0.5707,0.573,0.5704,0.5735,0.571916064471703,0.5719,0.5704,0.5735,True,0.002798182820260475,0.0006455919493306428,0,0.5786580154122373,0.5781430498108528,0.630896675547234,0.0,0.5813684799304508,0.5813272050022599,87.07543643391489,90.92734710516385,0,-1
2023-06-17 01:00:00,2023-06-17 01:14:59,0.5727,0.5716,0.5708,0.5735,0.5719080322358514,0.5721499999999999,0.5708,0.5735,True,0.0027911697616704438,0.000623962398230904,0,0.578400532611545,0.5779076658139731,-0.19158512959999996,-0.0,0.5812767537619886,0.5812304168927847,85.56047605760239,87.95160023354072,0,-1
2023-06-17 01:15:00,2023-06-17 01:29:59,0.5716,0.5756,0.5715,0.576,0.5720290161179257,0.573675,0.5715,0.576,True,0.002913229064408266,0.0008794111959608488,0,0.578154099212759,0.5776933057490954,5.273075621610545,5.273075621610545,0.5812011144210734,0.5811743928441002,93.17527083834858,88.60372777662197,0,-1
2023-06-17 01:30:00,2023-06-17 01:44:59,0.5756,0.5758,0.5748,0.576,0.5728520080589629,0.57555,0.5748,0.576,True,0.002790855559807674,0.0010405232965527704,0,0.5779237024809272,0.5775098332057417,9.146600766690845,9.146600766690845,0.5811448844268339,0.5811209162983878,97.31872261353855,92.0181565031632,0,2
2023-06-17 01:45:00,2023-06-17 01:59:59,0.5755,0.5763,0.5755,0.5765,0.5742010040294814,0.57595,0.5755,0.5765,True,0.002662937305535697,0.001152282845096564,0,0.5777167678433344,0.577354681867453,12.366921961415457,12.366921961415457,0.5810931940345271,0.581072946981986,99.99999999999996,96.83133115062905,0,2
2023-06-17 02:00:00,2023-06-17 02:14:59,0.5762,0.5811,0.5746,0.5828,0.5750755020147407,0.578675,0.5746,0.5828,True,0.0030584417837117178,0.0015200925470426263,1,0.5775357248553936,0.5772415889142036,18.670235860784643,18.670235860784643,0.5810691324023427,0.5810732161662449,99.99999999999996,99.10624087117951,1,2
2023-06-17 02:15:00,2023-06-17 02:29:59,0.5812,0.5787,0.5782,0.5828,0.5768752510073704,0.580225,0.5782,0.5828,True,0.003168553084875162,0.0015407365369834274,0,0.5773886568847986,0.5771730194095754,17.63137805034424,17.63137805034424,0.5810607330749562,0.5810496020750384,99.99999999999996,99.99999999999996,0,2
2023-06-17 02:30:00,2023-06-17 02:44:59,0.5788,0.5786,0.5777,0.5795,0.5785501255036851,0.57865,0.5777,0.5795,True,0.0030707992930983667,0.0014911991910638938,0,0.577280838147187,0.5771291678139276,16.729472468101335,16.729472468101335,0.5810367456811756,0.5810252279250381,93.63072846115843,97.87690948705279,0,2
2023-06-17 02:45:00,2023-06-17 02:59:59,0.5785,0.5771,0.5771,0.5796,0.5786000627518426,0.578075,0.5771,0.5796,True,0.003030027915019916,0.0013000769779133736,0,0.5772050029805573,0.5771011325589396,12.945171811615147,12.945171811615147,0.5810072755748952,0.5809861709307591,85.07691850741435,92.90254898952425,0,1
2023-06-17 03:00:00,2023-06-17 03:14:59,0.577,0.5744,0.5743,0.5779,0.5783375313759214,0.5759,0.5743,0.5783375313759214,True,0.0030707402068042033,0.0009415885222489938,0,0.5771530677697485,0.5770708191588104,5.9719774841361115,5.9719774841361115,0.5809564569124585,0.5809206368916471,69.04239862370815,82.58334853076032,0,1
2023-06-17 03:15:00,2023-06-17 03:29:59,0.5745,0.5762,0.5745,0.5763,0.5771187656879606,0.575375,0.5745,0.5771187656879606,True,0.0029871159063181896,0.0007980222085813445,0,0.5771119434642795,0.5770353180828336,4.447800433770311,4.447800433770311,0.5809009200277574,0.5808736653802874,54.93872635225828,69.68601449446028,0,1
2023-06-17 03:30:00,2023-06-17 03:44:59,0.5762,0.5761,0.5757,0.5771,0.5762468828439803,0.5762749999999999,0.5757,0.5771,True,0.002873750484438316,0.0006682668657676102,0,0.5770736307735566,0.5770021512454327,3.2489685005416575,3.2489685005416575,0.5808548909727548,0.5808261662222746,46.26267446385867,56.74793314660838,0,1
2023-06-17 03:45:00,2023-06-17 03:59:59,0.576,0.5763,0.5753,0.5769,0.5762609414219901,0.576125,0.5753,0.5769,True,0.0027827683069784315,0.0005727468691085417,0,0.5770378910094947,0.5769700205707351,2.858594125493056,0.0,0.580807827380986,0.5807811297424509,44.465328828352845,48.555576548156616,0,1
2023-06-17 04:00:00,2023-06-17 04:14:59,0.5762,0.5763,0.5759,0.5786,0.5761929707109951,0.5767500000000001,0.5759,0.5786,True,0.0027768562850514033,0.000489000342027141,0,0.5770039557901149,0.5769432142894844,2.5983445421273146,0.0,0.5807674509891354,0.5807365413868046,47.911518580965584,46.21317395772572,0,1
2023-06-17 04:15:00,2023-06-17 04:29:59,0.5764,0.5769,0.5758,0.5775,0.5764714853554975,0.57665,0.5758,0.5775,True,0.0026999379789763057,0.000456970260832175,0,0.5769735850397997,0.5769200977538892,3.979392505987448,3.979392505987448,0.580726481327552,0.5806983668456424,46.8376812866789,46.4048428986658,0,2
2023-06-17 04:30:00,2023-06-17 04:44:59,0.5768,0.5779,0.5768,0.5782,0.5765607426777488,0.5774250000000001,0.5768,0.5782,True,0.0026070852661922886,0.00048649702787070153,0,0.5769468413968445,0.5769053621092001,7.249368912291381,7.249368912291381,0.5806936307670788,0.5806705223994171,44.86949864624349,46.53956617129601,0,2
2023-06-17 04:45:00,2023-06-17 04:59:59,0.5779,0.5784,0.5778,0.579,0.5769928713388744,0.5782749999999999,0.5778,0.579,True,0.002506579175749981,0.0005194164949566984,0,0.5769261017530223,0.5769031578049992,10.504197612059286,10.504197612059286,0.5806695647892969,0.5806479301367363,46.16929479178507,45.95882490823584,0,2
2023-06-17 05:00:00,2023-06-17 05:14:59,0.5785,0.5776,0.5776,0.5793,0.5776339356694371,0.5782499999999999,0.5776,0.5793,True,0.002448966377482128,0.0004630605455186256,0,0.5769146297790108,0.5769106631105769,9.4125087136103,9.4125087136103,0.5806454895177616,0.5806176024736842,48.52322361851699,46.52067235218187,0,1
2023-06-17 05:15:00,2023-06-17 05:29:59,0.5776,0.5762,0.5758,0.5782,0.5779419678347185,0.5769500000000001,0.5758,0.5782,True,0.002445468779090552,0.0003096166991343915,0,0.5769126464447938,0.5769168419833348,4.208106582546321,4.208106582546321,0.580608718477784,0.5805736462301649,41.18296362782695,45.29182734604302,0,1
2023-06-17 05:30:00,2023-06-17 05:44:59,0.5761,0.5751,0.5751,0.5766,0.5774459839173594,0.5757249999999999,0.5751,0.5774459839173594,True,0.0023779352948698025,0.00012035780276763728,0,0.5769147442140643,0.5769135293498229,-1.9065679993421867,-0.0,0.5805601242640747,0.5805191820885712,23.576588206630685,37.76092515099156,0,1
2023-06-17 05:45:00,2023-06-17 05:59:59,0.5751,0.5754,0.5749,0.576,0.5765854919586797,0.57535,0.5749,0.5765854919586797,True,0.0022866542023791017,1.224421587728183e-05,0,0.5769141367819436,0.5769001938160643,-4.786371914510859,-0.0,0.5805082822315963,0.5804682449533616,6.193025182995804,23.650859005817836,0,1
2023-06-17 06:00:00,2023-06-17 06:14:59,0.5755,0.5762,0.5755,0.5765,0.5759677459793399,0.575925,0.5755,0.5765,True,0.0022018931879234506,-4.286641256024673e-06,0,0.5769071652990039,0.5768830037898902,-3.640447730476083,-0.0,0.580462677433272,0.5804257748543231,6.69151117821609,12.153708189280882,0,1
2023-06-17 06:15:00,2023-06-17 06:29:59,0.5761,0.576,0.5758,0.5769,0.5759463729896699,0.5762,0.5758,0.5769,True,0.0021231865316432034,-2.9428688272990593e-05,0,0.576895084544447,0.5768647838290438,-3.5833367035322397,-0.0,0.5804202627324434,0.5803817372935836,16.59019888858053,9.82491174993083,0,1
2023-06-17 06:30:00,2023-06-17 06:44:59,0.576,0.5776,0.5759,0.5776,0.576073186494835,0.5767749999999999,0.5759,0.5776,True,0.00209295892224012,6.446731170970513e-05,0,0.5768799341867454,0.5768498231131868,1.7124003903709166,0.0,0.5803839914614738,0.580354058315538,33.18433419992493,18.822014755573875,0,2
2023-06-17 06:45:00,2023-06-17 06:59:59,0.5773,0.5785,0.5772,0.5786,0.5764240932474174,0.5779000000000001,0.5772,0.5786,True,0.0020434618563658228,0.0001830040615709737,0,0.576864878649966,0.5768452497666496,7.32943611174246,7.32943611174246,0.5803592751285238,0.5803356099740898,55.19499135203217,34.98984148017923,0,2
2023-06-17 07:00:00,2023-06-17 07:14:59,0.5785,0.5772,0.5769,0.5792,0.5771620466237087,0.57795,0.5769,0.5792,True,0.0020617860094825553,0.00016099382738194102,0,0.5768550642083078,0.5768492289002223,5.966161924012795,5.966161924012795,0.5803353022416728,0.5803044098748452,74.51990264033975,54.29974273076564,0,1
2023-06-17 07:15:00,2023-06-17 07:29:59,0.5773,0.5771,0.5769,0.5782,0.5775560233118544,0.577375,0.5769,0.5782,True,0.00200737272309095,0.00013112674736253272,0,0.576852146554265,0.5768559690489512,4.698589635323856,4.698589635323856,0.5803058464979746,0.5802725251994736,78.89238271246386,69.53575890161194,0,1
2023-06-17 07:30:00,2023-06-17 07:44:59,0.5771,0.5775,0.5769,0.5777,0.5774655116559272,0.5772999999999999,0.5769,0.5777,True,0.0019211318142987408,0.00013159257673795246,0,0.576854057801608,0.5768643221399817,5.263831580560144,5.263831580560144,0.5802759375775967,0.580244937884056,70.06744520278508,74.49324351852958,0,2
2023-06-17 07:45:00,2023-06-17 07:59:59,0.5775,0.5786,0.5772,0.5786,0.5773827558279636,0.5779749999999999,0.5772,0.5786,True,0.001883908113277399,0.00019943380078406856,0,0.5768591899707948,0.5768785190185804,8.924545711011227,8.924545711011227,0.580253042676327,0.5802285703429211,69.01725561783329,72.65902784436076,0,2
2023-06-17 08:00:00,2023-06-17 08:14:59,0.5785,0.5766,0.5763,0.5789,0.5776788779139818,0.577575,0.5763,0.5789,True,0.0019350575337575802,9.48923127118407e-05,0,0.5768688544946876,0.5768944749211576,4.074078235428551,4.074078235428551,0.5802263954855178,0.5801924651653796,69.90315939992225,69.66262007351355,0,1
2023-06-17 08:15:00,2023-06-17 08:29:59,0.5766,0.5769,0.5762,0.5775,0.5776269389569908,0.5768,0.5762,0.5776269389569908,True,0.0018896962813463223,4.115318318731383e-05,0,0.5768816647079226,0.576906388917038,1.880612814667181,0.0,0.5801923019980997,0.5801597043179629,60.338203631504655,66.41953954975341,0,1
2023-06-17 08:30:00,2023-06-17 08:44:59,0.577,0.5778,0.576,0.578,0.5772134694784954,0.5771999999999999,0.576,0.578,True,0.0018975751183930138,6.374777915434327e-05,0,0.5768940268124803,0.5769177833740552,3.3590033327089444,3.3590033327089444,0.5801625278488649,0.5801362246730081,50.20044410201888,60.14726904448194,0,2
2023-06-17 08:45:00,2023-06-17 08:59:59,0.5778,0.5761,0.5761,0.5781,0.5772067347392477,0.577025,0.5761,0.5781,True,0.0019048911813649414,-4.370977814161902e-05,0,0.5769059050932677,0.5769274899302724,-0.8328082167243736,-0.0,0.5801313086662891,0.5800960632334756,43.25370505895725,51.2641175974936,0,1
2023-06-17 09:00:00,2023-06-17 09:14:59,0.576,0.5768,0.5759,0.5768,0.5771158673696238,0.576375,0.5759,0.5771158673696238,True,0.001833113239838875,-6.57826172145346e-05,0,0.57691669751177,0.5769313413017692,-1.2599632661799092,-0.0,0.5800939324606544,0.5800632665843863,36.46212465756229,43.305424606179486,0,1
2023-06-17 09:15:00,2023-06-17 09:29:59,0.5768,0.5777,0.5762,0.5783,0.5767454336848119,0.57725,0.5762,0.5783,True,0.0018521765798503833,-1.783891080486095e-05,0,0.5769240194067695,0.5769365598511859,1.1677992251395466,0.0,0.5800656346252251,0.5800397514939944,35.342559637022674,38.35279645118075,0,2
2023-06-17 09:30:00,2023-06-17 09:44:59,0.5779,0.5772,0.5756,0.5781,0.576997716842406,0.5772,0.5756,0.5781,True,0.0018984496812896377,-2.275081419824104e-05,0,0.5769302896289776,0.5769424759314217,1.0255980598760885,0.0,0.5800371208478596,0.5800114952602233,36.306838713156054,36.03717433591368,0,1
2023-06-17 09:45:00,2023-06-17 09:59:59,0.5772,0.5759,0.5751,0.5773,0.577098858421203,0.576375,0.5751,0.5773,True,0.0019199889897689557,-0.00011643495159080675,0,0.5769363827801997,0.5769432402146165,-2.9137360907215566,-0.0,0.5800006818344481,0.579970584859624,32.786144062324006,34.81184747083426,0,1
2023-06-17 10:00:00,2023-06-17 10:14:59,0.5757,0.5768,0.5757,0.5769,0.5767369292106015,0.5762749999999999,0.5757,0.5769,True,0.0018685612047854574,-0.00011225958846705793,0,0.576939811497408,0.5769392571016284,-2.321182927379553,-0.0,0.5799636103734088,0.5799390367515681,15.87005919862917,28.321013991369753,0,1
2023-06-17 10:15:00,2023-06-17 10:29:59,0.5769,0.5789,0.5769,0.5791,0.5765059646053007,0.57795,0.5769,0.5791,True,0.001899378261586494,3.7466467402767854e-05,0,0.5769395342995182,0.5769430559399337,3.3211138361729198,0.0,0.5799435744492953,0.5799286980774232,29.80542527840687,26.153876179786693,0,2
2023-06-17 10:30:00,2023-06-17 10:44:59,0.5789,0.5788,0.5781,0.5792,0.5772279823026503,0.57875,0.5781,0.5792,True,0.001842279814330323,0.00012365479482134742,0,0.5769412951197259,0.5769584443499206,6.710369127074124,6.710369127074124,0.5799316980866158,0.5799174672507822,63.1387586117402,36.27141436292542,0,2
2023-06-17 10:45:00,2023-06-17 10:59:59,0.5788,0.5793,0.5788,0.58,0.5779889911513252,0.579225,0.5788,0.58,True,0.0017964026847352985,0.0002058353275208083,0,0.5769498697348232,0.5769861107354854,10.113570065905073,10.113570065905073,0.5799246662648585,0.5799113232980381,96.47209194507354,63.13875861174021,0,2
2023-06-17 11:00:00,2023-06-17 11:14:59,0.5797,0.5798,0.5795,0.5805,0.5786069955756625,0.5798749999999999,0.5795,0.5805,True,0.0017538024929684899,0.0002813989023662515,0,0.5769679902351543,0.5770277135279938,13.499820956744692,13.499820956744692,0.5799241720731684,0.5799102156035302,99.99999999999996,86.53695018560457,0,2
2023-06-17 11:15:00,2023-06-17 11:29:59,0.5799,0.5802,0.5798,0.5806,0.5792409977878312,0.580125,0.5798,0.5806,True,0.0016856737434707422,0.00034197519146348244,0,0.576997851881574,0.5770817183781641,16.63588738254039,16.63588738254039,0.5799261703609976,0.5799130990303607,99.99999999999996,98.82403064835783,0,2
2023-06-17 11:30:00,2023-06-17 11:44:59,0.5803,0.5807,0.5803,0.5814,0.5796829988939156,0.580675,0.5803,0.5814,True,0.001650982761794259,0.00039644080578858155,0,0.5770397851298691,0.5771488905097517,19.786629053328937,19.786629053328937,0.5799336214021817,0.5799209288907551,99.99999999999996,99.99999999999996,0,2
2023-06-17 11:45:00,2023-06-17 11:59:59,0.581,0.5802,0.5795,0.5811,0.5801789994469578,0.5804499999999999,0.5795,0.5811,True,0.0016473411359518072,0.00037529160801657733,0,0.5770943378198103,0.5772244247230617,18.75568177188302,18.75568177188302,0.5799387594976824,0.5799237057177128,97.10113916665608,99.03371305555201,0,2
2023-06-17 12:00:00,2023-06-17 12:14:59,0.5803,0.5804,0.5793,0.5807,0.5803144997234788,0.5801750000000001,0.5793,0.5807,True,0.0016296739119552467,0.00035359195431028064,0,0.577159381271436,0.5773041374246346,18.68952409424611,18.68952409424611,0.5799411101494467,0.5799284449643027,90.61594225657682,95.9056938077443,0,2
2023-06-17 12:15:00,2023-06-17 12:29:59,0.5804,0.5823,0.58,0.5825,0.5802447498617395,0.5813,0.58,0.5825,True,0.0016918400611013046,0.0004485048197429871,0,0.5772317593480352,0.577394311661896,22.726989146161173,22.726989146161173,0.5799546314414921,0.579952042526847,90.61594225657682,92.7776745599366,0,2
2023-06-17 12:30:00,2023-06-17 12:44:59,0.5824,0.5842,0.5824,0.585,0.5807723749308698,0.5835,0.5824,0.585,True,0.001763851485308349,0.0006138176018448483,0,0.5773130355049655,0.5775071979882347,27.456717129310206,27.456717129310206,0.5799899087405817,0.5799943107604106,93.51480308992069,91.5822292010248,0,2
2023-06-17 12:45:00,2023-06-17 12:59:59,0.5843,0.5854,0.5841,0.5856,0.5821361874654349,0.58485,0.5841,0.5856,True,0.001745004950643471,0.0007682217274429365,0,0.5774101167466,0.5776464536174568,31.457886285214187,31.457886285214187,0.5800382678575908,0.5800480987130434,99.99999999999996,94.7102484488325,0,2
2023-06-17 13:00:00,2023-06-17 13:14:59,0.5855,0.5857,0.5849,0.5862,0.5834930937327174,0.585575,0.5849,0.5862,True,0.0017132188827403715,0.0008456721172745191,0,0.5775282851820284,0.5778104888135857,34.318974690166044,34.318974690166044,0.5800933597197043,0.5801043365367943,99.99999999999996,97.83826769664022,0,2
2023-06-17 13:15:00,2023-06-17 13:29:59,0.5857,0.5865,0.5856,0.5868,0.5845340468663587,0.58615,0.5856,0.5868,True,0.0016765603911160578,0.000902797221879784,0,0.5776693869978069,0.5779968527926059,36.7240831104709,36.7240831104709,0.5801536247971202,0.5801679749792142,99.99999999999996,99.99999999999996,0,2
2023-06-17 13:30:00,2023-06-17 13:44:59,0.5866,0.5925,0.5856,0.5935,0.5853420234331793,0.58955,0.5856,0.5935,True,0.0021210917917506263,0.0012993140806921337,0,0.5778331198952064,0.5782228453401186,39.948266670543205,39.948266670543205,0.5802471210677956,0.580290681695839,99.99999999999996,99.99999999999996,0,2
2023-06-17 13:45:00,2023-06-17 13:59:59,0.5926,0.5965,0.5916,0.5971,0.5874460117165896,0.5944499999999999,0.5916,0.5971,True,0.0023624423780541494,0.0017581911141460495,0,0.5780279826176624,0.5785121064000633,42.4758681266737,42.4758681266737,0.5803884432462255,0.5804519684451341,99.99999999999996,99.99999999999996,0,2
2023-06-17 14:00:00,2023-06-17 14:14:59,0.5966,0.5952,0.5934,0.5979,0.5909480058582948,0.595775,0.5934,0.5979,True,0.0025151250653359923,0.0018704841796390896,0,0.5782700445088629,0.5788582854753882,40.60574618875171,40.60574618875171,0.5805415433134272,0.5805987150277696,99.99999999999996,99.99999999999996,0,2
2023-06-17 14:15:00,2023-06-17 14:29:59,0.595,0.5947,0.5947,0.5975,0.5933615029291475,0.595475,0.5947,0.5975,True,0.0025354732749548517,0.001805461661796228,0,0.5785641649921255,0.5792448430288575,37.967794929562544,37.967794929562544,0.5806901349222489,0.5807390263210256,97.93002004264257,99.31000668088085,0,2
2023-06-17 14:30:00,2023-06-17 14:44:59,0.5947,0.5957,0.5947,0.5972,0.5944182514645737,0.595575,0.5947,0.5972,True,0.00253293946960093,0.0017286280199988384,0,0.5789045040104914,0.5796612247525744,36.8056568273084,36.8056568273084,0.5808382430324752,0.5808878917307666,95.94941535191465,97.95981179818574,0,2
2023-06-17 14:45:00,2023-06-17 14:59:59,0.5958,0.5944,0.594,0.596,0.5949966257322868,0.59505,0.594,0.596,True,0.002494872364629435,0.0014870712631703973,0,0.5792828643815329,0.5800946283755174,32.11975762376163,32.11975762376163,0.580979653549565,0.5810223405692665,90.014862998377,94.63143279764476,0,1
2023-06-17 15:00:00,2023-06-17 15:14:59,0.5944,0.5937,0.5928,0.5946,0.5950233128661434,0.5938749999999999,0.5928,0.5950233128661434,True,0.002445238624298763,0.001188576361031415,0,0.5796887463785251,0.580530398100095,26.998838212198365,26.998838212198365,0.5811079654545445,0.5811484864342489,77.68872628787825,87.88433487938998,0,1
2023-06-17 15:15:00,2023-06-17 15:29:59,0.5937,0.5937,0.5935,0.5943,0.5944491564330716,0.5938,0.5935,0.5944491564330716,True,0.002327721579705996,0.0009127304840431377,0,0.58010957223931,0.5809645262496331,23.584891937822846,23.584891937822846,0.5812342543554943,0.5812733771164952,64.74055897557923,77.48138275394484,0,1
2023-06-17 15:30:00,2023-06-17 15:44:59,0.5937,0.5923,0.5922,0.5937,0.5941245782165359,0.592975,0.5922,0.5941245782165359,True,0.0022685986097270004,0.0005664226398595078,0,0.5805370492444716,0.5813887230174538,17.043008244832222,0.0,0.5813510776952405,0.581383094757127,45.395599671946734,62.60829497846809,0,1
2023-06-17 15:45:00,2023-06-17 15:59:59,0.5922,0.5915,0.5906,0.5924,0.5935497891082679,0.591675,0.5906,0.5935497891082679,True,0.002235127280460788,0.00023032557782416262,0,0.5809628861309627,0.5817932709151552,10.592036676164234,0.0,0.5814538032903127,0.5814837604809368,26.458383006469536,45.53151388466518,0,1
2023-06-17 16:00:00,2023-06-17 16:14:59,0.5916,0.5917,0.5909,0.5926,0.592612394554134,0.5917,0.5909,0.592612394554134,True,0.0021969039032850197,-1.588444199262292e-05,0,0.581378078523059,0.5821797450170151,6.878671552672827,0.0,0.5815557554963793,0.5815854146055045,8.143011268329177,26.665664648915165,0,1
2023-06-17 16:15:00,2023-06-17 16:29:59,0.5918,0.5925,0.5911,0.5926,0.592156197277067,0.592,0.5911,0.5926,True,0.0021471250530503794,-0.00015175661902499474,0,0.581778911770037,0.5825513961880024,6.748007351488859,0.0,0.5816596783272611,0.5816940174452507,1.3009335364226453,11.967442603740468,0,1
2023-06-17 16:30:00,2023-06-17 16:44:59,0.5924,0.5918,0.5917,0.5936,0.5920780986385334,0.592375,0.5917,0.5936,True,0.002129473263546782,-0.00031280099649801454,0,0.5821651539790198,0.5829114001377986,4.260272028697223,0.0,0.5817662984434078,0.5817945744855965,3.940722620998469,4.461555808583446,0,1
2023-06-17 16:45:00,2023-06-17 16:59:59,0.5918,0.5924,0.5915,0.5927,0.5922265493192667,0.5921000000000001,0.5915,0.5927,True,0.0020630823161505818,-0.0003932358555996411,0,0.5825382770584092,0.583257877346041,4.561685742876172,0.0,0.5818691213444684,0.5819001011076304,4.126254944563193,3.122637033994785,0,1
2023-06-17 17:00:00,2023-06-17 17:14:59,0.5924,0.5927,0.592,0.5935,0.5921632746596334,0.59265,0.592,0.5935,True,0.0020228621507112584,-0.0004378722432629729,0,0.5828980772022251,0.5835951012383206,5.734623188232327,0.0,0.5819763937689016,0.5820075627881515,5.48797446053418,4.518317342031963,0,1
2023-06-17 17:15:00,2023-06-17 17:29:59,0.5927,0.5922,0.5915,0.5928,0.5924066373298167,0.5922999999999999,0.5915,0.5928,True,0.0019712291399461663,-0.0005115019899571763,0,0.5832465892202728,0.5839203248431286,4.288170758307771,0.0,0.5820791162189624,0.5821089800738415,2.848185375958357,4.1541382603519255,0,1
2023-06-17 17:30:00,2023-06-17 17:44:59,0.5922,0.5934,0.5921,0.5937,0.5923533186649084,0.59285,0.5921,0.5937,True,0.0019447127728071578,-0.00048316447159367244,0,0.5835834570317008,0.58423764274233,7.357498710356261,0.0,0.582186289191908,0.5822213285308182,5.190144103211902,4.508767979901496,0,1
2023-06-17 17:45:00,2023-06-17 17:59:59,0.5933,0.593,0.5925,0.5935,0.5926016593324541,0.593075,0.5925,0.5935,True,0.0018772332890352181,-0.0004990997374270424,0,0.5839105498870154,0.5845481030249443,7.48683428668091,0.0,0.582294634573083,0.5823285789931981,6.300395576202821,4.7795750184577095,0,1
2023-06-17 18:00:00,2023-06-17 18:14:59,0.5929,0.5928,0.592,0.5932,0.5928383296662271,0.592725,0.592,0.5932,True,0.0018288594826755581,-0.0005284141101896261,0,0.5842293264559798,0.5848486327978777,6.58100039292583,0.0,0.5823984193036991,0.5824327722370469,6.300395576202821,5.930311751872531,0,1
2023-06-17 18:15:00,2023-06-17 18:29:59,0.5928,0.5935,0.5928,0.5936,0.5927816648331135,0.593175,0.5928,0.5936,True,0.0017553695196273057,-0.0005024853270056643,0,0.5845389796269287,0.5851423697354161,8.659990192927069,0.0,0.5825056489623688,0.5825428939063301,7.984047040264561,6.861612730890084,0,1
2023-06-17 18:30:00,2023-06-17 18:44:59,0.5936,0.5937,0.5927,0.5938,0.5929783324165567,0.59345,0.5927,0.5938,True,0.0017085574110824973,-0.0004754696319126685,0,0.5848406746811724,0.5854306300705593,10.758663827398017,0.0,0.5826145479776687,0.5826539098873617,11.455316440444028,8.579919685637153,0,1
2023-06-17 18:45:00,2023-06-17 18:59:59,0.5937,0.5933,0.5933,0.5939,0.5932141662082784,0.59355,0.5933,0.5939,True,0.0016293747388623143,-0.0004893307447661819,0,0.5851356523758658,0.5857132869720146,9.532060703906538,0.0,0.5827233584455526,0.5827598411322635,24.88566974470744,14.775011075138693,0,1
2023-06-17 19:00:00,2023-06-17 19:14:59,0.5933,0.5936,0.5926,0.5937,0.5933820831041392,0.5933,0.5926,0.5937,True,0.0015915622575150053,-0.0004801987222703913,0,0.5854244696739402,0.585987877657915,10.122172321736244,0.0,0.5828285986600247,0.5828677034095544,29.593451363674443,21.97814584960865,0,1
2023-06-17 19:15:00,2023-06-17 19:29:59,0.5936,0.5915,0.5915,0.5938,0.5933410415520697,0.5926,0.5915,0.5938,True,0.0016421649534067886,-0.0006203983737305525,0,0.5857061736659277,0.5862494310270345,1.2685496961739915,0.0,0.5829258265340543,0.5829535969079668,22.438467030276424,25.63919604621945,0,1
2023-06-17 19:30:00,2023-06-17 19:44:59,0.5916,0.5916,0.5901,0.5924,0.5929705207760348,0.591425,0.5901,0.5929705207760348,True,0.0016891531710205951,-0.0006989808073910235,0,0.5859778023464811,0.58649086374113,-4.075626217850164,-4.075626217850164,0.5830103954242628,0.5830396307695791,9.008113726013013,20.346677373321306,0,-2
2023-06-17 19:45:00,2023-06-17 19:59:59,0.5913,0.5926,0.5912,0.5945,0.5921977603880174,0.5924,0.5912,0.5945,True,0.0018042136588048443,-0.000671342153734383,0,0.5862343330438056,0.5867214883737293,-2.624901874747053,-0.0,0.5831038243255139,0.5831347588216231,10.28267887448373,13.909753210257735,0,-2
2023-06-17 20:00:00,2023-06-17 20:14:59,0.5921,0.5917,0.5903,0.5923,0.5922988801940088,0.5916,0.5903,0.5923,True,0.0018396269688902103,-0.000705458880068348,0,0.5864779107087674,0.5869365325467449,-5.0182561151851885,-5.0182561151851885,0.5831883633869516,0.583219985102005,10.28267887448373,9.857823824993504,0,-2
2023-06-17 20:15:00,2023-06-17 20:29:59,0.592,0.5928,0.5916,0.593,0.5919494400970045,0.59235,0.5916,0.593,True,0.0018082250425409065,-0.0006396759519076622,0,0.5867072216277561,0.5871429804802393,-2.0833839247002004,-0.0,0.5832795239502655,0.5833153086333284,17.976671033620036,12.847342927529178,0,-2
2023-06-17 20:30:00,2023-06-17 20:44:59,0.5925,0.593,0.5924,0.5931,0.5921497200485022,0.59275,0.5924,0.5931,True,0.0017290661109308364,-0.0005729282750002998,0,0.5869251010539976,0.5873439885069167,0.6009350461454659,0.0,0.5833737575428002,0.583411673721554,19.272863603825442,15.844071170643083,0,-2
2023-06-17 20:45:00,2023-06-17 20:59:59,0.593,0.592,0.5913,0.5931,0.5924498600242512,0.5923499999999999,0.5913,0.5931,True,0.0017341328172929132,-0.0005899040141521309,0,0.5871345447804571,0.5875365901024866,-1.7298180239544365,-0.0,0.5834630733881454,0.5834971297044241,25.376058607712697,20.87519774838607,0,-2
2023-06-17 21:00:00,2023-06-17 21:14:59,0.5919,0.5922,0.5917,0.5928,0.5923999300121255,0.59215,0.5917,0.5928,True,0.0016888376160577045,-0.0005769985058240927,0,0.5873355674414719,0.587719879591263,-2.3374811070839527,-0.0,0.5835495104688604,0.5835837254287582,21.03759607084615,21.89550609412811,0,-2
2023-06-17 21:15:00,2023-06-17 21:29:59,0.5922,0.5923,0.5917,0.5927,0.5922749650060628,0.592225,0.5917,0.5927,True,0.00163963492919644,-0.0005512683917346657,0,0.5875277235163674,0.5878950946118177,-2.2192675872684973,-0.0,0.5836358337477772,0.5836704545289696,13.695352652855766,20.036335777138216,0,-2
2023-06-17 21:30:00,2023-06-17 21:44:59,0.5924,0.5926,0.5924,0.5933,0.5922499825030314,0.5926750000000001,0.5924,0.5933,True,0.0015939467199681228,-0.0005037876913011937,0,0.5877114090640925,0.58806583786394,-0.4863058351524714,-0.0,0.5837257757005356,0.5837593057276863,17.14055787169484,17.291168865132263,0,-2
2023-06-17 21:45:00,2023-06-17 21:59:59,0.5926,0.5918,0.5917,0.5928,0.5924624912515157,0.592225,0.5917,0.5928,True,0.0015586648113989703,-0.0005189824184242118,0,0.5878886234640162,0.5882288015024791,-3.463406329060753,-3.463406329060753,0.5838103450965502,0.5838393126358685,16.35040640096893,15.728772308506523,0,-2
2023-06-17 22:00:00,2023-06-17 22:14:59,0.5916,0.5909,0.5903,0.5918,0.5923437456257579,0.5911500000000001,0.5903,0.5923437456257579,True,0.0015544744677276115,-0.0005800263404828632,0,0.5880587124832476,0.5883771464494424,-8.6955938225612,-8.6955938225612,0.5838833764886243,0.5839095682315315,12.11377837427014,15.201580882311314,0,-2
2023-06-17 22:15:00,2023-06-17 22:29:59,0.5909,0.5883,0.588,0.5909,0.591746872812879,0.589525,0.588,0.591746872812879,True,0.0016505834343184974,-0.0007835968698841525,0,0.588217929466345,0.5885018149654945,-16.85304669436065,-16.85304669436065,0.5839395120459514,0.583953254119775,2.565378151543811,10.343187642260972,0,-2
2023-06-17 22:30:00,2023-06-17 22:44:59,0.5882,0.5902,0.5881,0.5907,0.5906359364064395,0.5892999999999999,0.5881,0.5907,True,0.0017183989032957508,-0.0007603245422720761,0,0.5883598722159197,0.5886054437631033,-14.39450945680099,-14.39450945680099,0.5839928502345489,0.5840154107952,-3.493501784153826e-14,4.893052175271317,-1,-2
2023-06-17 22:45:00,2023-06-17 22:59:59,0.5898,0.5894,0.5892,0.5902,0.5899679682032197,0.58965,0.5892,0.5902,True,0.0016670846959174828,-0.0007753377543984045,0,0.5884826579895115,0.5886941982108735,-14.454957751115813,-14.454957751115813,0.5840491402819664,0.5840689887972378,4.064981965133845,2.210120038892552,0,-2
2023-06-17 23:00:00,2023-06-17 23:14:59,0.5894,0.5889,0.5885,0.5901,0.5898089841016099,0.589225,0.5885,0.5901,True,0.0016622929319233723,-0.000792592391257051,0,0.5885884281001925,0.5887677170765391,-15.513418366221806,-15.513418366221806,0.5841006413736881,0.5841170585604494,4.82924996637161,2.964743977168485,0,-2
2023-06-17 23:15:00,2023-06-17 23:29:59,0.5887,0.5905,0.587,0.591,0.589516992050805,0.5892999999999999,0.587,0.591,True,0.0018292720082145604,-0.0006652274514448289,0,0.5886780725883658,0.5888292510234248,-10.611461151590142,-10.611461151590142,0.5841523762853927,0.5841805704155693,6.535633269811505,5.1432884004389985,0,-1
2023-06-17 23:30:00,2023-06-17 23:44:59,0.5905,0.5899,0.5889,0.5911,0.5894084960254025,0.5901000000000001,0.5889,0.5911,True,0.001855752579056376,-0.0005998510112762745,0,0.5887536618058953,0.588886415821927,-8.99418360351924,-8.99418360351924,0.5842115566208614,0.5842374801626781,13.830019548146547,8.398300928109899,0,-1
2023-06-17 23:45:00,2023-06-17 23:59:59,0.5899,0.5892,0.5886,0.5901,0.5897542480127013,0.58945,0.5886,0.5901,True,0.0018303416805523452,-0.0005833650967440187,0,0.5888200388139111,0.5889352888566179,-9.737603341383561,-9.737603341383561,0.5842636804355792,0.5842868584695171,18.667650952484255,13.011101256814115,0,-2
