start_time,end_time,open,close,low,high,h_open,h_close,h_low,h_high,finish,atr_14,macd_13_34,st_signal,av2_open,av2_close,histo2,qqe,ema_h200,ema_200,fastk,fastd,xo_signal,macd_hists
2023-06-06 00:00:00,2023-06-06 00:00:59,1.17,1.166,1.16,1.176,1.1892936018061624,1.168,1.16,1.1892936018061624,True,0.008000428432953533,-0.00606734351740156,0,1.2362133477871702,1.233831914198045,-38.97220603118777,-38.97220603118777,1.2531715400599868,1.2527391663011203,4.7406523151494184e-14,2.7244607934601395,0,-2
2023-06-06 00:01:00,2023-06-06 00:01:59,1.168,1.156,1.154,1.17,1.1786468009030813,1.162,1.154,1.1786468009030813,True,0.008571826402028282,-0.007126783305555311,0,1.2350226309926076,1.2322599005265065,-41.302538475554734,-41.302538475554734,1.2522643605569024,1.2517765875319549,4.7406523151494184e-14,0.11040776116532058,0,-2
2023-06-06 00:02:00,2023-06-06 00:02:59,1.156,1.138,1.133,1.157,1.1703234004515406,1.146,1.133,1.1703234004515406,True,0.009673838801883407,-0.008640565396022768,0,1.233641265759557,1.2304304084555935,-43.290759682121,-43.290759682121,1.2512070037354406,1.2506444821833782,4.7406523151494184e-14,-2.6626848873926672e-14,0,-2
2023-06-06 00:03:00,2023-06-06 00:03:59,1.135,1.116,1.11,1.143,1.1581617002257703,1.1260000000000001,1.11,1.1581617002257703,True,0.011339993173177442,-0.010640306635604186,0,1.2320358371075752,1.2282735328220233,-44.909078148442234,-44.909078148442234,1.249961162902252,1.2493047360920013,4.7406523151494184e-14,-2.6626848873926672e-14,0,-2
2023-06-06 00:04:00,2023-06-06 00:04:59,1.116,1.105,1.087,1.123,1.1420808501128852,1.10775,1.087,1.1420808501128852,True,0.013101422232236199,-0.012092793397349203,0,1.2301546849647993,1.2257484898595932,-46.0878994882841,-46.0878994882841,1.2485461264554634,1.2478688680711854,4.7406523151494184e-14,-2.6626848873926672e-14,0,-2
2023-06-06 00:05:00,2023-06-06 00:05:59,1.104,1.116,1.094,1.143,1.1249154250564426,1.11425,1.094,1.143,True,0.015665606358505037,-0.011597934930410728,0,1.2279515874121962,1.2229955075625196,-41.54124054963525,-41.54124054963525,1.2472098465902348,1.246556740030676,9.68230859682552,3.2274361989417972,0,-2
2023-06-06 00:06:00,2023-06-06 00:06:59,1.115,1.128,1.109,1.132,1.1195827125282212,1.121,1.109,1.132,True,0.01618949161861181,-0.009778769463230221,0,1.225473547487358,1.2201282675889231,-33.689287118444376,-33.689287118444376,1.2459540272211778,1.2453770709756444,28.798010042683625,12.826772879836321,0,-1
2023-06-06 00:07:00,2023-06-06 00:07:59,1.129,1.137,1.127,1.14,1.1202913562641106,1.1332499999999999,1.127,1.14,True,0.015961670788710962,-0.007374824745091789,0,1.2228009075381405,1.2172747920859446,-25.364776966924275,-25.364776966924275,1.2448325941144993,1.2442986921599664,62.13134337601696,33.53722067184196,0,-1
2023-06-06 00:08:00,2023-06-06 00:08:59,1.137,1.141,1.13,1.145,1.1267706781320552,1.13825,1.13,1.145,True,0.01589298001808876,-0.0050315511642994235,0,1.2200378498120426,1.2144860366413288,-18.488341891223435,-0.0,1.2437720707899769,1.2432708444767826,85.78236811252482,58.90390717707506,0,-1
2023-06-06 00:09:00,2023-06-06 00:09:59,1.141,1.144,1.14,1.146,1.1325103390660276,1.14275,1.14,1.146,True,0.015186338588225278,-0.0028930681838279897,0,1.2172619432266858,1.211798244367497,-12.854919956036241,-0.0,1.2427668760557482,1.2422830748799987,100.00000000000006,82.63790382951387,0,-1
2023-06-06 00:10:00,2023-06-06 00:10:59,1.144,1.148,1.143,1.154,1.1376301695330138,1.1472499999999999,1.143,1.154,True,0.014887314403352036,-0.0009097073119379885,0,1.2145300937970915,1.209239257007019,-7.650511248228163,-0.0,1.2418164593785765,1.2413449348314414,100.00000000000006,95.26078937084158,0,-1
2023-06-06 00:11:00,2023-06-06 00:11:59,1.148,1.149,1.144,1.153,1.1424400847665068,1.1484999999999999,1.144,1.153,True,0.014466791945969755,0.0006800844633586059,0,1.2118846754020554,1.2068078123646733,-3.7926983501877203,-0.0,1.2408879373947101,1.2404260797584916,100.00000000000006,100.0,0,-1
2023-06-06 00:12:00,2023-06-06 00:12:59,1.149,1.153,1.147,1.154,1.1454700423832533,1.15075,1.147,1.154,True,0.013933449664114765,0.0021486473071697307,0,1.2093462438833644,1.204508902690067,0.4043272824630222,0.0,1.2399910424952603,1.2395561685171137,100.00000000000006,100.0,0,-1
2023-06-06 00:13:00,2023-06-06 00:13:59,1.152,1.156,1.152,1.157,1.1481100211916266,1.15425,1.152,1.157,True,0.013295346116678004,0.0034008170368906958,0,1.2069275732867157,1.2023541254149308,4.396498196956102,4.396498196956102,1.2391378977938148,1.2387247638552519,100.00000000000006,100.0,0,-1
2023-06-06 00:14:00,2023-06-06 00:14:59,1.157,1.161,1.156,1.164,1.1511800105958132,1.1595,1.156,1.164,True,0.01291710710834386,0.004588452631454163,0,1.2046408493508232,1.2003636292383488,8.915554461706947,8.915554461706947,1.238345480900344,1.2379513831203737,100.00000000000006,100.0,0,-1
2023-06-06 00:15:00,2023-06-06 00:15:59,1.162,1.168,1.161,1.168,1.1553400052979066,1.16475,1.161,1.168,True,0.012494456600605006,0.0058106940235616265,0,1.2025022392945859,1.1985521502297647,14.056961100733986,14.056961100733986,1.237613187558052,1.2372553494574843,100.00000000000006,100.0,0,-1
2023-06-06 00:16:00,2023-06-06 00:16:59,1.167,1.159,1.158,1.169,1.1600450026489533,1.1632500000000001,1.158,1.169,True,0.0123877097005618,0.005893803274478613,0,1.2005271947621752,1.1968837497737455,11.657413516642954,11.657413516642954,1.236873255343544,1.2364766892638774,99.31198359358093,99.77066119786029,0,-1
2023-06-06 00:17:00,2023-06-06 00:17:59,1.159,1.169,1.153,1.17,1.1616475013244767,1.16275,1.153,1.17,True,0.012717159007664522,0.00652993189586757,0,1.1987054722679602,1.1953360125380545,13.49034597037575,13.49034597037575,1.236135710514255,1.2358052794204557,98.3833840634939,99.2317892190249,0,2
2023-06-06 00:18:00,2023-06-06 00:18:59,1.169,1.167,1.164,1.17,1.1621987506622382,1.1675,1.164,1.17,True,0.012237361935688485,0.006661525336395597,0,1.1970207424030073,1.193926483479162,13.499375192909987,13.499375192909987,1.2354527681210783,1.235120649774481,98.3833840634939,98.69291724018952,0,2
2023-06-06 00:19:00,2023-06-06 00:19:59,1.166,1.163,1.161,1.167,1.164849375331119,1.16425,1.161,1.167,True,0.01179183608313931,0.006312994243744954,0,1.1954736129410846,1.1926131391018924,11.068941955411205,11.068941955411205,1.2347442828661421,1.2344030313687648,96.83490406618854,97.86722406439206,0,2
2023-06-06 00:20:00,2023-06-06 00:20:59,1.163,1.162,1.156,1.164,1.1645496876655597,1.16125,1.156,1.1645496876655597,True,0.011520990648629359,0.0058651036338136925,0,1.1940433760214884,1.1913639493496206,8.823415803248928,8.823415803248928,1.2340129964694642,1.2336826031959414,91.7861330538227,95.66814039450166,0,2
2023-06-06 00:21:00,2023-06-06 00:21:59,1.16,1.158,1.155,1.16,1.1628998438327798,1.15825,1.155,1.1628998438327798,True,0.011198062745155824,0.005157793463549377,0,1.1927036626855545,1.1901532565645585,4.825934465014861,4.825934465014861,1.2332591358080764,1.2329295424676234,81.48678448262508,90.03594053421205,0,1
2023-06-06 00:22:00,2023-06-06 00:22:59,1.158,1.159,1.153,1.159,1.16057492191639,1.1572500000000001,1.153,1.16057492191639,True,0.010826772549073266,0.004648953644839252,0,1.1914284596250564,1.1889743182890837,2.865828674710073,0.0,1.232502825999041,1.2321939251296372,70.255374005695,81.1760971807142,0,2
2023-06-06 00:23:00,2023-06-06 00:23:59,1.16,1.16,1.159,1.165,1.1589124609581951,1.161,1.159,1.165,True,0.01048200308128232,0.004283686725043581,0,1.1902013889570702,1.187854198320646,2.3343095425405878,0.0,1.2317913550935777,1.2314755776159094,67.69411149879893,73.1454233290396,0,2
2023-06-06 00:24:00,2023-06-06 00:24:59,1.16,1.165,1.158,1.167,1.1599562304790976,1.1625,1.158,1.167,True,0.01037614571833359,0.004294935758781586,0,1.1890277936388582,1.1867983632283725,5.466476957270203,5.466476957270203,1.231101888873741,1.2308141290824177,72.19219576621082,70.04722709023486,0,2
2023-06-06 00:25:00,2023-06-06 00:25:59,1.165,1.161,1.16,1.165,1.161228115239549,1.16275,1.16,1.165,True,0.0099921353098812,0.003924953826663108,0,1.1879130784336154,1.185802099488635,4.03890553816197,4.03890553816197,1.23042177057649,1.2301194611313488,79.71833404148097,73.20154710216352,0,2
2023-06-06 00:26:00,2023-06-06 00:26:59,1.161,1.164,1.161,1.166,1.1619890576197744,1.163,1.161,1.166,True,0.009635554216318249,0.0037986977505890304,0,1.186857588961125,1.184861287388302,5.255870436452383,5.255870436452383,1.229750907187669,1.2294615560454647,81.58691262537234,77.83248081102131,0,2
2023-06-06 00:27:00,2023-06-06 00:27:59,1.164,1.168,1.164,1.168,1.1624945288098871,1.166,1.164,1.168,True,0.009233014629438374,0.003898056014654098,0,1.1858594381747134,1.1839911709155644,8.546021641527453,8.546021641527453,1.229116569802717,1.228849998273868,87.38817692915806,82.89780786533707,0,2
2023-06-06 00:28:00,2023-06-06 00:28:59,1.168,1.17,1.165,1.17,1.1642472644049435,1.16825,1.165,1.17,True,0.00893065644162134,0.003995312842667877,0,1.1849253045451387,1.183198120924743,11.8484025387474,11.8484025387474,1.2285109322922423,1.2282644261517401,93.32994553454246,87.43501169635756,0,2
2023-06-06 00:29:00,2023-06-06 00:29:59,1.169,1.165,1.165,1.169,1.1662486322024717,1.167,1.165,1.169,True,0.008649895267219808,0.003600321435107221,0,1.1840617127349407,1.182462610754098,8.972811729183924,8.972811729183924,1.2278988832147075,1.227634929374111,95.50064912842572,92.07292386404202,0,1
2023-06-06 00:30:00,2023-06-06 00:30:59,1.165,1.16,1.16,1.165,1.166624316101236,1.1625,1.16,1.166624316101236,True,0.008389188462418403,0.002898932706706405,0,1.1832621617445191,1.1817465736849002,3.317078604349689,3.317078604349689,1.2272481480583424,1.226961945002229,75.59975011141712,88.14344825812837,0,1
2023-06-06 00:31:00,2023-06-06 00:31:59,1.16,1.16,1.159,1.16,1.164562158050618,1.15975,1.159,1.164562158050618,True,0.007861389286531366,0.0023690638448712973,0,1.1825043677147096,1.1810319127766644,-0.45341014553979875,-0.0,1.2265765246945777,1.2262956569922567,47.036620230750515,72.71233982353105,0,1
2023-06-06 00:32:00,2023-06-06 00:32:59,1.16,1.157,1.157,1.16,1.162156079025309,1.1585,1.157,1.162156079025309,True,0.007514147194636262,0.0017642957128578178,0,1.1817681402456868,1.1803146623341483,-5.12383588652942,-0.0,1.2258991463394078,1.2256061479674583,19.0870780898909,47.241149477352785,0,1
2023-06-06 00:33:00,2023-06-06 00:33:59,1.156,1.16,1.156,1.163,1.1603280395126545,1.15875,1.156,1.163,True,0.007477422395019395,0.0015468038533780568,0,1.1810414012899173,1.1796020094997546,-4.885183942859811,-0.0,1.2252309956295628,1.2249533504752448,7.594379124131226,24.572692481590817,0,1
2023-06-06 00:34:00,2023-06-06 00:34:59,1.16,1.16,1.158,1.161,1.1595390197563273,1.1597499999999998,1.158,1.161,True,0.007157606509660875,0.0013812232203563937,0,1.1803217053948358,1.1789047270143589,-4.7260826470800765,-0.0,1.2245794434342439,1.2243070484804661,9.171364658373465,11.950940624131798,0,1
2023-06-06 00:35:00,2023-06-06 00:35:59,1.161,1.159,1.159,1.163,1.1596445098781636,1.1605,1.159,1.163,True,0.006932063187542241,0.0011858125299716582,0,1.1796132162045974,1.1782294756098064,-5.678749663333207,-0.0,1.223941837031913,1.223657227102551,18.03804849865801,11.601264093720836,0,1
2023-06-06 00:36:00,2023-06-06 00:36:59,1.159,1.157,1.156,1.161,1.1600722549390818,1.1582499999999998,1.156,1.161,True,0.006794058674146375,0.000909381886509064,0,1.1789213459072019,1.177560764980083,-8.339178166872898,-0.0,1.2232881869121925,1.2229939711114808,16.262173517988007,14.490528891673096,0,1
2023-06-06 00:37:00,2023-06-06 00:37:59,1.157,1.157,1.156,1.158,1.1591611274695408,1.157,1.156,1.1591611274695408,True,0.006451625911707349,0.0007286386869484037,0,1.1782410554436424,1.17689321568512,-10.112797169232692,-0.0,1.2226286029628175,1.2223373146825107,9.914984531079048,14.738402182574958,0,1
2023-06-06 00:38:00,2023-06-06 00:38:59,1.158,1.158,1.157,1.162,1.1580805637347704,1.15875,1.157,1.162,True,0.006347938346585388,0.0006852571642631412,0,1.1775671355643813,1.1762431676763232,-9.311245843850244,-0.0,1.2219929949731376,1.2216971423971126,8.321455162600556,11.499537737222473,0,1
2023-06-06 00:39:00,2023-06-06 00:39:59,1.158,1.156,1.153,1.158,1.1584152818673852,1.15625,1.153,1.1584152818673852,True,0.006251657036114995,0.0005257988395405717,0,1.1769051516203524,1.175594205915186,-11.360422412097982,-0.0,1.2213388358191761,1.2210434394876886,8.157594792705494,8.798011495461635,0,1
2023-06-06 00:40:00,2023-06-06 00:40:59,1.155,1.152,1.151,1.155,1.1573326409336926,1.15325,1.151,1.1573326409336926,True,0.0061622529621067745,0.0001604513580564697,0,1.1762496787677692,1.1749299687419053,-16.243721876208376,-0.0,1.220661334965254,1.220356440089801,8.157594792705494,8.212214916003783,0,1
2023-06-06 00:41:00,2023-06-06 00:41:59,1.152,1.157,1.15,1.157,1.1552913204668465,1.154,1.15,1.157,True,0.006222092036242013,0.0002952744860501271,0,1.1755898237548372,1.1742634083002184,-11.537675037824279,-0.0,1.219998038099928,1.219726027750599,2.929030759916444,6.414740115109079,0,2
2023-06-06 00:42:00,2023-06-06 00:42:59,1.156,1.156,1.154,1.157,1.1546456602334232,1.1557499999999998,1.154,1.157,True,0.005991942605081878,0.0003355092888967393,0,1.1749266160275278,1.1736115989075337,-9.519401087778562,-0.0,1.2193587541387347,1.219091937922235,13.666277699208392,8.250967750610045,0,2
2023-06-06 00:43:00,2023-06-06 00:43:59,1.156,1.16,1.156,1.16,1.1551978301167116,1.158,1.156,1.16,True,0.0058496609904331726,0.0006550927560284763,0,1.1742691074675307,1.1729913126178726,-3.5163326432342217,-0.0,1.2187482192716828,1.2185039584404216,44.15001129002126,20.248439916381965,0,2
2023-06-06 00:44:00,2023-06-06 00:44:59,1.159,1.156,1.155,1.16,1.1565989150583558,1.1575,1.155,1.16,True,0.005788970919687939,0.0005912940728821352,0,1.1736302100427016,1.1723966699807784,-4.038896130644382,-0.0,1.218138784254054,1.217882028505691,71.61121113615776,43.142500041795735,0,1
2023-06-06 00:45:00,2023-06-06 00:45:59,1.156,1.156,1.155,1.159,1.1570494575291779,1.1564999999999999,1.155,1.159,True,0.005661187282567372,0.0005558118602720027,0,1.17301344001174,1.1718194355890985,-4.387271788917822,-0.0,1.2175254630176953,1.21726628692852,85.23267886403495,66.99796709673792,0,1
2023-06-06 00:46:00,2023-06-06 00:46:59,1.157,1.157,1.155,1.158,1.1567747287645889,1.1567500000000002,1.155,1.158,True,0.005471102476669695,0.0006078941722641841,0,1.1724164378004192,1.17126158253912,-3.2037878584041763,-0.0,1.216920732042395,1.2166666223819675,81.06315471302351,79.30234823773867,0,2
2023-06-06 00:47:00,2023-06-06 00:47:59,1.156,1.16,1.156,1.164,1.1567623643822946,1.1589999999999998,1.156,1.164,True,0.005651738014050432,0.0008504016173021744,0,1.1718390101697695,1.1707382534137398,1.266920929447494,0.0,1.2163444063504307,1.2161027753930922,84.00625744030395,83.43403033912074,0,2
2023-06-06 00:48:00,2023-06-06 00:48:59,1.16,1.159,1.158,1.163,1.1578811821911472,1.16,1.158,1.163,True,0.005605185298761124,0.0009294625257365288,0,1.1712886317917546,1.1702525568747957,2.6426830627371345,0.0,1.2157837654912225,1.2155345885732605,92.98087610646816,86.01676275326514,0,2
2023-06-06 00:49:00,2023-06-06 00:49:59,1.158,1.154,1.15,1.158,1.1589405910955737,1.1549999999999998,1.15,1.1589405910955737,True,0.005847672063135337,0.0006234973672275979,0,1.1707705943332751,1.1697655158132612,-2.426574440971926,-0.0,1.215178951904245,1.214922304109845,78.28128227474308,85.089471940505,0,1
2023-06-06 00:50:00,2023-06-06 00:50:59,1.154,1.158,1.151,1.159,1.1569702955477867,1.1555,1.151,1.159,True,0.006001409772911385,0.00069846318338337,0,1.1702680550732683,1.1692841883510017,-0.8558578094159586,-0.0,1.2145851314872873,1.2143559130241748,59.146301969603975,76.80282011693835,0,2
2023-06-06 00:51:00,2023-06-06 00:51:59,1.158,1.156,1.154,1.158,1.1562351477738932,1.1564999999999999,1.154,1.158,True,0.005858451931989144,0.000603777804175528,0,1.169776121712135,1.1688175227273634,-1.9814178434855307,-0.0,1.214007169979951,1.213775257173188,45.28289771763019,60.90349398732568,0,1
2023-06-06 00:52:00,2023-06-06 00:52:59,1.157,1.158,1.156,1.158,1.1563675738869466,1.15725,1.156,1.158,True,0.0055828482225613475,0.0006769588686572599,0,1.1692968222197493,1.1683707480924415,-0.37937302329328304,-0.0,1.2134424220199516,1.2132202794898725,57.126727889237124,53.8519758588237,0,2
2023-06-06 00:53:00,2023-06-06 00:53:59,1.159,1.159,1.157,1.16,1.1568087869434733,1.15875,1.157,1.16,True,0.005398359063806958,0.0007857083797663455,0,1.1688337851560955,1.167952990717143,1.8275167439150337,0.0,1.2128982188157729,1.2126807742213166,74.25575193463794,58.88845918050169,0,2
2023-06-06 00:54:00,2023-06-06 00:54:59,1.16,1.16,1.158,1.162,1.1577793934717366,1.16,1.158,1.162,True,0.005298476273535032,0.0009112885601474099,0,1.1683933879366193,1.1675695214236088,4.465072641682092,4.465072641682092,1.212371868379795,1.2121565874131444,88.11915618661173,73.16721200349554,0,2
2023-06-06 00:55:00,2023-06-06 00:55:59,1.16,1.158,1.156,1.161,1.1588896967358684,1.15875,1.156,1.161,True,0.005277156539711109,0.0008349098858527297,0,1.1679814546801142,1.1672071020558101,3.0173065356271067,3.0173065356271067,1.2118383174506429,1.2116177158965957,89.21899295549902,83.86463369224951,0,1
2023-06-06 00:56:00,2023-06-06 00:56:59,1.158,1.157,1.155,1.158,1.1588198483679342,1.157,1.155,1.1588198483679342,True,0.005114502501160308,0.0006985961865876604,0,1.1675942783679623,1.1668517351637984,0.5803455080793327,0.0,1.2112926625506364,1.211074256036928,70.76506470654716,82.7010712828859,0,1
2023-06-06 00:57:00,2023-06-06 00:57:59,1.157,1.155,1.155,1.159,1.1579099241839672,1.1565,1.155,1.159,True,0.005034895179648857,0.0004599408720653807,0,1.1672230067658804,1.1665009283986378,-3.703247682854254,-3.703247682854254,1.210747461928242,1.2105163032405408,47.03301883274808,69.00569216493135,0,1
2023-06-06 00:58:00,2023-06-06 00:58:59,1.156,1.159,1.156,1.159,1.1572049620919835,1.1575,1.156,1.159,True,0.004960974095388224,0.000576511354498896,0,1.1668619675822591,1.1661629798243611,-0.43141282746049114,-0.0,1.2102176364364186,1.2100037032082966,39.96625310537612,52.58811221489038,0,2
2023-06-06 00:59:00,2023-06-06 00:59:59,1.159,1.159,1.157,1.16,1.1573524810459919,1.15875,1.157,1.16,True,0.004820904517146201,0.0006422854548477175,0,1.1665124737033101,1.1658460496101408,1.7498104094686866,0.0,1.2097055206509815,1.2094962036738857,54.18022015711025,47.05983069841141,0,2
2023-06-06 01:00:00,2023-06-06 01:00:59,1.159,1.156,1.155,1.159,1.158051240522996,1.15725,1.155,1.159,True,0.004762268480207187,0.0004655021012863383,0,1.1661792616567255,1.165537550181723,-1.3177288709728714,-0.0,1.2091835751718671,1.2089639031398172,60.380019715930864,51.50883099280568,0,1
2023-06-06 01:01:00,2023-06-06 01:01:59,1.155,1.156,1.154,1.158,1.157650620261498,1.1557499999999998,1.154,1.158,True,0.00470782073162096,0.00034478942261989987,0,1.1658584059192243,1.1652275134092174,-3.362755057933917,-3.362755057933917,1.208651897806973,1.2084368991284757,48.10846552281608,54.222901798619,0,1
2023-06-06 01:02:00,2023-06-06 01:02:59,1.155,1.155,1.154,1.157,1.156700310130749,1.15525,1.154,1.157,True,0.004585833536505185,0.00019661355456439874,0,1.1655429596642208,1.1649149629251403,-6.200710153310219,-6.200710153310219,1.2081205356397393,1.2079051886893863,22.780980045977802,43.75648842824151,0,1
2023-06-06 01:03:00,2023-06-06 01:03:59,1.154,1.154,1.153,1.154,1.1559751550653745,1.15375,1.153,1.1559751550653745,True,0.004401131141040529,3.701368621311044e-05,0,1.1652289612946807,1.164592286211775,-9.502338496394962,-9.502338496394962,1.207579535285115,1.207368818652676,6.979893027622945,25.956446198805537,0,1
2023-06-06 01:04:00,2023-06-06 01:04:59,1.155,1.154,1.152,1.156,1.1548625775326873,1.15425,1.152,1.156,True,0.004372478916680492,-5.429544160549457e-05,0,1.164910623753228,1.1642672814840191,-11.70342405845146,-11.70342405845146,1.2070488931429746,1.2068377856312564,5.6941150025478775,11.818329358716134,0,1
2023-06-06 01:05:00,2023-06-06 01:05:59,1.153,1.153,1.152,1.154,1.1545562887663436,1.153,1.152,1.1545562887663436,True,0.0042030161369176,-0.0001658357045953491,0,1.1645889526186237,1.1639340974428938,-14.726971217895034,-14.726971217895034,1.2065110932112038,1.2063020862717415,3.9341846030088248,5.536064211059808,0,1
2023-06-06 01:06:00,2023-06-06 01:06:59,1.153,1.155,1.153,1.156,1.1537781443831718,1.15425,1.153,1.156,True,0.004117086412852049,-7.946304773375672e-05,0,1.1642615250307589,1.1636053360970138,-10.881633327188702,-10.881633327188702,1.2059910823334803,1.2057916177516246,13.307418035935138,7.645239213830538,0,2
2023-06-06 01:07:00,2023-06-06 01:07:59,1.155,1.153,1.152,1.155,1.154014072191586,1.15375,1.152,1.155,True,0.004037294526219768,-0.00014316756434941706,0,1.1639334305638864,1.1632788818909297,-11.901461910542174,-11.901461910542174,1.205471270568968,1.2052663280227527,15.983963114332491,11.07518858442541,0,1
2023-06-06 01:08:00,2023-06-06 01:08:59,1.153,1.158,1.153,1.158,1.1538820360957929,1.1555,1.153,1.158,True,0.004106059202918348,0.00017919237793176694,0,1.163606156227408,1.1629684907963218,-3.8869197220131895,-0.0,1.2049740439961425,1.2047960163011333,38.57704458051867,22.62280857692869,0,2
2023-06-06 01:09:00,2023-06-06 01:09:59,1.157,1.156,1.154,1.158,1.1546910180478964,1.15625,1.154,1.158,True,0.004098483545567038,0.00025638894867426,0,1.163287323511865,1.1626780217129422,-1.9356750004008134,-0.0,1.204489227637972,1.2043104838006244,57.81164473076921,37.45755080854005,0,2
2023-06-06 01:10:00,2023-06-06 01:10:59,1.156,1.156,1.155,1.157,1.155470509023948,1.156,1.155,1.157,True,0.003948591863740821,0.00030833818917420626,0,1.1629826726124037,1.1624035150300556,-0.6348451859925603,-0.0,1.2040067477609773,1.203829782469275,77.83565627526016,58.07478186218261,0,2
2023-06-06 01:11:00,2023-06-06 01:11:59,1.155,1.157,1.155,1.157,1.1557352545119741,1.1560000000000001,1.155,1.157,True,0.003809406730616476,0.0004096998621983959,0,1.1626930938212297,1.1621434590651067,1.9209272981382597,0.0,1.2035290686787785,1.203363814484506,81.87731603497302,72.50820568033406,0,2
2023-06-06 01:12:00,2023-06-06 01:12:59,1.156,1.157,1.155,1.157,1.1558676272559871,1.15625,1.155,1.157,True,0.0036801633927152993,0.00046921692691136467,0,1.162418276443168,1.1618982797783624,3.6247756208921444,3.6247756208921444,1.2030586301844624,1.202902482997098,82.26729959338094,80.66009063453795,0,2
2023-06-06 01:13:00,2023-06-06 01:13:59,1.157,1.158,1.156,1.159,1.1560588136279937,1.1575,1.156,1.159,True,0.003631580293235643,0.0005668133367704355,0,1.162158278110765,1.1616750715249675,6.64899009637837,6.64899009637837,1.2026053104811343,1.202455692121505,88.96589170081724,84.37016910972365,0,2
2023-06-06 01:14:00,2023-06-06 01:14:59,1.158,1.155,1.155,1.158,1.156779406813997,1.1564999999999999,1.155,1.158,True,0.0035864674151473747,0.00040943620551966856,0,1.1619166748178662,1.1614638316031698,1.9384275435244973,0.0,1.2021465511728644,1.2019834961799976,87.63852394310635,86.29057174576809,0,1
2023-06-06 01:15:00,2023-06-06 01:15:59,1.155,1.154,1.153,1.155,1.1566397034069984,1.15425,1.153,1.1566397034069984,True,0.003473148314065419,0.00023075117651234376,0,1.161690253210518,1.1612480263707208,-2.8184716291360417,-0.0,1.2016699685741294,1.2015060484568134,68.22161172650515,81.60867579014284,0,1
2023-06-06 01:16:00,2023-06-06 01:16:59,1.153,1.153,1.151,1.154,1.1554448517034992,1.15275,1.151,1.1554448517034992,True,0.0034393520059178813,4.5935795847515046e-05,0,1.1614691397906194,1.1610198158952885,-7.501401111936566,-7.501401111936566,1.2011832027176705,1.2010234012084868,35.57272080372636,63.81095215777921,0,1
2023-06-06 01:17:00,2023-06-06 01:17:59,1.152,1.154,1.152,1.155,1.1540974258517496,1.15325,1.152,1.155,True,0.003407969719780898,2.522648514939694e-06,0,1.1612444778429538,1.1607868349831023,-7.809674255735821,-7.809674255735821,1.2007062554269474,1.200555506669099,15.304997800614949,39.699776776948745,0,1
2023-06-06 01:18:00,2023-06-06 01:18:59,1.155,1.156,1.154,1.156,1.1536737129258747,1.1552499999999999,1.154,1.156,True,0.0033074004540822625,0.0001210468453500136,0,1.161015656413028,1.1605654188962655,-3.4867648794899253,-0.0,1.2002539543779231,1.2001121682942821,26.814411360907474,25.897376655082855,0,2
2023-06-06 01:19:00,2023-06-06 01:19:59,1.156,1.155,1.154,1.156,1.1544618564629374,1.1552499999999999,1.154,1.156,True,0.003214014707362101,0.00013303508468650725,0,1.1607905376546468,1.1603546270275809,-2.8558926246791003,-0.0,1.1998061538368492,1.1996632909978215,46.96362822429847,29.69434579527356,0,1
2023-06-06 01:20:00,2023-06-06 01:20:59,1.156,1.151,1.151,1.156,1.1548559282314685,1.1535,1.151,1.156,True,0.0033415850854076577,-0.00013032516713764935,0,1.1605725823411137,1.1601416390758885,-8.407730600733998,-8.407730600733998,1.199345396087229,1.1991790791470969,50.61060899403241,41.46288285974605,0,1
2023-06-06 01:21:00,2023-06-06 01:21:59,1.152,1.152,1.151,1.153,1.1541779641157341,1.1520000000000001,1.151,1.1541779641157341,True,0.003245757579307111,-0.0002168123910554192,0,1.1603571107085011,1.1599180918612568,-9.793169386869856,-9.793169386869856,1.1988742976186992,1.1987096355734939,29.52029050875629,42.364842575695654,0,1
2023-06-06 01:22:00,2023-06-06 01:22:59,1.151,1.151,1.149,1.153,1.1530889820578671,1.151,1.149,1.1530889820578671,True,0.003299632037928032,-0.00032185156583084264,0,1.160137601284879,1.159680903972816,-12.053144191791738,-12.053144191791738,1.198397936448364,1.198234912831469,8.68663123481076,29.605843579199757,0,1
2023-06-06 01:23:00,2023-06-06 01:23:59,1.151,1.151,1.151,1.153,1.1520444910289336,1.1515,1.151,1.153,True,0.0032068011780760296,-0.0003650721996548956,0,1.1599092526288475,1.159438034578844,-13.559794061739659,-13.559794061739659,1.1979312903145494,1.1977649136988178,3.999995027886358,14.068972257151072,0,1
2023-06-06 01:24:00,2023-06-06 01:24:59,1.152,1.151,1.151,1.152,1.1517722455144668,1.1515,1.151,1.152,True,0.003049172522499162,-0.0003657886998523301,0,1.1596736436038457,1.1591923584379376,-14.564227308371606,-14.564227308371606,1.1974692874258475,1.1972995911744515,7.999990055772616,6.895538772823181,0,1
2023-06-06 01:25:00,2023-06-06 01:25:59,1.151,1.148,1.147,1.151,1.1516361227572334,1.1492499999999999,1.147,1.1516361227572334,True,0.0031170887708920794,-0.0005441098867900414,0,1.1594330010208915,1.1589307207322295,-19.21141565870566,-19.21141565870566,1.1969894935211127,1.196809047978686,7.999990055772616,6.666658379810467,0,1
2023-06-06 01:26:00,2023-06-06 01:26:59,1.149,1.15,1.148,1.15,1.1504430613786165,1.1492499999999999,1.148,1.1504430613786165,True,0.00303729671582836,-0.0004855061976814373,0,1.1591818608765605,1.1586583114872055,-16.496374587131307,-16.496374587131307,1.1965144736850817,1.1963432863072563,3.999995027886358,6.666658379810467,0,1
2023-06-06 01:27:00,2023-06-06 01:27:59,1.149,1.147,1.147,1.149,1.1498465306893082,1.1480000000000001,1.147,1.1498465306893082,True,0.003034632664697755,-0.0006184189891254356,0,1.158920086181883,1.158370714421314,-18.393373179207202,-18.393373179207202,1.196031742603638,1.1958523083340498,9.947598300641403e-14,3.999995027886294,0,1
2023-06-06 01:28:00,2023-06-06 01:28:59,1.148,1.145,1.142,1.148,1.1489232653446542,1.14575,1.142,1.1489232653446542,True,0.003246444617219344,-0.0007996044426836148,0,1.1586454003015985,1.158057695706169,-21.38249488890786,-21.38249488890786,1.1955314267568355,1.195346315216298,9.947598300641403e-14,1.3333316759621214,0,1
2023-06-06 01:29:00,2023-06-06 01:29:59,1.146,1.15,1.145,1.151,1.147336632672327,1.148,1.145,1.151,True,0.0034431271445608197,-0.0005225593162936307,0,1.1583515480038837,1.157742247381853,-14.139371064401566,-14.139371064401566,1.195058477236867,1.1948951080997179,14.676024807823703,4.89200826927457,0,2
2023-06-06 01:30:00,2023-06-06 01:30:59,1.149,1.145,1.144,1.15,1.1476683163361634,1.1469999999999998,1.144,1.15,True,0.0036257609199493333,-0.0006465539809237656,0,1.1580468976928684,1.1574201894566585,-14.355349916288283,-14.355349916288283,1.194580283433515,1.1943986393624073,26.134385972219096,13.603470260014236,0,1
2023-06-06 01:31:00,2023-06-06 01:31:59,1.145,1.146,1.144,1.147,1.1473341581680816,1.1455,1.144,1.1473341581680816,True,0.003581063711381532,-0.0006117818700206324,0,1.1577335435747633,1.1570848458108765,-13.046175766312949,-13.046175766312949,1.1940919224043258,1.1939170608612888,33.12337469684059,24.644595158961067,0,1
2023-06-06 01:32:00,2023-06-06 01:32:59,1.147,1.147,1.145,1.147,1.1464170790840407,1.1465,1.145,1.147,True,0.003468130589139994,-0.0004749245478009715,0,1.1574091946928198,1.156748204101344,-10.66845802941183,-10.66845802941183,1.193618370937616,1.1934502244348084,31.622634423885984,30.29346503098183,0,2
2023-06-06 01:33:00,2023-06-06 01:33:59,1.147,1.147,1.145,1.148,1.1464585395420204,1.14675,1.145,1.148,True,0.003434692689915701,-0.0003460066674292428,0,1.1570786993970819,1.1564145654030922,-9.083312871477752,-9.083312871477752,1.193152018987988,1.1929880331468998,39.39205564898714,34.71268825657118,0,2
2023-06-06 01:34:00,2023-06-06 01:34:59,1.147,1.152,1.147,1.152,1.1466042697710102,1.1495,1.147,1.152,True,0.0035465003549217146,0.0001154120227145148,0,1.156746632400087,1.156104448037552,-1.507465171789022,-0.0,1.1927176705403464,1.1925801920210601,65.73640025769897,45.5836967768573,0,2
2023-06-06 01:35:00,2023-06-06 01:35:59,1.151,1.152,1.15,1.153,1.148052134885505,1.1515,1.15,1.153,True,0.003507464615284457,0.0004280403368064193,0,1.1564255402188195,1.1558286990445277,3.5430999613368,3.5430999613368,1.1923075444653182,1.1921764090158755,85.89444905616331,63.67430165428308,0,2
2023-06-06 01:36:00,2023-06-06 01:36:59,1.151,1.154,1.151,1.154,1.1497760674427524,1.1524999999999999,1.151,1.154,True,0.003471217142764131,0.0007668787604639838,0,1.1561271196316736,1.15558876150769,8.942291463956899,8.942291463956899,1.191911449495514,1.1917965442495484,100.00000000000011,83.8769497712874,0,2
2023-06-06 01:37:00,2023-06-06 01:37:59,1.153,1.153,1.152,1.154,1.1511380337213761,1.153,1.152,1.154,True,0.003366130203995265,0.0009004833359208221,0,1.1558579405696818,1.155382095340556,10.416626271716815,10.416626271716815,1.1915242708935687,1.1914105089833837,100.00000000000011,95.29814968538778,0,2
2023-06-06 01:38:00,2023-06-06 01:38:59,1.153,1.155,1.153,1.155,1.152069016860688,1.154,1.153,1.155,True,0.00326854947513846,0.0010996434819106247,0,1.1556200179551188,1.155209902969927,13.596654056909067,13.596654056909067,1.191150895063782,1.1910482153616586,100.00000000000011,100.00000000000006,0,2
2023-06-06 01:39:00,2023-06-06 01:39:59,1.154,1.154,1.153,1.154,1.153034508430344,1.15375,1.153,1.154,True,0.0031779387983428557,0.0011247358049361871,0,1.1554149604625228,1.155064318218643,13.44459225293459,13.44459225293459,1.190778746854192,1.1906795764028362,99.05929349952663,99.6864311665089,0,2
2023-06-06 01:40:00,2023-06-06 01:40:59,1.155,1.154,1.153,1.156,1.153392254215172,1.1545,1.153,1.156,True,0.0031652288841755014,0.0011028964829300255,0,1.1552396393405828,1.154945826497007,13.343217716951607,13.343217716951607,1.1904177642984288,1.190314605493355,99.05929349952663,99.37286233301774,1,2
2023-06-06 01:41:00,2023-06-06 01:41:59,1.155,1.154,1.153,1.155,1.1539461271075862,1.15425,1.153,1.155,True,0.0030819982495915374,0.001049894309396907,0,1.1550927329187948,1.1548477630215026,13.275634692962953,13.275634692962953,1.1900578860467033,1.1899532661352124,98.05349188951193,98.72402629618834,0,2
2023-06-06 01:42:00,2023-06-06 01:42:59,1.154,1.155,1.153,1.155,1.1540980635537932,1.15425,1.153,1.155,True,0.003004712660334999,0.001045981403223684,0,1.1549702479701487,1.1547664556675705,15.001129512040677,15.001129512040677,1.1897015886731042,1.1896054724423246,97.82747335578297,98.3134195816071,0,2
2023-06-06 01:43:00,2023-06-06 01:43:59,1.155,1.155,1.154,1.156,1.1541740317768965,1.155,1.154,1.156,True,0.0029329474703110705,0.001003702739321826,0,1.1548683518188596,1.154704044178505,16.15145939142583,16.15145939142583,1.189356299233571,1.189261139383197,97.82747335578297,97.90281286702589,0,2
2023-06-06 01:44:00,2023-06-06 01:44:59,1.155,1.157,1.153,1.157,1.1545870158884481,1.1555,1.153,1.157,True,0.0030091655081459943,0.001074021823105568,0,1.1547861979986822,1.154660368277656,20.00265303107632,20.00265303107632,1.189019420634232,1.1889401330211753,98.83327496579767,98.16274055912113,0,2
2023-06-06 01:45:00,2023-06-06 01:45:59,1.156,1.153,1.153,1.157,1.155043507944224,1.15475,1.153,1.157,True,0.0030799394004212806,0.0008007995378381623,0,1.154723283138169,1.154626596902698,11.869714584110596,11.869714584110596,1.1886784313741898,1.188582519757283,95.58883063002015,97.4165263172002,0,1
2023-06-06 01:46:00,2023-06-06 01:46:59,1.153,1.153,1.152,1.154,1.154896753972112,1.153,1.152,1.154896753972112,True,0.003002800871819761,0.000590712650387888,0,1.1546749400204335,1.1545888482771125,6.447755619466783,6.447755619466783,1.1883234221067849,1.1882284648343249,81.54897793840419,91.99036117807395,0,1
2023-06-06 01:47:00,2023-06-06 01:47:59,1.153,1.154,1.153,1.154,1.153948376986056,1.1535,1.153,1.154,True,0.0028597436666897703,0.0004984842025946056,0,1.154631894148773,1.1545516578615855,5.180622571143459,5.180622571143459,1.1879769203942796,1.1878878830946797,62.730808819145295,79.95620579585649,0,1
2023-06-06 01:48:00,2023-06-06 01:48:59,1.153,1.153,1.151,1.154,1.1537241884930278,1.15275,1.151,1.154,True,0.002869761976211922,0.0003486390041335142,0,1.1545917760051791,1.154510016296966,1.9760927445648164,0.0,1.187626403773441,1.1875407399793099,33.808644855791925,59.362810537780426,0,1
2023-06-06 01:49:00,2023-06-06 01:49:59,1.153,1.153,1.151,1.154,1.153237094246514,1.15275,1.151,1.154,True,0.0028790646921967766,0.00023627277822600153,0,1.1545508961510724,1.1544651560167802,-0.16026047315428116,-0.0,1.1872793748801729,1.187197051024292,14.515164214074558,37.01820596300388,0,1
2023-06-06 01:50:00,2023-06-06 01:50:59,1.153,1.152,1.15,1.154,1.1529935471232569,1.15225,1.15,1.154,True,0.002959131499897007,8.422568956828022e-05,0,1.1545080260839262,1.1544146388766903,-4.048512052147927,-0.0,1.1869308238863403,1.186846831611115,1.1842378929335004e-13,16.107936356622155,0,1
2023-06-06 01:51:00,2023-06-06 01:51:59,1.151,1.151,1.151,1.152,1.1526217735616284,1.15125,1.151,1.1526217735616284,True,0.0028191935356186412,-8.67871989271887e-05,0,1.1544613324803081,1.154353153588855,-8.714187025521532,-8.714187025521532,1.1865757908128445,1.186490146719462,1.1842378929335004e-13,4.838388071358219,0,1
2023-06-06 01:52:00,2023-06-06 01:52:59,1.151,1.152,1.151,1.153,1.1519358867808143,1.1517499999999998,1.151,1.153,True,0.002760679711645881,-0.00012509937738709742,0,1.1544072430345815,1.1542868853873596,-8.114888084288701,-8.114888084288701,1.1862292655311246,1.1861469611799649,4.397049434862492,1.4656831449541972,0,1
2023-06-06 01:53:00,2023-06-06 01:53:59,1.152,1.153,1.152,1.153,1.151842943390407,1.1524999999999999,1.152,1.153,True,0.0026349168750997545,-7.569210203609574e-05,0,1.1543470642109706,1.1542224520322382,-4.602674806460676,-0.0,1.1858936509487255,1.1858171406707114,15.146373669013798,6.514474367958758,0,2
2023-06-06 01:54:00,2023-06-06 01:54:59,1.152,1.151,1.15,1.152,1.1521714716952034,1.1512499999999999,1.15,1.1521714716952034,True,0.0026609942411640656,-0.00017738050711131777,0,1.1542847581216042,1.1541513290165784,-7.197857633618277,-7.197857633618277,1.185548938003962,1.1854707014600576,16.455550580734158,11.999657894870104,-1,1
2023-06-06 01:55:00,2023-06-06 01:55:59,1.151,1.152,1.15,1.152,1.1517107358476015,1.1512499999999999,1.15,1.152,True,0.002613780366795204,-0.00016618740655728462,0,1.1542180435690912,1.154075427163655,-5.91378236102581,-0.0,1.1852076550387485,1.185137659654485,13.367678057592142,14.989867435779987,0,1
2023-06-06 01:56:00,2023-06-06 01:56:59,1.151,1.152,1.151,1.152,1.1514803679238006,1.1515,1.151,1.152,True,0.002498510340595539,-0.00015081560662278835,0,1.154146735366373,1.1539979989318432,-5.057732179297503,-0.0,1.1848722554861242,1.1848079316977238,6.311910125079468,12.045046254468545,0,1
2023-06-06 01:57:00,2023-06-06 01:57:59,1.152,1.152,1.151,1.152,1.1514901839619003,1.15175,1.151,1.152,True,0.00239147388769585,-0.00013318608250348607,0,1.154072367149108,1.1539216154770764,-4.487032058145296,-0.0,1.1845426808046702,1.1844814846161544,11.14059192510441,10.27339336925863,0,1
2023-06-06 01:58:00,2023-06-06 01:58:59,1.152,1.152,1.151,1.152,1.1516200919809503,1.15175,1.151,1.152,True,0.002292082895717567,-0.00011467095357418274,0,1.153996991313092,1.1538465786543555,-4.106565310710494,-0.0,1.1842163854732803,1.1841582857642523,17.468597456271755,11.640366502151835,0,1
2023-06-06 01:59:00,2023-06-06 01:59:59,1.152,1.152,1.152,1.152,1.151685045990475,1.152,1.152,1.152,True,0.002128362688880598,-9.622732764407772e-05,0,1.1539217849837238,1.1537748321427836,-3.8529208124206207,-0.0,1.183895824423795,1.1838383028213244,31.48211920282317,20.03043619473307,0,1
2023-06-06 02:00:00,2023-06-06 02:00:59,1.152,1.149,1.149,1.152,1.1518425229952376,1.1505,1.149,1.152,True,0.0021906224968176904,-0.0002842151916291739,0,1.1538483085632538,1.153695876778491,-11.76571640392963,-11.76571640392963,1.1835635276633591,1.1834916530420077,25.344260491077872,24.76499238339089,0,1
2023-06-06 02:01:00,2023-06-06 02:01:59,1.149,1.145,1.145,1.15,1.1511712614976188,1.14725,1.145,1.1511712614976188,True,0.0023912923184735623,-0.0006653344655005323,0,1.1537720926708726,1.1535894890952592,-20.43209026831537,-20.43209026831537,1.1832021990298929,1.1831086515192015,17.707078048190166,24.84448591403036,0,1
2023-06-06 02:02:00,2023-06-06 02:02:59,1.146,1.146,1.145,1.147,1.1492106307488095,1.146,1.145,1.1492106307488095,True,0.0023633428671540227,-0.0008102642272380126,0,1.153680790883066,1.1534536573577214,-22.70279188295426,-22.70279188295426,1.182832027895267,1.1827394112055776,1.1842378929335004e-13,14.350446179756013,0,1
2023-06-06 02:03:00,2023-06-06 02:03:59,1.147,1.146,1.145,1.147,1.1476053153744048,1.14625,1.145,1.1476053153744048,True,0.00233738980521445,-0.0008632317367630826,0,1.1535672241203938,1.1532972913251986,-24.216592959380186,-24.216592959380186,1.1824680276177022,1.182373844924925,2.247189979741236,6.651422675977134,0,1
2023-06-06 02:04:00,2023-06-06 02:04:59,1.146,1.148,1.145,1.148,1.1469276576872023,1.14675,1.145,1.148,True,0.002384719104841982,-0.0007158124869009095,0,1.1534322577227965,1.1531292618668303,-18.617934083689917,-18.617934083689917,1.1821126243578246,1.1820318166172143,9.030764455765699,3.759318145168978,0,2
2023-06-06 02:05:00,2023-06-06 02:05:59,1.148,1.146,1.146,1.148,1.146838828843601,1.1469999999999998,1.146,1.148,True,0.0023572391687818406,-0.0007185729271070123,0,1.1532807597948136,1.1529549178379137,-18.227294167193048,-18.227294167193048,1.1817632450109805,1.1816732910787346,18.099597447855047,9.792517294453953,0,-2
2023-06-06 02:06:00,2023-06-06 02:06:59,1.146,1.147,1.146,1.148,1.1469194144218005,1.14675,1.146,1.148,True,0.0023317220852974233,-0.0006114177301445997,0,1.1531178388163639,1.1527750832227777,-15.183954126729233,-15.183954126729233,1.181414854513359,1.1813282832073044,23.742035983233993,16.95746596228487,0,-1
2023-06-06 02:07:00,2023-06-06 02:07:59,1.147,1.147,1.146,1.149,1.1468347072109002,1.14725,1.146,1.149,True,0.0023794562220619013,-0.0005055829541903971,0,1.152946461019571,1.152595590218938,-13.155060766420021,-13.155060766420021,1.181074905712231,1.1809867082500178,30.353769325581123,24.065134252223345,0,2
2023-06-06 02:08:00,2023-06-06 02:08:59,1.147,1.147,1.146,1.148,1.1470423536054501,1.147,1.146,1.148,True,0.002352352206200337,-0.0004045281947325113,0,1.1527710256192545,1.152415882415099,-11.802465192880547,-11.802465192880547,1.1807358519240496,1.1806485320485252,33.25029464692416,29.11536665191305,0,2
2023-06-06 02:09:00,2023-06-06 02:09:59,1.147,1.148,1.146,1.148,1.147021176802725,1.1472499999999999,1.146,1.148,True,0.0023271841914717416,-0.00024186913196476878,0,1.1525934540171767,1.1522389537502231,-7.42959503628704,-0.0,1.1804026593675914,1.1803236710331169,40.03943719057169,34.54783372102562,0,2
2023-06-06 02:10:00,2023-06-06 02:10:59,1.147,1.147,1.145,1.147,1.1471355884013623,1.1465,1.145,1.1471355884013623,True,0.0023752424635094666,-0.00018343202998653352,0,1.1524162038837,1.1520602812421976,-7.499968217492537,-0.0,1.1800653194733866,1.179992092216867,36.763521222298515,36.684417686598074,0,2
2023-06-06 02:11:00,2023-06-06 02:11:59,1.146,1.147,1.145,1.147,1.1468177942006812,1.14625,1.145,1.147,True,0.002348439430401648,-0.00012613041330954036,0,1.152238242562949,1.1518797464117474,-7.546883671629537,-0.0,1.1797288486328554,1.1796638126923211,33.45273870118108,36.75189903801705,0,2
2023-06-06 02:12:00,2023-06-06 02:12:59,1.146,1.148,1.146,1.15,1.1465338971003405,1.1475,1.146,1.15,True,0.002466408042515816,-3.3582925094912015e-06,0,1.1520589944873483,1.1517075603520155,-3.7189677136491,-0.0,1.179408163571832,1.1793487498794621,41.05330757594472,37.08985583314139,0,2
2023-06-06 02:13:00,2023-06-06 02:13:59,1.148,1.148,1.146,1.149,1.1470169485501702,1.1477499999999998,1.146,1.149,True,0.0025045217537646948,8.766435009193688e-05,0,1.151883277419682,1.1515448439835336,-1.1670237416621418,-0.0,1.1790931569691272,1.179036822019965,64.26724905917963,46.257765112101765,0,2
2023-06-06 02:14:00,2023-06-06 02:14:59,1.148,1.149,1.147,1.15,1.147383474275085,1.1484999999999999,1.147,1.15,True,0.002539913057067209,0.00022250155532463432,0,1.151714060701608,1.1513958453744988,3.978969270194284,3.978969270194284,1.1787887474470464,1.1787379481690201,88.94600660019802,64.75552107844074,0,2
2023-06-06 02:15:00,2023-06-06 02:15:59,1.149,1.148,1.147,1.149,1.1479417371375424,1.14825,1.147,1.149,True,0.0025013478387052655,0.00024210617623505798,0,1.1515549530380536,1.1512569538769946,2.8654236008592164,0.0,1.178484879313245,1.1784320979384826,97.80312019620908,83.67212528519552,0,2
2023-06-06 02:16:00,2023-06-06 02:16:59,1.147,1.149,1.146,1.149,1.1480958685687712,1.14775,1.146,1.149,True,0.002536965850226326,0.0003230767781369974,0,1.151405953457524,1.1511235421911241,5.461411052500985,5.461411052500985,1.1781790596185857,1.1781392412425773,90.75035547731709,92.49982742457468,0,2
2023-06-06 02:17:00,2023-06-06 02:17:59,1.148,1.149,1.148,1.15,1.1479229342843857,1.1487499999999997,1.148,1.15,True,0.002498611146638731,0.0003709880496587988,0,1.151264747824324,1.1510022212089988,7.1920693535955,7.1920693535955,1.177886233154719,1.1778492985436462,90.75035547731709,93.10127705028104,0,2
2023-06-06 02:18:00,2023-06-06 02:18:59,1.149,1.15,1.148,1.15,1.1483364671421927,1.1492499999999999,1.148,1.15,True,0.0024629960647359647,0.000463340067552713,0,1.1511334845166614,1.1508946822456514,11.3113187794985,11.3113187794985,1.1776012955113886,1.1775721910954506,92.94723528110812,91.48264874524739,0,2
2023-06-06 02:19:00,2023-06-06 02:19:59,1.15,1.15,1.149,1.15,1.1487932335710962,1.14975,1.149,1.15,True,0.002358496345826245,0.0005109500691262204,0,1.1510140833811564,1.150802162325996,14.057485063433845,14.057485063433845,1.1773241681928672,1.177297840935297,100.00000000000011,94.56586358614173,0,2
2023-06-06 02:20:00,2023-06-06 02:20:59,1.149,1.147,1.147,1.15,1.1492716167855481,1.14825,1.147,1.15,True,0.002404318035410077,0.0003209469056787695,0,1.1509081228535762,1.1507118101949056,4.4328464636435,4.4328464636435,1.177034872986968,1.1769963698812145,87.31339500071216,93.42021009394007,0,1
2023-06-06 02:21:00,2023-06-06 02:21:59,1.146,1.146,1.145,1.146,1.148760808392774,1.14575,1.145,1.148760808392774,True,0.0023754381757379287,0.00012246917364493377,0,1.1508099665242408,1.150606632032041,-3.9190426427848664,-0.0,1.1767235807184409,1.1766879482903567,59.56776418809314,82.29371972960175,0,1
2023-06-06 02:22:00,2023-06-06 02:22:59,1.146,1.147,1.146,1.148,1.147255404196387,1.14675,1.146,1.148,True,0.0023486211631852196,6.436652617795185e-05,0,1.1507082992781408,1.1504973639276102,-5.595612972262586,-5.595612972262586,1.1764253361341777,1.176392545819806,39.84374237336271,62.24163385405595,0,1
2023-06-06 02:23:00,2023-06-06 02:23:59,1.147,1.149,1.147,1.15,1.1470027020981934,1.14825,1.147,1.15,True,0.0023951482229576963,0.0001680956987396621,0,1.1506028316028754,1.1503959170740181,-1.132080369733245,-0.0,1.1761449845308525,1.1761199831748328,43.21404841412138,47.541851658525694,0,2
2023-06-06 02:24:00,2023-06-06 02:24:59,1.149,1.149,1.149,1.15,1.1476263510490967,1.1492499999999999,1.149,1.15,True,0.0022954947784607103,0.0002343795697291862,0,1.1504993743384466,1.1503081850429808,1.8436080319529822,0.0,1.1758773727444758,1.1758501325959787,67.6804054836691,50.246065423717674,0,2
2023-06-06 02:25:00,2023-06-06 02:25:59,1.149,1.148,1.147,1.149,1.1484381755245483,1.14825,1.147,1.149,True,0.00227438800857066,0.00020452380734010587,0,1.1504037796907136,1.1502249916597593,0.5564833917119358,0.0,1.1756024735131876,1.175573016848755,75.94711525639757,62.28052305139596,0,1
2023-06-06 02:26:00,2023-06-06 02:26:59,1.147,1.147,1.145,1.147,1.1483440877622741,1.1465,1.145,1.1483440877622741,True,0.0023262174365298906,0.00011351737530281556,0,1.1503143856752365,1.1501339355199005,-3.008719258658722,-0.0,1.17531289666231,1.1752887082233943,62.46596990305803,68.69783021437485,0,1
2023-06-06 02:27:00,2023-06-06 02:27:59,1.147,1.146,1.146,1.147,1.147422043881137,1.1465,1.146,1.147422043881137,True,0.002231487619634906,-1.3124168040719135e-05,0,1.1502241605975685,1.1500373137184001,-7.628628191186287,-7.628628191186287,1.175026201173133,1.1749972782908231,42.947799334260516,60.453628164571974,0,1
2023-06-06 02:28:00,2023-06-06 02:28:59,1.147,1.146,1.145,1.147,1.1469610219405686,1.14625,1.145,1.147,True,0.0022149527896609842,-8.852609908589141e-05,0,1.1501307371579843,1.149935257694794,-10.708567479537997,-10.708567479537997,1.1747398708132013,1.174708748158576,30.0083730070608,45.14071408145972,0,1
2023-06-06 02:29:00,2023-06-06 02:29:59,1.145,1.147,1.145,1.148,1.1466055109702844,1.14625,1.145,1.148,True,0.0022710275903994777,-5.869869842008483e-05,0,1.1500329974263892,1.1498296234827627,-8.402924667693242,-8.402924667693242,1.1744563895115774,1.1744330392216749,28.409078949727913,33.78841709701634,0,2
2023-06-06 02:30:00,2023-06-06 02:30:59,1.148,1.147,1.145,1.148,1.146427755485142,1.147,1.145,1.148,True,0.0023230970482280783,-3.065209687648485e-05,0,1.1499313104545759,1.1497270426984514,-6.8658294597967355,-6.8658294597967355,1.1741831916059895,1.1741600736572801,33.90736545561935,30.77493913746929,0,2
2023-06-06 02:31:00,2023-06-06 02:31:59,1.146,1.146,1.146,1.147,1.1467138777425712,1.14625,1.146,1.147,True,0.002228590116211795,-7.353745598238633e-05,0,1.1498291765765136,1.1496224239149304,-9.225544763282393,-9.225544763282393,1.1739052494009548,1.1738798739193967,35.42893361138507,32.58179267224404,0,1
2023-06-06 02:32:00,2023-06-06 02:32:59,1.146,1.144,1.143,1.146,1.1464819388712857,1.14475,1.143,1.1464819388712857,True,0.002283690822196659,-0.00022880840135109694,0,1.149725800245722,1.1495066268012155,-14.948278888197848,-14.948278888197848,1.1736151474168657,1.1735825617410942,27.20835395359224,32.18155100686548,0,1
2023-06-06 02:33:00,2023-06-06 02:33:59,1.143,1.143,1.143,1.144,1.1456159694356427,1.14325,1.143,1.1456159694356427,True,0.0021919986206111754,-0.0003808237267378515,0,1.1496162135234687,1.1493725318056751,-20.113802179142088,-20.113802179142088,1.1733130066465487,1.1732782576441678,11.174178426236288,24.603821997071133,0,1
2023-06-06 02:34:00,2023-06-06 02:34:59,1.143,1.143,1.141,1.144,1.1444329847178214,1.14275,1.141,1.1444329847178214,True,0.0022497130048532263,-0.0004547158346752112,0,1.1494943726645719,1.1492215202616345,-23.557484373104916,-23.557484373104916,1.1730088971276775,1.1729769814487034,0.7160153063389115,13.032849228722412,0,-2
2023-06-06 02:35:00,2023-06-06 02:35:59,1.143,1.144,1.142,1.144,1.1435914923589108,1.1432499999999999,1.142,1.144,True,0.0022318763616494246,-0.0004054674643874537,0,1.1493579464631032,1.1490616568315124,-20.53981537095504,-20.53981537095504,1.1727127886985464,1.1726886532750844,4.499822036067091,5.463338589547362,0,-2
2023-06-06 02:36:00,2023-06-06 02:36:59,1.143,1.143,1.142,1.143,1.1434207461794554,1.14275,1.142,1.1434207461794554,True,0.0022153137643887515,-0.00041529702608563866,0,1.1492098016473078,1.148892490550634,-20.80098207790613,-20.80098207790613,1.172414651497566,1.1723932437897602,6.702358511210664,3.9727319512054877,0,-2
2023-06-06 02:37:00,2023-06-06 02:37:59,1.143,1.143,1.141,1.143,1.1430853730897277,1.1425,1.141,1.1430853730897277,True,0.0021999342097895553,-0.00039363148752850864,0,1.1490511460989707,1.1487154454646549,-20.975093215873528,-20.975093215873528,1.1721169932737097,1.1721007737023,7.750538111017089,6.317572886098213,0,-2
2023-06-06 02:38:00,2023-06-06 02:38:59,1.142,1.141,1.141,1.143,1.1427926865448639,1.14175,1.141,1.143,True,0.002185653194804587,-0.0004890763344760681,0,1.1488832957818127,1.1485282662599843,-24.495976754703417,-24.495976754703417,1.1718148341366579,1.1717913132674511,3.2507160749500965,5.901204232392549,0,-2
2023-06-06 02:39:00,2023-06-06 02:39:59,1.142,1.14,1.14,1.142,1.1422713432724318,1.141,1.14,1.1422713432724318,True,0.0021723922523185454,-0.0005865814312757942,0,1.1487057810208985,1.1483292468432025,-27.926867225334924,-27.926867225334924,1.1715082188716166,1.171474981792153,1.0481795998065235,4.0164779285911685,0,-2
2023-06-06 02:40:00,2023-06-06 02:40:59,1.141,1.142,1.141,1.142,1.141635671636216,1.1415,1.141,1.142,True,0.002160078520010078,-0.00047436879313364944,0,1.1485175139320505,1.14812570156074,-21.818291198672316,-21.818291198672316,1.171209629629113,1.171181698391236,6.399970021441601,3.5662885653993395,0,-1
2023-06-06 02:41:00,2023-06-06 02:41:59,1.141,1.142,1.141,1.142,1.1415678358181078,1.1415,1.141,1.142,True,0.0020772157685807788,-0.00036797371534864984,0,1.1483216077463954,1.1479199895694996,-17.74590718089724,-17.74590718089724,1.170914011423848,1.1708913332331143,12.799940042883117,6.7493632213770125,0,-1
2023-06-06 02:42:00,2023-06-06 02:42:59,1.142,1.14,1.139,1.142,1.141533917909054,1.1407500000000002,1.139,1.142,True,0.002143128927967858,-0.0004066588740130892,0,1.1481207986579476,1.1477088373186293,-19.065577302260266,-19.065577302260266,1.1706138720066954,1.1705839567830336,14.800269366261903,11.333393143528804,0,-2
2023-06-06 02:43:00,2023-06-06 02:43:59,1.14,1.139,1.138,1.14,1.141141958954527,1.1392499999999999,1.138,1.141141958954527,True,0.002132905433113011,-0.0004681706006719917,0,1.1479148179882885,1.14748455904689,-21.38249252018677,-21.38249252018677,1.1703017936782707,1.1702696885563368,8.400299344820402,12.00016958465507,0,-2
2023-06-06 02:44:00,2023-06-06 02:44:59,1.14,1.141,1.139,1.141,1.1401959794772636,1.14025,1.139,1.141,True,0.0021234121878906534,-0.00033520000544026447,0,1.1476996885175894,1.1472583464175317,-16.142084842431743,-16.142084842431743,1.1700027708556013,1.1699784478741841,14.976024512886497,12.725531074656198,0,-1
2023-06-06 02:45:00,2023-06-06 02:45:59,1.14,1.139,1.137,1.14,1.1402229897386318,1.139,1.137,1.1402229897386318,True,0.002257454174469893,-0.0003561991928940889,0,1.1474790174675606,1.1470235865846918,-16.24264850558997,-16.24264850558997,1.169694285573456,1.1696702046117544,22.301161859030913,15.225828572245868,0,-2
2023-06-06 02:46:00,2023-06-06 02:46:59,1.14,1.14,1.138,1.14,1.139611494869316,1.1395,1.138,1.14,True,0.0022390645905791865,-0.000269505902136567,0,1.1472513020261264,1.1467871387122865,-13.489555809839594,-0.0,1.1693938449209837,1.1693749786952194,45.86696444447805,27.714716938798418,0,-1
2023-06-06 02:47:00,2023-06-06 02:47:59,1.139,1.141,1.138,1.142,1.1395557474346578,1.1400000000000001,1.138,1.142,True,0.002364845691252102,-0.00011663846970051727,0,1.1470192203692067,1.1465544146500513,-9.092349927360786,-0.0,1.1691013688521184,1.1690926405987496,66.22460258830377,44.79757629727084,0,-1
2023-06-06 02:48:00,2023-06-06 02:48:59,1.141,1.141,1.14,1.142,1.139777873717329,1.141,1.14,1.142,True,0.0023387852847340947,3.7681369107088122e-06,0,1.1467868175096292,1.1463330801677767,-6.160879339041578,-0.0,1.1688217532416496,1.168813111836573,90.2324692521139,67.4413454282985,0,-1
2023-06-06 02:49:00,2023-06-06 02:49:59,1.141,1.142,1.141,1.142,1.1403889368586646,1.1415,1.141,1.142,True,0.002243157764395937,0.0001663470915296639,0,1.146559948838703,1.1461256619035654,-1.5194053737173476,-0.0,1.1685498950004392,1.1685463147038708,100.0000000000001,85.48569061347251,0,2
2023-06-06 02:50:00,2023-06-06 02:50:59,1.141,1.141,1.14,1.142,1.1409444684293324,1.141,1.14,1.142,True,0.00222578935265337,0.00021147785262612493,0,1.1463428053711342,1.1459271925538446,-1.5309514479987243,-0.0,1.168275766691977,1.1682722220202502,96.29313446557417,95.50853457256265,0,2
2023-06-06 02:51:00,2023-06-06 02:51:59,1.14,1.14,1.139,1.14,1.1409722342146662,1.1397499999999998,1.139,1.1409722342146662,True,0.002209661541749558,0.00017830321222425194,0,1.1461349989624894,1.1457285541289093,-4.157557762304776,-0.0,1.16799192821743,1.1679909063782576,84.17907037520011,93.49073494692472,0,1
2023-06-06 02:52:00,2023-06-06 02:52:59,1.139,1.14,1.138,1.14,1.1403611171073331,1.1392499999999999,1.138,1.1403611171073331,True,0.0021946857173388754,0.00016427152758657524,0,1.1459317765456993,1.1455277149289764,-5.908628638508816,-0.0,1.1677059388819333,1.167712389896882,69.01080269576478,83.1610025121796,0,2
2023-06-06 02:53:00,2023-06-06 02:53:59,1.139,1.139,1.138,1.139,1.1398055585536664,1.13875,1.138,1.1398055585536664,True,0.002180779594671813,9.440671687945511e-05,0,1.1457297457373379,1.1453230904821752,-9.63745816222103,-0.0,1.1674178200870882,1.1674266944750225,54.56689341695693,69.25225549597387,0,1
2023-06-06 02:54:00,2023-06-06 02:54:59,1.138,1.138,1.137,1.139,1.1392777792768332,1.138,1.137,1.1392777792768332,True,0.0021678667664809695,-8.573265004481467e-06,0,1.1455264181097564,1.1451117440276117,-14.153862627573382,-14.153862627573382,1.1671251054593559,1.1671338915449228,44.277279120826115,55.951658411182535,0,-2
2023-06-06 02:55:00,2023-06-06 02:55:59,1.138,1.138,1.136,1.138,1.1386388896384165,1.1375,1.136,1.1386388896384165,True,0.0021558762831609003,-5.975420202189441e-05,0,1.145319081068684,1.1448931248187695,-17.164798937808285,-17.164798937808285,1.166830328290606,1.166844002076814,34.34966064017081,44.39794439265122,0,-2
2023-06-06 02:56:00,2023-06-06 02:56:59,1.137,1.134,1.134,1.137,1.1380694448192084,1.1355,1.134,1.1380694448192084,True,0.0022875994057922648,-0.0003493357076318703,0,1.1451061029437266,1.144656557552674,-23.784423900271374,-23.784423900271374,1.1665185837305005,1.166517196086,19.16710212007126,32.59801396035599,0,-2
2023-06-06 02:57:00,2023-06-06 02:57:59,1.135,1.136,1.133,1.136,1.1367847224096042,1.135,1.133,1.1367847224096042,True,0.002338485162521381,-0.000368049944752986,0,1.1448813302482002,1.1444040522261756,-21.33930641372454,-21.33930641372454,1.1662049659819385,1.166213542393602,8.237447173242794,20.584736644494885,0,-2
2023-06-06 02:58:00,2023-06-06 02:58:59,1.135,1.134,1.133,1.136,1.1358923612048022,1.1345,1.133,1.136,True,0.0023857362223412746,-0.0004844847863033903,0,1.1446426912371879,1.144137300675974,-22.180903899257718,-22.180903899257718,1.1658894936836106,1.1658930096334665,1.0421293457814802e-13,9.134849764437984,0,-2
2023-06-06 02:59:00,2023-06-06 02:59:59,1.135,1.135,1.134,1.135,1.1351961806024011,1.13475,1.134,1.1351961806024011,True,0.0022867550636026203,-0.00045236602201719194,0,1.1443899959565809,1.143862878438845,-19.859310407105447,-19.859310407105447,1.165579647975316,1.1655856165027854,2.957179884908569,3.7315423527170872,0,-2
2023-06-06 03:00:00,2023-06-06 03:00:59,1.135,1.133,1.132,1.136,1.1349730903012005,1.134,1.132,1.136,True,0.002409129701916719,-0.0005306205999097277,0,1.1441264371977127,1.143579154046739,-20.854912859819567,-20.854912859819567,1.1652654226223278,1.165261381512708,3.212130096475064,2.0564366604611775,0,-2
2023-06-06 03:01:00,2023-06-06 03:01:59,1.133,1.13,1.129,1.133,1.1344865451506,1.13125,1.129,1.1344865451506,True,0.0025227632946369536,-0.0007444265606772688,0,1.1438527956222257,1.1432711847291344,-24.080804615807832,-24.080804615807832,1.1649269607056878,1.1649105219951685,3.212130096475064,3.1271466926194975,0,-2
2023-06-06 03:02:00,2023-06-06 03:02:59,1.129,1.131,1.129,1.133,1.1328682725753,1.1305,1.129,1.133,True,0.002628280202162886,-0.0007607700841168082,0,1.14356199017568,1.1429410944106144,-23.501031162767692,-23.501031162767692,1.1645844038827455,1.1645731038658633,0.2549502115665992,2.226403468172174,0,-2
2023-06-06 03:03:00,2023-06-06 03:03:59,1.13,1.127,1.126,1.13,1.13168413628765,1.12825,1.126,1.13168413628765,True,0.0027976887591512596,-0.000990329375457591,0,1.143251542293147,1.1425804154503347,-26.139016013403904,-26.139016013403904,1.1642228675257034,1.1641992421358547,1.0432395688061054e-13,1.155693436013854,0,-2
2023-06-06 03:04:00,2023-06-06 03:04:59,1.127,1.13,1.127,1.13,1.129967068143825,1.1284999999999998,1.127,1.13,True,0.002812139562069019,-0.0008658155797805133,0,1.142915978871741,1.1421998437443832,-21.71155235411755,-21.71155235411755,1.163867416107537,1.1638589511693287,2.4337703122532717,0.8962401746065899,0,-1
2023-06-06 03:05:00,2023-06-06 03:05:59,1.129,1.129,1.127,1.13,1.1292335340719124,1.12875,1.127,1.13,True,0.002825558164778367,-0.0007908452475192166,0,1.142557911308062,1.1418079367323604,-19.794478588627914,-19.794478588627914,1.1635179890815914,1.163512095933813,7.783557243014447,3.4057758517558727,0,-2
2023-06-06 03:06:00,2023-06-06 03:06:59,1.129,1.131,1.128,1.132,1.1289917670359562,1.13,1.128,1.132,True,0.002909446867294198,-0.0005442668342821961,0,1.142182924020211,1.141418370582364,-14.843658693340913,-0.0,1.1631844767524213,1.1631885924916856,27.60896540331727,12.608764319528262,0,-1
2023-06-06 03:07:00,2023-06-06 03:07:59,1.13,1.132,1.129,1.132,1.129495883517978,1.13075,1.129,1.132,True,0.0029159149482017475,-0.0002654922405771771,0,1.1418006473012874,1.1410384660451807,-9.874771687492071,-0.0,1.1628617456404569,1.162878258238037,56.474717597678556,30.622413414670024,0,-1
2023-06-06 03:08:00,2023-06-06 03:08:59,1.132,1.131,1.131,1.133,1.130122941758989,1.13175,1.131,1.133,True,0.002850492451901623,-0.00011512764135537378,0,1.141419556673234,1.1406756357763166,-8.206639278433762,-0.0,1.162552176032094,1.1625610616386535,84.45826400025071,56.18064900041545,0,-1
2023-06-06 03:09:00,2023-06-06 03:09:59,1.131,1.132,1.13,1.132,1.1309364708794947,1.1312499999999999,1.13,1.132,True,0.002789742991051507,8.27957225151537e-05,0,1.1410475962247753,1.1403253070687456,-5.160421229463331,-0.0,1.1622407115939637,1.1622569714730948,95.74734972479483,78.8934437742413,0,-1
2023-06-06 03:10:00,2023-06-06 03:10:59,1.132,1.132,1.131,1.132,1.1310932354397472,1.1317499999999998,1.131,1.132,True,0.0026619042059763914,0.0002338743232380685,0,1.1406864516467603,1.1399906550875276,-3.129609196816382,-0.0,1.1619373214288495,1.1619559070803278,97.78116055151372,92.66225809218638,0,-1
2023-06-06 03:11:00,2023-06-06 03:11:59,1.132,1.131,1.13,1.132,1.1314216177198735,1.1312499999999999,1.13,1.132,True,0.002614625334120935,0.0002789299655124632,0,1.140338553367144,1.1396672110399648,-4.0193298180175105,-0.0,1.1616319749469703,1.1616478881044041,95.47764384263648,96.33538470631497,0,-1
2023-06-06 03:12:00,2023-06-06 03:12:59,1.131,1.13,1.129,1.131,1.1313358088599368,1.13025,1.129,1.1313358088599368,True,0.0025707235245408687,0.00025296021729921767,0,1.1400028822035544,1.1393479491840621,-6.6291809380353826,-0.0,1.1613197164897866,1.1613329837451563,91.05780240144146,94.77220226519717,0,-1
2023-06-06 03:13:00,2023-06-06 03:13:59,1.13,1.131,1.129,1.131,1.1307929044299683,1.13025,1.129,1.131,True,0.0025299575585022356,0.0003189662294542325,0,1.1396754156938083,1.1390341704729205,-5.460548740624844,-0.0,1.161010565081928,1.1610311630113737,84.41912151176007,90.31818925194595,0,-1
2023-06-06 03:14:00,2023-06-06 03:14:59,1.13,1.129,1.129,1.131,1.130521452214984,1.12975,1.129,1.131,True,0.002492103447180648,0.00023523880412683242,0,1.1393547930833643,1.1387234310041285,-8.633878365272615,-0.0,1.160699514683103,1.1607124449714594,77.8961413210048,84.45768841140205,0,-2
2023-06-06 03:15:00,2023-06-06 03:15:59,1.129,1.131,1.129,1.132,1.130135726107492,1.13025,1.129,1.132,True,0.0025283817723820226,0.000332364969247522,0,1.1390391120437464,1.1384206468871612,-5.70574990670945,-0.0,1.1603965344375,1.160416798752838,80.57427615479922,80.96317966252131,0,-1
2023-06-06 03:16:00,2023-06-06 03:16:59,1.13,1.129,1.128,1.131,1.1301928630537459,1.1295,1.128,1.131,True,0.002562068788640458,0.0002672293993598177,0,1.138729879465454,1.138121057698076,-7.404613126957244,-0.0,1.1600891062341419,1.160104193790123,79.70081691455754,79.3904114634538,0,-2
2023-06-06 03:17:00,2023-06-06 03:17:59,1.129,1.13,1.129,1.13,1.129846431526873,1.1295,1.129,1.13,True,0.0024504924465947034,0.0003053890975686208,0,1.138425468581765,1.1378260393986208,-6.1890479452635745,-0.0,1.1597847370178818,1.1598046495733059,80.42681260130603,80.23396855688755,0,-1
2023-06-06 03:18:00,2023-06-06 03:18:59,1.131,1.131,1.13,1.132,1.1296732157634364,1.131,1.13,1.132,True,0.0024183144146950816,0.00040812046168437876,0,1.1381257539901928,1.1375469355271894,-3.19145045470939,-0.0,1.1594983217241714,1.1595180361447157,84.38735865719299,81.50499605768546,0,2
2023-06-06 03:19:00,2023-06-06 03:19:59,1.132,1.131,1.131,1.133,1.130336607881718,1.13175,1.131,1.133,True,0.002388434813645433,0.00047874920820714867,0,1.137836344758691,1.137287421943835,-1.193052127673269,-0.0,1.1592222190204484,1.159234274591037,91.89949878711609,85.57122334853831,0,2
2023-06-06 03:20:00,2023-06-06 03:20:59,1.13,1.131,1.129,1.131,1.1310433039408592,1.13025,1.129,1.1310433039408592,True,0.002360689469813617,0.0005246699117838166,0,1.1375618833512628,1.1370348208760217,0.13921342368414713,0.0,1.1589339382341752,1.1589533365354048,87.1356643810621,87.80750727512367,0,2
2023-06-06 03:21:00,2023-06-06 03:21:59,1.13,1.131,1.13,1.132,1.1306466519704297,1.13075,1.13,1.132,True,0.0023349259362555014,0.0005516977594146348,0,1.1372983521136422,1.136792825723997,1.0273904579224222,0.0,1.1586535010378152,1.1586751938833113,79.73707548263273,86.25741288360359,0,2
2023-06-06 03:22:00,2023-06-06 03:22:59,1.131,1.132,1.13,1.132,1.1306983259852148,1.1312499999999999,1.13,1.132,True,0.002311002655094394,0.0006329679996598414,0,1.1370455889188196,1.1365642715598885,4.79708565409409,4.79708565409409,1.1583808293856976,1.158409769068552,78.37951878044376,81.75075288137948,0,2
2023-06-06 03:23:00,2023-06-06 03:23:59,1.132,1.131,1.131,1.132,1.1309741629926073,1.1315,1.131,1.132,True,0.0022173596083019296,0.0006074824649968686,0,1.136804930239354,1.1363495829705825,3.2564493628012983,3.2564493628012983,1.1581133584465364,1.1581370350479694,91.24385439938176,83.1201495541527,0,2
2023-06-06 03:24:00,2023-06-06 03:24:59,1.132,1.132,1.131,1.132,1.1312370814963035,1.1317499999999998,1.131,1.132,True,0.00213040535056607,0.0006502713513539165,0,1.1365772566049681,1.1361489991037321,5.37993335742032,5.37993335742032,1.157851036471944,1.157876965047492,98.64244329781114,89.42193882587884,0,2
2023-06-06 03:25:00,2023-06-06 03:25:59,1.131,1.131,1.13,1.131,1.1314935407481517,1.13075,1.13,1.1314935407481517,True,0.0021210906826684933,0.0005970760826051005,0,1.13636312785435,1.1359540351392394,3.1100854911623514,3.1100854911623514,1.157581374417497,1.1576095325594573,90.6813614855706,93.52255306092111,0,2
2023-06-06 03:26:00,2023-06-06 03:26:59,1.13,1.129,1.128,1.131,1.131121770374076,1.1295,1.128,1.131121770374076,True,0.0021838699196207517,0.00041466623162949743,0,1.1361585814967947,1.1357562570941981,-3.3892496127867986,-0.0,1.1573019577566264,1.1573248605936917,71.43533164267545,86.91971214201902,0,1
2023-06-06 03:27:00,2023-06-06 03:27:59,1.128,1.128,1.127,1.13,1.130310885187038,1.12825,1.127,1.130310885187038,True,0.002242164925362119,0.0002247994502187346,0,1.1359574192954964,1.1355490441421385,-9.469560379247156,-0.0,1.1570128835500928,1.157033070936043,43.852588698776,68.65642727567398,0,1
2023-06-06 03:28:00,2023-06-06 03:28:59,1.127,1.128,1.126,1.131,1.129280442593519,1.128,1.126,1.131,True,0.0024391531449791184,0.00010684057507116514,0,1.1357532317188175,1.1353341094567801,-13.523100890220732,-0.0,1.156724198141634,1.1567441846580724,22.40276407636993,45.89689480594041,0,1
2023-06-06 03:29:00,2023-06-06 03:29:59,1.128,1.129,1.127,1.129,1.1286402212967594,1.12825,1.127,1.129,True,0.002407785063194896,0.00010906547032628377,0,1.1355436705877988,1.1351162853428751,-11.846503402746976,-0.0,1.156440872786991,1.156468123119186,14.343139340139096,26.8661640384283,0,2
2023-06-06 03:30:00,2023-06-06 03:30:59,1.128,1.128,1.126,1.128,1.1284451106483797,1.1275,1.126,1.1284451106483797,True,0.0024500861301095544,5.157203576854367e-05,0,1.135329977965337,1.1348925350690262,-13.224437224969883,-0.0,1.1561529039035383,1.1561848582125274,9.341271885487211,15.362391767332035,0,1
2023-06-06 03:31:00,2023-06-06 03:31:59,1.128,1.13,1.128,1.13,1.12797255532419,1.129,1.128,1.13,True,0.002417937120816015,0.00016368029722499096,0,1.1351112565171817,1.1346759458478037,-7.498381561660047,-0.0,1.1558827257552444,1.1559243123596663,26.649532089983968,16.77798110520338,0,2
2023-06-06 03:32:00,2023-06-06 03:32:59,1.13,1.13,1.129,1.13,1.128486277662095,1.12975,1.129,1.13,True,0.0023166558979005776,0.00024299772461506587,0,1.1348936011824928,1.1344716264036658,-3.681011119453487,-0.0,1.1556226986333016,1.1556663590028537,49.059455146510665,28.350086373993904,0,2
2023-06-06 03:33:00,2023-06-06 03:33:59,1.129,1.13,1.129,1.131,1.1291181388310476,1.12975,1.129,1.131,True,0.002294037619479108,0.00029715695238371077,0,1.1346826137930794,1.1342783688899885,-1.1360974913157804,-0.0,1.1553652588459056,1.155410972346109,76.7483340224627,50.819107086319065,0,2
2023-06-06 03:34:00,2023-06-06 03:34:59,1.131,1.133,1.131,1.133,1.1294340694155238,1.1320000000000001,1.131,1.133,True,0.0023444635038020367,0.000537848126656796,0,1.134480491341534,1.1341105838568188,7.301350956661146,7.301350956661146,1.1551327687081354,1.1551879775963965,90.20853695480152,72.00544204125825,0,2
2023-06-06 03:35:00,2023-06-06 03:35:59,1.132,1.132,1.13,1.133,1.130717034707762,1.1317499999999998,1.13,1.133,True,0.0023912875392447567,0.0006131675383119035,0,1.1342955375991766,1.1339622894045853,9.231792835128637,9.231792835128637,1.1549001043428804,1.1549572514511588,93.3454074682948,86.76742614851963,0,2
2023-06-06 03:36:00,2023-06-06 03:36:59,1.131,1.131,1.13,1.132,1.131233517353881,1.131,1.13,1.132,True,0.002363338429298703,0.0005771862653050825,0,1.134128913501881,1.1338252116838416,7.32113227905478,7.32113227905478,1.1546622923593692,1.1547188708397045,91.31173590139797,91.62189344149806,0,2
2023-06-06 03:37:00,2023-06-06 03:37:59,1.131,1.129,1.129,1.131,1.1311167586769404,1.13,1.129,1.1311167586769404,True,0.002337385684348796,0.0004013474047328703,0,1.1339770625928616,1.1336910444101596,1.2796578076836767,0.0,1.1544168964154948,1.1544629616771203,78.09028086018667,87.58247474329312,0,1
2023-06-06 03:38:00,2023-06-06 03:38:59,1.13,1.131,1.129,1.131,1.1305583793384701,1.13025,1.129,1.131,True,0.002313286706895311,0.00041661159164637783,0,1.1338340535015108,1.1335618043479627,2.1749190027533274,0.0,1.154176429784495,1.1542294993718754,68.36406272154404,79.25535982770953,0,2
2023-06-06 03:39:00,2023-06-06 03:39:59,1.13,1.129,1.128,1.13,1.130404189669235,1.1292499999999999,1.128,1.130404189669235,True,0.0023623376564027966,0.0002797785215358417,0,1.1336979289247369,1.1334304691748236,-1.2880598901628062,-0.0,1.1539284056075347,1.1539784595771303,57.76277863681097,68.07237407284718,0,1
2023-06-06 03:40:00,2023-06-06 03:40:59,1.128,1.129,1.127,1.129,1.1298270948346174,1.12825,1.127,1.1298270948346174,True,0.0023364563952311683,0.00018743952020054255,0,1.1335641990497802,1.1332915245415986,-3.5967124854402286,-0.0,1.1536728990840768,1.1537299176907907,48.079211207177345,58.06868418851075,0,1
2023-06-06 03:41:00,2023-06-06 03:41:59,1.129,1.129,1.128,1.129,1.1290385474173088,1.1287500000000001,1.128,1.1290385474173088,True,0.0022409952241432356,0.00012770710539834122,0,1.1334278617956894,1.133150972766613,-5.1358142156251745,-0.0,1.1534249100384641,1.1534838488580466,40.52322613049299,48.78840532482707,0,1
2023-06-06 03:42:00,2023-06-06 03:42:59,1.128,1.129,1.128,1.129,1.1288942737086545,1.1284999999999998,1.128,1.129,True,0.0021523527081330125,9.152920907587502e-05,0,1.1332894172811512,1.1330084047463986,-6.1618820357484765,-0.0,1.153176900983355,1.1532402284713994,37.60014943332823,42.06752892366615,0,1
2023-06-06 03:43:00,2023-06-06 03:43:59,1.129,1.129,1.128,1.129,1.1286971368543273,1.1287500000000001,1.128,1.129,True,0.002070041800409234,7.205490827619817e-05,0,1.133148911013775,1.1328669427562374,-6.8459272491640135,-0.0,1.152933847242227,1.1529990321682013,42.118579161689276,40.08065157517013,0,1
2023-06-06 03:44:00,2023-06-06 03:44:59,1.128,1.129,1.128,1.13,1.1287235684271637,1.12875,1.128,1.13,True,0.0020650388146657176,6.413670901251256e-05,0,1.1330079268850062,1.1327273221310077,-7.301957391441036,-0.0,1.1526932119462845,1.1527602358282192,34.40191260765941,38.04021373422561,0,1
2023-06-06 03:45:00,2023-06-06 03:45:59,1.129,1.127,1.126,1.13,1.1287367842135818,1.1280000000000001,1.126,1.13,True,0.002203250327903881,-7.32021759998387e-05,0,1.132867624508007,1.1325849633737102,-13.21358836143758,-13.21358836143758,1.152447508344829,1.1525039150737095,21.52234314572003,32.68094497168954,0,1
2023-06-06 03:46:00,2023-06-06 03:46:59,1.128,1.128,1.127,1.128,1.128368392106791,1.12775,1.127,1.128368392106791,True,0.0021173038759107385,-8.22154610817063e-05,0,1.1327262939408587,1.1324397103323818,-12.288291274757192,-12.288291274757192,1.152201761993139,1.152260095023225,6.575602554870561,20.83328610274997,0,1
2023-06-06 03:47:00,2023-06-06 03:47:59,1.128,1.129,1.127,1.129,1.1280591960533957,1.12825,1.127,1.129,True,0.0021089250276314004,-7.723410043898853e-06,0,1.1325830021366203,1.132296605722949,-7.858207395724733,-0.0,1.1519634360031576,1.1520286512916504,6.636345108153161,11.578096936247887,0,2
2023-06-06 03:48:00,2023-06-06 03:48:59,1.129,1.131,1.129,1.131,1.1281545980266978,1.13,1.129,1.131,True,0.002101144668514872,0.00018599689423451121,0,1.1324398039297847,1.132168181299928,0.19703603804724423,0.0,1.1517448943513848,1.1518194109802908,34.60765776892441,15.939868477316013,0,2
2023-06-06 03:49:00,2023-06-06 03:49:59,1.131,1.132,1.131,1.132,1.1290772990133489,1.1315,1.131,1.132,True,0.002022491477906659,0.00037922917079271463,0,1.1323039926148564,1.1320624874142222,7.33986972328487,7.33986972328487,1.1515434526165451,1.1516222029108352,67.94099110225774,36.39499799311174,0,2
2023-06-06 03:50:00,2023-06-06 03:50:59,1.132,1.131,1.13,1.132,1.1302886495066744,1.1312499999999999,1.13,1.132,True,0.0020208849437704695,0.00042570818081470426,0,1.1321832400145393,1.1319736993469909,8.299745293010737,8.299745293010737,1.151341527714888,1.1514170068619711,92.29787765203987,64.94884217440732,0,2
2023-06-06 03:51:00,2023-06-06 03:51:59,1.131,1.132,1.13,1.132,1.130769324753337,1.1312499999999999,1.13,1.132,True,0.002019393162072579,0.0005116677222577113,0,1.132078469680765,1.1318988305301005,11.067071667411959,11.067071667411959,1.1511416120162323,1.1512238028135933,95.31979664920384,85.18622180116712,1,2
2023-06-06 03:52:00,2023-06-06 03:52:59,1.131,1.132,1.131,1.132,1.1310096623766683,1.1315,1.131,1.132,True,0.0019465793647816725,0.0005498864234244995,0,1.1319886501054328,1.1318371493824624,12.911955917012783,12.911955917012783,1.1509461730906976,1.1510325211935575,94.8861597267661,94.16794467600324,0,2
2023-06-06 03:53:00,2023-06-06 03:53:59,1.132,1.133,1.132,1.134,1.1312548311883341,1.1327499999999997,1.132,1.134,True,0.0019503951244401244,0.000623196923031996,0,1.1319128997439476,1.1317948505071693,16.231172015090436,16.231172015090436,1.1507651166420338,1.1508530931219798,97.22626140216421,95.81073925937802,0,2
2023-06-06 03:54:00,2023-06-06 03:54:59,1.134,1.133,1.132,1.134,1.132002415594167,1.1332499999999999,1.132,1.134,True,0.0019539383298372583,0.0006463149598158567,0,1.1318538751255585,1.1317715321782016,18.443982747142215,18.443982747142215,1.1505908368744515,1.1506754504043482,99.56636307756234,97.2262614021642,0,2
2023-06-06 03:55:00,2023-06-06 03:55:59,1.132,1.132,1.131,1.132,1.1326262077970835,1.1317499999999998,1.131,1.1326262077970835,True,0.0019572284491345972,0.0005663174435390184,0,1.1318127036518801,1.131753025760176,14.751499789138975,14.751499789138975,1.1504033658607753,1.1504896250271905,88.40259037238603,95.06507161737085,0,1
2023-06-06 03:56:00,2023-06-06 03:56:59,1.131,1.132,1.13,1.132,1.1321881038985415,1.1312499999999999,1.13,1.1321881038985415,True,0.0019602835599106974,0.0004908911194939832,0,1.1317828647060282,1.1317350042354513,12.289844483803485,12.289844483803485,1.1502127851059416,1.1503056486587608,73.43293750337028,87.13396365110621,0,1
2023-06-06 03:57:00,2023-06-06 03:57:59,1.131,1.132,1.13,1.132,1.1317190519492706,1.1312499999999999,1.13,1.132,True,0.0019631204484885046,0.0004210052442906666,0,1.1317589344707397,1.1317174881174574,10.648740946913158,10.648740946913158,1.1500241006770267,1.1501235029009622,58.46328463435456,73.43293750337027,0,1
2023-06-06 03:58:00,2023-06-06 03:58:59,1.131,1.132,1.131,1.132,1.1314845259746353,1.1315,1.131,1.132,True,0.001894326130739318,0.00035715181654091854,0,1.1317382112940986,1.1317022053548005,9.554671922319606,9.554671922319606,1.149839781267305,1.1499431695387636,56.66385714555096,62.85335976109192,0,1
2023-06-06 03:59:00,2023-06-06 03:59:59,1.132,1.132,1.131,1.132,1.1314922629873176,1.1317499999999998,1.131,1.132,True,0.0018304456928293588,0.0002994823343226429,0,1.1317202083244495,1.1316905010503773,8.82529257259057,8.82529257259057,1.1496597834437496,1.149764630538378,59.83393573173976,58.320359170548414,0,1
2023-06-06 04:00:00,2023-06-06 04:00:59,1.132,1.131,1.129,1.132,1.1316211314936586,1.131,1.129,1.132,True,0.0019139852861986826,0.00017933982493234543,0,1.1317053546874134,1.131676548597664,1.719984181193432,0.0,1.1494741139567473,1.1495779177967025,54.56379864772692,57.0205305083392,0,1
2023-06-06 04:01:00,2023-06-06 04:01:59,1.131,1.13,1.129,1.132,1.1313105657468294,1.1305,1.129,1.132,True,0.001991557765755912,2.390794480433572e-05,0,1.1316909516425386,1.131657491358923,-6.6862200673847525,-6.6862200673847525,1.1492853168029489,1.1493831126444964,34.62730243081125,49.67501227009263,0,1
2023-06-06 04:02:00,2023-06-06 04:02:59,1.131,1.131,1.13,1.132,1.1309052828734147,1.131,1.13,1.132,True,0.0019921607824876326,-1.0257195818752388e-05,0,1.1316742215007307,1.1316379763708992,-5.909526927615595,-5.909526927615595,1.1491033733521732,1.14920019610077,18.886009792963833,36.02570362383399,0,1
2023-06-06 04:03:00,2023-06-06 04:03:59,1.13,1.13,1.13,1.131,1.1309526414367075,1.13025,1.13,1.131,True,0.0019212921551670955,-0.00010161184271652236,0,1.1316560989358149,1.1316130890896188,-9.014580144500954,-9.014580144500954,1.1489157775974252,1.1490091493733992,5.7924664126590555,19.76859287881137,0,1
2023-06-06 04:04:00,2023-06-06 04:04:59,1.131,1.13,1.129,1.131,1.1306013207183536,1.13025,1.129,1.131,True,0.0019269141440837315,-0.00015710229345496877,0,1.1316345940127168,1.1315841429172926,-11.084615622424522,-11.084615622424522,1.1487300484671026,1.1488200036084897,5.7924664126590555,10.156980872760638,0,1
2023-06-06 04:05:00,2023-06-06 04:05:59,1.13,1.128,1.128,1.13,1.130425660359177,1.129,1.128,1.130425660359177,True,0.001932134562363465,-0.0003238003991029088,0,1.1316093684650046,1.131543623423696,-17.18018319051032,-17.18018319051032,1.1485337295768827,1.1486128393934798,9.355479354174652e-14,3.8616442751060585,-1,1
2023-06-06 04:06:00,2023-06-06 04:06:59,1.129,1.129,1.129,1.13,1.1297128301795885,1.1292499999999999,1.129,1.13,True,0.0019369820936232175,-0.0003486703137952457,0,1.1315764959443502,1.1314959854455557,-16.0531812623053,-16.0531812623053,1.1483418516706452,1.148417686762699,2.3344376608534723,2.708968024504197,0,1
2023-06-06 04:07:00,2023-06-06 04:07:59,1.129,1.129,1.128,1.13,1.1294814150897943,1.129,1.128,1.13,True,0.0019414833726501307,-0.0003487295238570138,0,1.131536240694953,1.1314413546157984,-15.301846643501953,-15.301846643501953,1.1481493954351163,1.1482244759491398,2.9734660875476098,1.7693012494670484,0,1
2023-06-06 04:08:00,2023-06-06 04:08:59,1.129,1.129,1.129,1.129,1.1292407075448971,1.129,1.129,1.1292407075448971,True,0.0018028059888894072,-0.00033217584112810845,0,1.1314887976553756,1.131381593090375,-14.800956897633057,-14.800956897633057,1.1479588541870056,1.148033187631238,3.9936343368910823,3.1005126950973776,0,1
2023-06-06 04:09:00,2023-06-06 04:09:59,1.128,1.128,1.127,1.129,1.128,1.1280000000000001,1.127,1.129,True,0.0018168912753973067,-0.0003736537418912942,0,1.1314351953728752,1.1313113410963256,-17.52221736669054,-17.52221736669054,1.1477602586229558,1.147833852430927,1.6591966760377035,2.875432366825455,0,1
2023-06-06 04:10:00,2023-06-06 04:10:59,1.129,1.129,1.128,1.129,1.1280000000000001,1.1287500000000001,1.128,1.129,True,0.0017585418985832213,-0.0003130356606952887,0,1.1313732682346003,1.13123845768354,-13.668849503032781,-13.668849503032781,1.1475711018207373,1.1476464509142015,10.735656050084087,5.462829021004279,0,2
2023-06-06 04:11:00,2023-06-06 04:11:59,1.128,1.129,1.128,1.13,1.1283750000000001,1.12875,1.128,1.13,True,0.0017757889058272768,-0.00025719137985244684,0,1.13130586295907,1.1311640025939984,-11.099937593927606,-11.099937593927606,1.1473838271757548,1.1474609140891845,19.43097560147915,10.608609442533636,0,2
2023-06-06 04:12:00,2023-06-06 04:12:59,1.128,1.129,1.128,1.129,1.1285625000000001,1.1284999999999998,1.128,1.129,True,0.0017203754125539078,-0.00020652089702302289,0,1.131234932776534,1.1310871056875222,-9.387329654524159,-9.387329654524159,1.1471959283978865,1.1472772234017299,26.829508866127615,18.99871350589694,0,2
2023-06-06 04:13:00,2023-06-06 04:13:59,1.129,1.129,1.128,1.129,1.12853125,1.1287500000000001,1.128,1.129,True,0.0016689200259429225,-0.00016113325728588036,0,1.131161019232028,1.131010529181823,-8.245591028255191,-8.245591028255191,1.147012386821788,1.1470953604823098,31.2879403061397,25.849474924582143,0,2
2023-06-06 04:14:00,2023-06-06 04:14:59,1.129,1.13,1.129,1.13,1.128640625,1.1295,1.129,1.13,True,0.0016211400240898487,-5.236444644681718e-05,0,1.1310857742069256,1.130939876123773,-1.4072710545799438,-0.0,1.146838134216596,1.1469252573929336,48.417083804623054,35.511510992296785,0,2
2023-06-06 04:15:00,2023-06-06 04:15:59,1.129,1.129,1.128,1.129,1.1290703125000001,1.1287500000000001,1.128,1.1290703125000001,True,0.001648201450940574,-4.455863004888057e-05,0,1.1310128251653493,1.1308692255952308,-2.6822270465368945,-0.0,1.146658152781605,1.1467468966228547,57.66529445462245,45.79010618846173,0,1
2023-06-06 04:16:00,2023-06-06 04:16:59,1.128,1.128,1.127,1.129,1.1289101562500001,1.1280000000000001,1.127,1.129,True,0.0016733299187305331,-0.00010230619670346616,0,1.13094102538029,1.1307939159983496,-7.295829199615305,-7.295829199615305,1.1464724995200966,1.14656036033805,53.11595163922485,53.06610996615678,0,1
2023-06-06 04:17:00,2023-06-06 04:17:59,1.127,1.128,1.127,1.128,1.128455078125,1.1275,1.127,1.128455078125,True,0.0016252349245354874,-0.00013110482525043618,0,1.1308674706893198,1.1307120244563909,-10.371563968334243,-10.371563968334243,1.1462837184303443,1.1463756801356815,29.219053884347456,46.666766659398256,0,1
2023-06-06 04:18:00,2023-06-06 04:18:59,1.128,1.128,1.127,1.129,1.1279775390625,1.1280000000000001,1.127,1.129,True,0.0016520038584972383,-0.00013968003077546214,0,1.1307897475728552,1.1306289432975836,-12.42205381414687,-12.42205381414687,1.1461017908837736,1.1461928375472668,26.45704816559623,36.26401789638951,0,1
2023-06-06 04:19:00,2023-06-06 04:19:59,1.128,1.128,1.128,1.128,1.12798876953125,1.128,1.128,1.128,True,0.0015340035828902926,-0.00013456711597478776,0,1.1307093454352193,1.1305454955701688,-13.789047044688623,-13.789047044688623,1.145921673561547,1.14601181428809,30.71720993613447,28.797770662026053,0,1
2023-06-06 04:20:00,2023-06-06 04:20:59,1.127,1.128,1.127,1.128,1.1279943847656249,1.1275,1.127,1.128,True,0.0014958604698266924,-0.00012061427038598835,0,1.130627420502694,1.1304589012491326,-14.700375865049786,-14.700375865049786,1.1457383733271036,1.1458325922553727,34.12096457130841,30.43174089101304,0,1
2023-06-06 04:21:00,2023-06-06 04:21:59,1.127,1.13,1.127,1.13,1.1277471923828124,1.1284999999999998,1.127,1.13,True,0.0016032990076962068,3.5767185176478235e-05,0,1.1305431608759133,1.1303772847854068,-2.966309280328396,-0.0,1.1455668472243463,1.145675054023976,48.11382535259105,37.650666620011314,0,2
2023-06-06 04:22:00,2023-06-06 04:22:59,1.129,1.129,1.128,1.13,1.128123596191406,1.129,1.128,1.13,True,0.0016316347928607635,7.143920781904687e-05,0,1.1304602228306602,1.1303035779312185,-1.0268083635704812,-0.0,1.1454020029733578,1.145509133088414,67.56242049003113,49.9324034713102,0,2
2023-06-06 04:23:00,2023-06-06 04:23:59,1.13,1.128,1.127,1.13,1.128561798095703,1.12875,1.127,1.13,True,0.0017293751647992728,2.7350650433977607e-05,0,1.1303819003809394,1.1302348888097824,-3.803649099016475,-0.0,1.1452363114014836,1.1453349128586785,90.18592357289567,68.62072313850597,0,1
2023-06-06 04:24:00,2023-06-06 04:24:59,1.128,1.127,1.127,1.129,1.1286558990478515,1.1277499999999998,1.127,1.129,True,0.0017487055101707532,-6.637073146244135e-05,0,1.130308394595361,1.1301637604015864,-8.595326752781851,-8.595326752781851,1.1450623182532103,1.145152475914811,75.52818144014894,77.75884183435859,0,1
2023-06-06 04:25:00,2023-06-06 04:25:59,1.128,1.128,1.127,1.128,1.1282029495239256,1.12775,1.127,1.1282029495239256,True,0.0016952265451585485,-5.072213747797573e-05,0,1.1302360774984737,1.1300911995422924,-7.093716214977604,-7.093716214977604,1.144890056380044,1.1449818045126736,55.4147049512527,73.70960332143245,0,2
2023-06-06 04:26:00,2023-06-06 04:26:59,1.128,1.128,1.127,1.129,1.127976474761963,1.1280000000000001,1.127,1.129,True,0.0017169960776472237,-3.3553712878430734e-05,0,1.130163638520383,1.1300197240147023,-6.092642523108104,-0.0,1.1447219961175559,1.1448128313334431,45.01282924720446,58.65190521286872,0,2
2023-06-06 04:27:00,2023-06-06 04:27:59,1.127,1.128,1.127,1.128,1.1279882373809815,1.1275,1.127,1.128,True,0.0016657820721009855,-1.611871691554914e-05,0,1.1300916812675426,1.1299461628427936,-5.425260061861771,-0.0,1.1445506329721076,1.144645539479379,42.333696578520836,47.58707692565935,0,2
2023-06-06 04:28:00,2023-06-06 04:28:59,1.128,1.128,1.128,1.128,1.1277441186904906,1.128,1.128,1.128,True,0.0015467976383794866,7.32146129401581e-07,0,1.1300189220551682,1.129874894868047,-4.980338421030886,-0.0,1.1443859500569622,1.1444799122208777,50.52506936633219,45.95719839735252,0,2
2023-06-06 04:29:00,2023-06-06 04:29:59,1.127,1.128,1.127,1.128,1.1278720593452451,1.1275,1.127,1.128,True,0.0015077406642095155,1.6447584659494267e-05,0,1.1299469084616076,1.1298024907859188,-4.683723993810297,-0.0,1.1442179306534104,1.1443159329947994,45.146129625677396,46.001631856843495,0,2
2023-06-06 04:30:00,2023-06-06 04:30:59,1.127,1.128,1.127,1.128,1.1276860296726225,1.1275,1.127,1.128,True,0.001471473473908828,3.069649216567484e-05,0,1.1298746996237632,1.1297296890074615,-4.485981042329897,-0.0,1.1440515830847198,1.1441535854028113,47.79958126760849,47.823593419872715,0,2
2023-06-06 04:31:00,2023-06-06 04:31:59,1.128,1.128,1.128,1.128,1.1275930148363114,1.128,1.128,1.128,True,0.0013663682257724834,4.330737888159225e-05,0,1.1298021943156122,1.1296605041492425,-4.354152408009632,-0.0,1.1438918658400956,1.1439928532097485,50.02729792625352,47.65766960651316,0,2
2023-06-06 04:32:00,2023-06-06 04:32:59,1.128,1.125,1.125,1.128,1.1277965074181555,1.1265,1.125,1.128,True,0.0014830562096458696,-0.0001514919597028929,0,1.1297313492324272,1.129584350004269,-14.818735172617707,-14.818735172617707,1.143718812448652,1.1438038695957211,36.833122108573555,44.88666710081188,0,1
2023-06-06 04:33:00,2023-06-06 04:33:59,1.126,1.126,1.125,1.126,1.1271482537090778,1.12575,1.125,1.1271482537090778,True,0.0014485521946711567,-0.00019710921738652848,0,1.129657849618348,1.1294980855916448,-15.615756017614281,-15.615756017614281,1.143540018294934,1.1436267166644205,23.638946290893575,36.83312210857357,0,-2
2023-06-06 04:34:00,2023-06-06 04:34:59,1.126,1.126,1.125,1.126,1.126449126854539,1.12575,1.125,1.126449126854539,True,0.0014165127521946377,-0.00021247718880013262,0,1.1295779676049964,1.1294044531598075,-16.147103247612,-16.147103247612,1.1433630031875217,1.1434513264488542,9.473903143468003e-14,20.157356133155762,0,-2
2023-06-06 04:35:00,2023-06-06 04:35:59,1.126,1.125,1.125,1.127,1.1260995634272695,1.12575,1.125,1.127,True,0.0014581904127521637,-0.0002758226071266648,0,1.129491210382402,1.129305662252685,-19.096225568634896,-19.096225568634896,1.1431877494244618,1.143267731160806,9.473903143468003e-14,7.879648763631277,0,-2
2023-06-06 04:36:00,2023-06-06 04:36:59,1.126,1.127,1.124,1.127,1.1259247817136346,1.1260000000000001,1.124,1.127,True,0.0015683196689841442,-0.00016117822523540443,0,1.1293984363175433,1.1292052031182422,-11.988770799967874,-11.988770799967874,1.1430167270421288,1.1431058631890567,5.933196722067435,1.9777322406892301,0,-1
2023-06-06 04:37:00,2023-06-06 04:37:59,1.126,1.126,1.125,1.127,1.1259623908568175,1.126,1.125,1.127,True,0.0015991539783424197,-0.00014205642520622157,0,1.1293018197178928,1.1291041198331957,-10.363741589927209,-10.363741589927209,1.142847406375043,1.1429356555951358,12.667216225554908,6.200137649207501,0,-1
2023-06-06 04:38:00,2023-06-06 04:38:59,1.127,1.126,1.126,1.128,1.1259811954284087,1.12675,1.126,1.128,True,0.001627785837032247,-0.00011674807087983722,0,1.1292029697755444,1.1290083844864218,-9.280388783233434,-9.280388783233434,1.1426872331772813,1.1427671416091145,39.22637425612371,19.27559573458204,0,-1
2023-06-06 04:39:00,2023-06-06 04:39:59,1.126,1.127,1.126,1.127,1.1263655977142042,1.1265,1.126,1.127,True,0.0015829439915299517,-1.981417560881823e-05,0,1.129105677130983,1.1289158011894838,-4.659481301893415,-0.0,1.1425261661804924,1.1426102546279293,55.20894728661227,35.700845922763655,0,2
2023-06-06 04:40:00,2023-06-06 04:40:59,1.126,1.126,1.125,1.127,1.1264327988571021,1.126,1.125,1.127,True,0.0016127337064206697,-1.803481704021814e-05,0,1.1290107391602335,1.1288229042116922,-5.167945789444396,-0.0,1.14236172671601,1.1424449784624773,61.58135772183986,52.00555975485864,0,2
2023-06-06 04:41:00,2023-06-06 04:41:59,1.125,1.126,1.125,1.126,1.126216399428551,1.1255,1.125,1.126216399428551,True,0.0015689670131048996,-9.25479574150176e-06,0,1.128916821685963,1.1287269671110864,-5.506922114478385,-0.0,1.1421939483407264,1.142281346835985,40.11596822990169,52.302091079451294,0,2
2023-06-06 04:42:00,2023-06-06 04:42:59,1.127,1.126,1.126,1.127,1.1258581997142754,1.1265,1.126,1.127,True,0.0015283265121688434,3.6722731510221204e-06,0,1.1288218943985249,1.12863615579441,-5.732906331167712,-0.0,1.142037789650769,1.1421193433848806,48.07216173127898,49.92316256100687,0,2
2023-06-06 04:43:00,2023-06-06 04:43:59,1.127,1.127,1.126,1.127,1.1261790998571377,1.12675,1.126,1.127,True,0.001490588904156791,8.726556927519382e-05,0,1.1287290250964677,1.128551718371542,-1.1224907209519301,-0.0,1.141885672340811,1.1419689021571704,68.29906512589726,52.16239836235934,0,2
2023-06-06 04:44:00,2023-06-06 04:44:59,1.126,1.126,1.126,1.127,1.1264645499285688,1.12625,1.126,1.127,True,0.001455546839574171,7.550824461742371e-05,0,1.128640371734005,1.1284694479588788,-2.5757626850095363,-0.0,1.1417300935115493,1.1418100076083428,87.79458381796856,68.05527022504829,0,1
2023-06-06 04:45:00,2023-06-06 04:45:59,1.127,1.127,1.126,1.127,1.1263572749642843,1.12675,1.126,1.127,True,0.0014230077796045953,0.00013965128298626254,0,1.128554909846442,1.1283928786428448,0.5066532236808357,0.0,1.141581037854718,1.1416626443485582,91.25595389736873,82.44986761374487,0,2
2023-06-06 04:46:00,2023-06-06 04:46:59,1.128,1.127,1.127,1.128,1.126553637482142,1.1275,1.127,1.128,True,0.0013927929382042592,0.0001811869073477623,0,1.1284738942446435,1.1283264689848156,2.5615971628077503,0.0,1.1414409280253177,1.1415167473898662,91.25595389736873,90.10216387090203,0,2
2023-06-06 04:47:00,2023-06-06 04:47:59,1.128,1.127,1.127,1.128,1.127026818741071,1.1275,1.127,1.128,True,0.00136473629976109,0.00020594546636352985,0,1.1284001816147295,1.1282685137378607,3.931559788892365,3.931559788892365,1.1413022123235732,1.1413723021422058,100.00000000000007,94.17063593157921,0,2
2023-06-06 04:48:00,2023-06-06 04:48:59,1.127,1.128,1.127,1.128,1.1272634093705354,1.1275,1.127,1.128,True,0.0013386837069210042,0.0002869807213529249,0,1.1283343476762953,1.1282176123428287,8.810726109738845,8.810726109738845,1.1411648768775675,1.1412392444094475,100.00000000000004,97.08531796578966,0,2
2023-06-06 04:49:00,2023-06-06 04:49:59,1.128,1.128,1.128,1.128,1.1273817046852677,1.128,1.128,1.128,True,0.0012430634421409324,0.00033172229694954124,0,1.128275980009562,1.1281760442644564,12.063503656969822,12.063503656969822,1.1410338830777906,1.141107510634229,100.00000000000004,100.0000000000001,0,2
2023-06-06 04:50:00,2023-06-06 04:50:59,1.127,1.127,1.126,1.127,1.1276908523426337,1.12675,1.126,1.1276908523426337,True,0.0012971303391308658,0.000281877076357773,0,1.1282260121370093,1.1281335332438205,7.755343334901838,7.755343334901838,1.1408917548879618,1.1409671373940875,84.08715661452639,94.69571887150887,0,1
2023-06-06 04:51:00,2023-06-06 04:51:59,1.127,1.127,1.127,1.128,1.1272204261713168,1.12725,1.127,1.128,True,0.0012759067434786533,0.00024122776629556444,0,1.128179772690415,1.128094002040652,4.883236453523182,4.883236453523182,1.1407560160333552,1.140828160902604,74.07586186444372,86.0543394929901,0,1
2023-06-06 04:52:00,2023-06-06 04:52:59,1.127,1.128,1.127,1.129,1.1272352130856584,1.1277499999999998,1.127,1.129,True,0.0013276276903730355,0.00027652655228254037,0,1.1281368873655335,1.128060518626558,7.8815901838263684,7.8815901838263684,1.140626602938496,1.1407005175105385,69.52516794945275,75.89606214280765,0,2
2023-06-06 04:53:00,2023-06-06 04:53:59,1.128,1.128,1.128,1.129,1.127492606542829,1.12825,1.128,1.129,True,0.0013042257124892553,0.00029032036336088695,0,1.1280987029960456,1.1280354569428952,9.880492670695162,9.880492670695162,1.140503452660501,1.140574144201976,85.43801133492643,76.34634704960767,1,2
2023-06-06 04:54:00,2023-06-06 04:54:59,1.128,1.128,1.128,1.128,1.1278713032714145,1.128,1.128,1.128,True,0.0012110667330257371,0.0002891172434486502,0,1.1280670799694703,1.1280154824307633,11.213094328607689,11.213094328607689,1.1403790401962173,1.1404490283392696,92.19832275477881,82.38716734638604,0,2
2023-06-06 04:55:00,2023-06-06 04:55:59,1.128,1.127,1.126,1.128,1.127935651635707,1.1272499999999999,1.126,1.128,True,0.0012674191092381846,0.00020922870946597636,0,1.1280412812001168,1.1279945043333508,4.996657979228189,4.996657979228189,1.1402484029803346,1.1403152071617644,77.50515757022502,85.04716388664347,0,1
2023-06-06 04:56:00,2023-06-06 04:56:59,1.128,1.128,1.128,1.128,1.1275928258178536,1.128,1.128,1.128,True,0.001248317744292592,0.00021885573793735007,0,1.1280178927667337,1.1279780258358452,6.326472085674368,6.326472085674368,1.1401265283238138,1.1401926677870204,70.70035855594806,80.13461296031734,0,2
2023-06-06 04:57:00,2023-06-06 04:57:59,1.127,1.128,1.127,1.128,1.1277964129089266,1.1275,1.127,1.128,True,0.0012305807625573992,0.0002169963398142984,0,1.1279979593012894,1.127961772433275,7.2130148233051585,7.2130148233051585,1.1400008912260644,1.1400713477095377,58.16400940080303,68.78984184232542,0,2
2023-06-06 04:58:00,2023-06-06 04:58:59,1.128,1.128,1.128,1.128,1.1276482064544633,1.128,1.128,1.128,True,0.0011426821366604422,0.00020743981871537112,0,1.1279798658672822,1.1279492382968892,7.804043315059012,7.804043315059012,1.1398814793730687,1.1399512347970049,67.28178688359323,65.38205161344814,0,2
2023-06-06 04:59:00,2023-06-06 04:59:59,1.129,1.129,1.128,1.129,1.1278241032272316,1.1287500000000001,1.128,1.129,True,0.0011324905554704185,0.000261568691596876,0,1.1279645520820856,1.1279448641600305,12.719014426580905,12.719014426580905,1.139770718384282,1.1398422672865869,74.0865858978702,66.51079406075552,0,2
2023-06-06 05:00:00,2023-06-06 05:00:59,1.128,1.128,1.127,1.129,1.1282870516136159,1.1280000000000001,1.127,1.129,True,0.0011944555157939601,0.00021687193724621758,0,1.127954708121058,1.1279417986618174,9.125474150504466,9.125474150504466,1.139653596808319,1.1397244337812478,73.94270449870625,71.77035909338993,0,1
2023-06-06 05:01:00,2023-06-06 05:01:59,1.127,1.126,1.126,1.128,1.128143525806808,1.12675,1.126,1.128143525806808,True,0.001251994407522963,4.136267746467281e-05,0,1.1279482533914376,1.12793120816726,-0.28893416403480643,-0.0,1.1395252028102263,1.1395878722510862,50.73545278212746,66.25491439290134,0,1
2023-06-06 05:02:00,2023-06-06 05:02:59,1.126,1.127,1.126,1.127,1.127446762903404,1.1265,1.126,1.127446762903404,True,0.0012339948069856165,-5.194109148308276e-06,0,1.1279397307793486,1.127913050586349,-2.0575202795006575,-0.0,1.1393955988021642,1.1394626197908764,17.402119448794128,47.36009224320932,0,1
2023-06-06 05:03:00,2023-06-06 05:03:59,1.126,1.126,1.126,1.127,1.126973381451702,1.12625,1.126,1.127,True,0.0012172808922009375,-0.00010342324659242103,0,1.1279263906828487,1.127887344699585,-6.051001972164386,-6.051001972164386,1.1392647968240333,1.1393286633750468,9.710750722054702e-14,22.71252407697394,-1,1
2023-06-06 05:04:00,2023-06-06 05:04:59,1.126,1.126,1.126,1.126,1.126611690725851,1.126,1.126,1.126611690725851,True,0.0011303322570437278,-0.0001619095700006089,0,1.1279068676912167,1.1278541570823928,-8.713323100606871,-8.713323100606871,1.1391328087959334,1.1391960398588772,9.710750722054702e-14,5.800706482931485,0,1
2023-06-06 05:05:00,2023-06-06 05:05:59,1.127,1.126,1.126,1.127,1.1263058453629253,1.1265,1.126,1.127,True,0.001121022810112041,-0.00019181068880120113,0,1.1278805123868048,1.1278187372802988,-10.488203852901862,-10.488203852901862,1.1390071092059242,1.1390647359796844,7.4330465822717775,2.4776821940907015,0,1
2023-06-06 05:06:00,2023-06-06 05:06:59,1.125,1.125,1.125,1.125,1.1264029226814627,1.125,1.125,1.1264029226814627,True,0.0011123783236754589,-0.0002701463668177282,0,1.1278496248335517,1.1277715114856464,-14.63601788776208,-14.63601788776208,1.1388677349849696,1.138924788357996,7.4330465822717775,4.955364388181262,0,1
2023-06-06 05:07:00,2023-06-06 05:07:59,1.125,1.123,1.123,1.125,1.1257014613407312,1.124,1.123,1.1257014613407312,True,0.0011757798719843548,-0.0004444097312621078,0,1.1278105681595991,1.1277084537057356,-20.761903592938292,-20.761903592938292,1.1387197973234275,1.1387663327524438,7.4330465822717775,7.433046582271821,0,-2
2023-06-06 05:08:00,2023-06-06 05:08:59,1.122,1.122,1.122,1.123,1.1248507306703657,1.1222500000000002,1.122,1.1248507306703657,True,0.0011632241668426072,-0.0006035722166405313,0,1.1277595109326675,1.1276213570748572,-25.880061577198333,-25.880061577198333,1.138555918743095,1.1385995035708274,9.710750722054702e-14,4.955364388181261,0,-2
2023-06-06 05:09:00,2023-06-06 05:09:59,1.123,1.122,1.121,1.123,1.1235503653351828,1.12225,1.121,1.1235503653351828,True,0.0012229938692109924,-0.0006762685980601335,0,1.1276904340037623,1.127515932063069,-29.29216690003836,-29.29216690003836,1.1383936707954023,1.138434334381068,9.710750722054702e-14,2.4776821940907006,0,-2
2023-06-06 05:10:00,2023-06-06 05:10:59,1.122,1.122,1.121,1.122,1.1229001826675913,1.12175,1.121,1.1229001826675913,True,0.0012070657356959295,-0.0006886939651861797,0,1.1276031830334157,1.1273933697840586,-31.56690378193171,-31.56690378193171,1.1382280621307714,1.1382708086658333,9.710750722054702e-14,1.4043087680369758e-13,0,-2
2023-06-06 05:11:00,2023-06-06 05:11:59,1.122,1.121,1.121,1.122,1.1223250913337957,1.1215000000000002,1.121,1.1223250913337957,True,0.0011922753260033712,-0.0007290414331755435,0,1.1274982764087371,1.1272564408557533,-34.19367049801219,-34.19367049801219,1.1380616137513608,1.1380989598233873,9.710750722054702e-14,1.4043087680369758e-13,0,-2
2023-06-06 05:12:00,2023-06-06 05:12:59,1.121,1.12,1.119,1.122,1.121912545666898,1.1205,1.119,1.122,True,0.0013213985170031385,-0.0007844396034322242,0,1.1273773586322453,1.1271022793780257,-36.73116428986928,-36.73116428986928,1.1378868713259742,1.1379188706709158,9.710750722054702e-14,1.4043087680369758e-13,0,-2
2023-06-06 05:13:00,2023-06-06 05:13:59,1.12,1.121,1.119,1.121,1.121206272833449,1.12025,1.119,1.121206272833449,True,0.0013698700515029146,-0.0007086576737910066,0,1.1272398190051356,1.126933893038765,-31.95021832449693,-31.95021832449693,1.1377113800689993,1.137750523699066,9.710750722054702e-14,1.4043087680369758e-13,0,-2
2023-06-06 05:14:00,2023-06-06 05:14:59,1.12,1.121,1.12,1.121,1.1207281364167245,1.1205,1.12,1.121,True,0.0013434507621098415,-0.0006188806842833152,0,1.1270868560219502,1.1267571779412078,-28.7629210142487,-28.7629210142487,1.137540122555875,1.1375838518214634,3.3325134660761293,1.1108378220254844,0,-1
2023-06-06 05:15:00,2023-06-06 05:15:59,1.12,1.119,1.119,1.121,1.1206140682083623,1.1197499999999998,1.119,1.121,True,0.001390347136244853,-0.0006602187034612924,0,1.126922016981579,1.1265699722095723,-30.12221028975893,-30.12221028975893,1.1373631064110403,1.1373989378729912,3.7384767113890187,2.3569967258217916,0,-2
2023-06-06 05:16:00,2023-06-06 05:16:59,1.12,1.117,1.117,1.12,1.120182034104181,1.1185,1.117,1.120182034104181,True,0.0015053223407988001,-0.0007833926886944391,0,1.1267459945955756,1.1263672152290252,-32.81505655238728,-32.81505655238728,1.1371754138099355,1.1371959633667923,3.7384767113890187,3.603155629618099,0,-2
2023-06-06 05:17:00,2023-06-06 05:17:59,1.116,1.118,1.115,1.118,1.1193410170520905,1.1167500000000001,1.115,1.1193410170520905,True,0.001612085030741751,-0.0007469525764175781,0,1.1265566049123004,1.1261415989082924,-29.96981463748602,-29.96981463748602,1.1369721758615778,1.1370049587561775,0.4059632453129864,2.6276388893637184,0,-2
2023-06-06 05:18:00,2023-06-06 05:18:59,1.117,1.118,1.117,1.119,1.1180455085260452,1.11775,1.117,1.119,True,0.0016397932428316262,-0.0006763050647891752,0,1.1263491019102962,1.125906394299631,-28.07298669421851,-28.07298669421851,1.1367809104301194,1.1368158546889517,9.1579246479659,4.4341215348893455,0,-1
2023-06-06 05:19:00,2023-06-06 05:19:59,1.118,1.117,1.117,1.118,1.1178977542630226,1.1175000000000002,1.117,1.118,True,0.001594093725486518,-0.0006541806084456973,0,1.1261277481049636,1.1256635392523342,-28.39620893489589,-28.39620893489589,1.1365890605750935,1.1366186820054796,20.859064104986587,10.140983999421868,0,-2
2023-06-06 05:20:00,2023-06-06 05:20:59,1.117,1.117,1.117,1.119,1.1176988771315113,1.1175,1.117,1.119,True,0.0016230870308089097,-0.0005947816571367863,0,1.125895643678649,1.1254163272047895,-28.611690428680806,-28.611690428680806,1.1363991196738488,1.1364234712392558,35.42452476594606,21.813837839632892,0,-1
2023-06-06 05:21:00,2023-06-06 05:21:59,1.118,1.113,1.113,1.118,1.1175994385657555,1.1155,1.113,1.118,True,0.001864295100036853,-0.0007872651376605042,0,1.1256559854417192,1.1251536588709263,-32.36099609948166,-32.36099609948166,1.136191168234308,1.136190401873691,35.609959081595434,30.631182650842735,0,-2
2023-06-06 05:22:00,2023-06-06 05:22:59,1.114,1.114,1.112,1.116,1.1165497192828777,1.114,1.112,1.1165497192828777,True,0.0020168454500342206,-0.0007898137319045213,0,1.1254048221563226,1.1248703322830587,-30.844378098837996,-30.844378098837996,1.1359703605901856,1.1359696018550474,26.108924634924573,32.38113616082207,0,-2
2023-06-06 05:23:00,2023-06-06 05:23:59,1.114,1.116,1.114,1.117,1.1152748596414388,1.11525,1.114,1.117,True,0.0020870707750317687,-0.0005995882607767382,0,1.1251375772196905,1.1245812615575637,-23.518855795458727,-23.518855795458727,1.1357641878479947,1.135770899349027,43.92759782957754,35.215493848699225,0,-1
2023-06-06 05:24:00,2023-06-06 05:24:59,1.116,1.116,1.116,1.117,1.1152624298207194,1.11625,1.116,1.117,True,0.0020094228625294917,-0.00042943312811069513,0,1.1248594193886272,1.124296512828177,-18.635174259872546,-18.635174259872546,1.1355700168246317,1.13557417398237,67.9175721992957,45.98469822126598,0,-1
2023-06-06 05:25:00,2023-06-06 05:25:59,1.116,1.117,1.116,1.117,1.1157562149103597,1.1165,1.116,1.117,True,0.001937321229491663,-0.00021062115797716415,0,1.124577966108402,1.1240188357816912,-12.452808259279834,-0.0,1.1353802654134413,1.135389356330804,99.0508005222792,70.29865685038419,0,-1
2023-06-06 05:26:00,2023-06-06 05:26:59,1.116,1.116,1.116,1.117,1.1161281074551799,1.11625,1.116,1.117,True,0.0018703697130993935,-0.00010697424969437815,0,1.1242984009450467,1.1237469162148581,-10.856829800898304,-0.0,1.1351899145138051,1.1351964274120896,98.54719213459278,88.50518828538928,0,-1
2023-06-06 05:27:00,2023-06-06 05:27:59,1.116,1.117,1.116,1.117,1.1161890537275898,1.1165,1.116,1.117,True,0.0018082004478780004,5.487889496243528e-05,0,1.1240226585799524,1.123483110475517,-6.830913281389186,-0.0,1.1350039452151603,1.1350153684328648,98.54719213459278,98.71506159715496,0,-1
2023-06-06 05:28:00,2023-06-06 05:28:59,1.117,1.118,1.116,1.119,1.116344526863795,1.1175000000000002,1.116,1.119,True,0.0018933289873152783,0.0002470076791800807,0,1.1237528845277347,1.1232343638610065,-1.6095499653157574,-0.0,1.1348297766060542,1.134846061284279,98.54719213459278,98.54719213459282,0,-1
2023-06-06 05:29:00,2023-06-06 05:29:59,1.117,1.118,1.117,1.118,1.1169222634318976,1.1175000000000002,1.117,1.118,True,0.0018295197739356236,0.0003811096944524306,0,1.1234936241943707,1.1229991800676886,1.8713589120665333,0.0,1.1346573410179344,1.134678438783938,100.0000000000001,99.03146142306194,0,-1
2023-06-06 05:30:00,2023-06-06 05:30:59,1.118,1.117,1.117,1.119,1.117211131715949,1.11775,1.117,1.119,True,0.0018416969329402221,0.00040248107198306285,0,1.1232464021310298,1.1227780032556756,0.5935896182136773,0.0,1.1344891087689997,1.1345025339204162,100.0000000000001,99.51573071153105,0,-1
2023-06-06 05:31:00,2023-06-06 05:31:59,1.117,1.116,1.115,1.117,1.1174805658579745,1.11625,1.115,1.1174805658579745,True,0.0018530042948730636,0.000349351998085474,0,1.1230122026933527,1.122559080151496,-3.1477737933889003,-0.0,1.1343076250996564,1.1343184291052877,91.9723598298978,97.32411994329941,0,-1
2023-06-06 05:32:00,2023-06-06 05:32:59,1.116,1.116,1.115,1.116,1.1168652829289871,1.1157500000000002,1.115,1.1168652829289871,True,0.0017920754166678525,0.0003184425466670644,0,1.1227856414224242,1.1223400029209223,-5.642016067790621,-0.0,1.1341229721135901,1.134136156178867,81.61322324783403,91.19519435924404,0,-1
2023-06-06 05:33:00,2023-06-06 05:33:59,1.116,1.114,1.114,1.116,1.1163076414644937,1.1150000000000002,1.114,1.1163076414644937,True,0.001806927172620149,0.00016562376932055794,0,1.1225628221716732,1.1221171616507388,-11.792650560645171,-0.0,1.1339326937841017,1.1339357964158931,67.94719917521446,80.51092741764882,0,-2
2023-06-06 05:34:00,2023-06-06 05:34:59,1.115,1.115,1.115,1.116,1.115653820732247,1.11525,1.115,1.116,True,0.0018207180888615668,0.00014629201163170093,0,1.122339991911206,1.121894601119663,-11.688188526345492,-0.0,1.1337467963335135,1.133747380531158,64.67131853697886,71.41058032000916,0,-1
2023-06-06 05:35:00,2023-06-06 05:35:59,1.116,1.114,1.114,1.116,1.1154519103661236,1.1150000000000002,1.114,1.116,True,0.0018335239396571694,7.674995371292816e-05,0,1.1221172965154345,1.1216720733525234,-13.796817228778991,-0.0,1.133560261046613,1.1335508891825892,62.542558875700365,65.05369219596462,0,-2
2023-06-06 05:36:00,2023-06-06 05:36:59,1.113,1.112,1.111,1.113,1.115225955183062,1.11225,1.111,1.115225955183062,True,0.001916843658253094,-9.082903849484463e-05,0,1.1218946849339788,1.1214322302332658,-18.287520932754447,-18.287520932754447,1.1333482186481392,1.1333364524743048,42.87524961498661,56.69637567588865,0,-2
2023-06-06 05:37:00,2023-06-06 05:37:59,1.112,1.109,1.109,1.112,1.1137379775915308,1.1105,1.109,1.1137379775915308,True,0.001994211968377881,-0.0003826910913625175,0,1.1216634575836222,1.1211683933333132,-23.876133200226054,-23.876133200226054,1.1331208731889537,1.1330942987183417,20.845437089991176,42.08774852689276,0,-2
2023-06-06 05:38:00,2023-06-06 05:38:59,1.11,1.112,1.11,1.112,1.1121189887957654,1.1110000000000002,1.11,1.1121189887957654,True,0.002066053970636612,-0.0003297485637832483,0,1.1214159254584677,1.1208909066945285,-19.34440563803367,-19.34440563803367,1.132900764998019,1.132884405198756,5.365278850198517,23.028655185058813,0,-1
2023-06-06 05:39:00,2023-06-06 05:39:59,1.112,1.113,1.111,1.113,1.1115594943978828,1.11225,1.111,1.113,True,0.002061335829876854,-0.00019286082328559117,0,1.1211534160764982,1.1206131537031387,-14.22655670794034,-0.0,1.1326952847492824,1.1326865504206591,23.140035299092272,16.450250413094036,0,-1
2023-06-06 05:40:00,2023-06-06 05:40:59,1.112,1.114,1.112,1.114,1.1119047471989414,1.113,1.112,1.114,True,0.002056954699171364,-7.531038256899242e-06,0,1.1208832848898185,1.1203422424889697,-8.811932048306453,-0.0,1.1324993117667024,1.132500614595578,47.66140645969835,25.388906869663092,0,-1
2023-06-06 05:41:00,2023-06-06 05:41:59,1.114,1.114,1.113,1.116,1.1124523735994707,1.1142500000000002,1.113,1.116,True,0.002124315077801989,0.00013223794935824078,0,1.120612763689394,1.120087152922487,-5.202182275217197,-0.0,1.132317726574994,1.132316528878209,75.62946094283326,48.810300900541336,0,-1
2023-06-06 05:42:00,2023-06-06 05:42:59,1.115,1.114,1.114,1.115,1.1133511867997354,1.1145,1.114,1.115,True,0.002044006857958982,0.00023605924573342433,0,1.1203499583059406,1.1198479853020658,-2.7956824264910267,-0.0,1.1321404357633025,1.1321342748595205,91.18803782727285,71.49296840993486,0,-1
2023-06-06 05:43:00,2023-06-06 05:43:59,1.115,1.116,1.115,1.116,1.1139255933998677,1.1155,1.115,1.116,True,0.002040863510961912,0.0004487353492479704,0,1.1200989718040033,1.1196298551494388,3.2512664623325165,3.2512664623325165,1.1319748592880456,1.131973734811167,100.00000000000011,88.93916625670211,0,2
2023-06-06 05:44:00,2023-06-06 05:44:59,1.116,1.115,1.115,1.116,1.114712796699934,1.1155,1.115,1.116,True,0.0019665161173217835,0.0005157937799971763,0,1.119864413476721,1.1194297845479748,4.171026510451419,4.171026510451419,1.131810930339906,1.1318048419274738,100.00000000000011,97.06267927575773,0,2
2023-06-06 05:45:00,2023-06-06 05:45:59,1.116,1.115,1.115,1.116,1.115106398349967,1.1155,1.115,1.116,True,0.001897479251798807,0.0005534244572107921,0,1.119647099012348,1.119245305055241,4.784199875864019,4.784199875864019,1.1316486325255786,1.1316376295699864,100.00000000000011,100.00000000000016,0,2
2023-06-06 05:46:00,2023-06-06 05:46:59,1.116,1.116,1.115,1.117,1.1153031991749836,1.116,1.115,1.117,True,0.0019048021623846066,0.0006380075287415895,0,1.1194462020337943,1.119077796809296,7.694661774908347,7.694661774908347,1.1314929247392544,1.1314820312658074,100.00000000000011,100.00000000000016,0,2
2023-06-06 05:47:00,2023-06-06 05:47:59,1.117,1.117,1.116,1.117,1.1156515995874918,1.1167500000000001,1.116,1.117,True,0.001840173436499984,0.000748107508278507,0,1.1192619994215451,1.118929945227605,11.701688211233204,11.701688211233204,1.1313462289707046,1.1313379314522172,100.00000000000011,100.00000000000016,0,2
2023-06-06 05:48:00,2023-06-06 05:48:59,1.117,1.117,1.117,1.118,1.116200799793746,1.11725,1.117,1.118,True,0.0017801610481785646,0.0007999688569990501,0,1.119095972324575,1.1188020144267359,14.373039168783109,14.373039168783109,1.1312059679859214,1.131195265467618,100.00000000000011,100.00000000000016,0,2
2023-06-06 05:49:00,2023-06-06 05:49:59,1.117,1.118,1.117,1.119,1.1167253998968731,1.11775,1.117,1.119,True,0.0017958638304515246,0.0008791140363315938,0,1.1189489933756553,1.1186940756697792,18.138590300034934,18.138590300034934,1.1310720777572059,1.131063969293811,100.00000000000011,100.00000000000016,0,2
2023-06-06 05:50:00,2023-06-06 05:50:59,1.119,1.12,1.119,1.12,1.1172376999484366,1.1195,1.119,1.12,True,0.0018104449854192731,0.0010394817306917294,1,1.1188215345227173,1.1186146242253154,23.248900412376926,23.248900412376926,1.1309569327048954,1.1309538800471064,100.00000000000011,100.00000000000016,1,2
2023-06-06 05:51:00,2023-06-06 05:51:59,1.12,1.12,1.119,1.12,1.1183688499742184,1.11975,1.119,1.12,True,0.001752556057889333,0.0011063221150523204,0,1.1187180793740163,1.1185598614295864,26.65577382060492,26.65577382060492,1.1308454209366874,1.1308448862157918,100.00000000000011,100.00000000000016,0,2
2023-06-06 05:52:00,2023-06-06 05:52:59,1.12,1.122,1.12,1.122,1.119059424987109,1.121,1.12,1.122,True,0.001770230625182952,0.0012450298505234814,0,1.1186389704018014,1.1185334882409792,30.667325509183,30.667325509183,1.1307474565492577,1.1307568773977243,100.00000000000011,100.00000000000016,0,2
2023-06-06 05:53:00,2023-06-06 05:53:59,1.121,1.121,1.121,1.121,1.1200297124935545,1.121,1.121,1.121,True,0.0017152141519556064,0.0012162273467518317,0,1.1185862293213902,1.1185296473378323,28.631892973342644,28.631892973342644,1.1306504669318522,1.130659794040533,100.00000000000011,100.00000000000016,0,2
2023-06-06 05:54:00,2023-06-06 05:54:59,1.122,1.122,1.122,1.123,1.1205148562467773,1.1222500000000002,1.122,1.123,True,0.0017355559982444918,0.001215574698926033,0,1.1185579383296111,1.1185521489435,28.635854307280326,28.635854307280326,1.1305668801962119,1.130573626935652,100.00000000000011,100.00000000000016,0,2
2023-06-06 05:55:00,2023-06-06 05:55:59,1.123,1.125,1.123,1.125,1.1213824281233888,1.124,1.123,1.125,True,0.001825873426941306,0.0013683093426444311,0,1.1185550436365554,1.1186072426677323,31.245338304828593,31.245338304828593,1.1305015381047072,1.130518167961168,100.00000000000011,100.00000000000016,0,2
2023-06-06 05:56:00,2023-06-06 05:56:59,1.125,1.125,1.124,1.125,1.1226912140616945,1.1247500000000001,1.124,1.125,True,0.001766882467874062,0.0014054078319247815,0,1.118581143152144,1.1186927641921778,32.984994303194114,32.984994303194114,1.1304443088698346,1.1304632608172758,100.00000000000011,100.00000000000016,0,2
2023-06-06 05:57:00,2023-06-06 05:57:59,1.124,1.125,1.124,1.125,1.1237206070308474,1.1245,1.124,1.125,True,0.0017121051487401925,0.0013637838176219258,0,1.118636953672161,1.1187999397032442,34.14476496877113,34.14476496877113,1.130385161517896,1.1304089000131239,98.03486423065463,99.34495474355167,0,2
2023-06-06 05:58:00,2023-06-06 05:58:59,1.125,1.125,1.124,1.125,1.1241103035154238,1.1247500000000001,1.124,1.125,True,0.0016612404952587422,0.0012709055423506786,0,1.1187184466877027,1.118925143478144,34.91794541248913,34.91794541248913,1.1303290902590113,1.1303550801124957,96.6519698885872,98.22894470641403,0,2
2023-06-06 05:59:00,2023-06-06 05:59:59,1.125,1.124,1.124,1.125,1.124430151757712,1.1245,1.124,1.125,True,0.0016140090313116813,0.0010784134869715725,0,1.1188217950829233,1.1190619667350332,29.61182260290782,29.61182260290782,1.1302710893609116,1.1302918454845108,92.82011057562323,95.83564823162173,0,1
2023-06-06 06:00:00,2023-06-06 06:00:59,1.125,1.124,1.124,1.125,1.124465075878856,1.1245,1.124,1.125,True,0.0015701512433608392,0.0008969713272878527,0,1.1189418809089784,1.1192069993387588,26.07440739652027,26.07440739652027,1.130213665586176,1.1302292400568041,90.39118730834412,93.28775592418488,0,1
2023-06-06 06:01:00,2023-06-06 06:01:59,1.125,1.125,1.124,1.125,1.124482537939428,1.1247500000000001,1.124,1.125,True,0.0015294261545493427,0.0007979266317011012,0,1.1190744401238686,1.1193592154069492,26.04451094003292,26.04451094003292,1.1301593007544728,1.130177207817433,87.94113968072429,90.38414585489726,0,1
2023-06-06 06:02:00,2023-06-06 06:02:59,1.124,1.125,1.124,1.125,1.1246162689697141,1.1245,1.124,1.125,True,0.0014916100006529532,0.0006867271577947552,0,1.1192168277654089,1.1195143274372608,26.024579969041355,26.024579969041355,1.1301029893041796,1.130125693311787,83.74605297440124,87.35945998782324,0,1
2023-06-06 06:03:00,2023-06-06 06:03:59,1.125,1.126,1.124,1.126,1.124558134484857,1.1252499999999999,1.124,1.126,True,0.0015279235720348694,0.0006401121184356488,0,1.1193655776013347,1.1196758010430308,27.97237334458434,27.97237334458434,1.1300547008533919,1.1300846416370427,81.6701682658476,84.4524536403244,0,1
2023-06-06 06:04:00,2023-06-06 06:04:59,1.126,1.126,1.125,1.126,1.1249040672424284,1.12575,1.125,1.126,True,0.0014902147454609424,0.0005677293036390422,0,1.1195206893221827,1.119844605812973,29.270902261613003,29.270902261613003,1.1300118680090796,1.1300439984366741,82.20735129584894,82.54119084536596,0,1
2023-06-06 06:05:00,2023-06-06 06:05:59,1.127,1.126,1.126,1.127,1.1253270336212142,1.1265,1.126,1.127,True,0.0014551994064994547,0.00048100976889140076,0,1.1196826475675778,1.120023170077384,30.136588206298768,30.136588206298768,1.1299769240487902,1.1300037596462595,90.23429731513598,84.7039389589442,0,1
2023-06-06 06:06:00,2023-06-06 06:06:59,1.126,1.127,1.126,1.127,1.1259135168106071,1.1265,1.126,1.127,True,0.0014226851631780732,0.0004567007424476589,0,1.119852908822481,1.1202081929196739,32.51131789271247,32.51131789271247,1.1299423277895984,1.1299738714905754,96.70424106031423,89.71529655709975,0,1
2023-06-06 06:07:00,2023-06-06 06:07:59,1.126,1.125,1.125,1.127,1.1262067584053037,1.12575,1.125,1.127,True,0.0014639219372367825,0.00026737352624570327,0,1.1200305508710775,1.1203918853946866,21.979666711148,21.979666711148,1.1299006130852243,1.1299243802319627,66.6666666666668,84.53506834737237,0,1
2023-06-06 06:08:00,2023-06-06 06:08:59,1.125,1.124,1.123,1.125,1.1259783792026519,1.12425,1.123,1.1259783792026519,True,0.0015022132274341553,4.799230477858969e-05,0,1.120211218132882,1.1205629785412596,11.565205587204474,0.0,1.1298443880794011,1.1298654311749283,33.333333333333464,65.5680803534382,0,1
2023-06-06 06:09:00,2023-06-06 06:09:59,1.124,1.121,1.121,1.124,1.125114189601326,1.1225,1.121,1.125114189601326,True,0.0016091979969031524,-0.0003181911939122081,-1,1.120387098337071,1.1207109714059458,-1.0608650793092167,-0.0,1.1297713095910489,1.1297772179294066,1.3263464400855204e-13,33.333333333333506,0,1
2023-06-06 06:10:00,2023-06-06 06:10:59,1.122,1.123,1.122,1.124,1.123807094800663,1.12275,1.122,1.124,True,0.001708540997124364,-0.00041946932831350963,0,1.1205490348715084,1.1208414771336768,-3.0975414181343623,-3.0975414181343623,1.1297014458140235,1.129709782925134,1.434648227769628,11.589327187034447,0,1
2023-06-06 06:11:00,2023-06-06 06:11:59,1.123,1.123,1.122,1.123,1.1232785474003315,1.1227500000000001,1.122,1.1232785474003315,True,0.0016579309259011873,-0.0004813888630691341,0,1.1206952560025927,1.1209573197074225,-4.45532564401779,-4.45532564401779,1.1296322771989586,1.1296430189159286,2.869296455540447,1.4346482277701078,0,1
2023-06-06 06:12:00,2023-06-06 06:12:59,1.122,1.122,1.122,1.123,1.1230142737001658,1.1222500000000002,1.122,1.1230142737001658,True,0.0016109358597653802,-0.000582867285124859,0,1.1208262878550077,1.1210573925419332,-7.544440746419326,-7.544440746419326,1.1295588217044417,1.1295669689764667,2.869296455540447,2.3910803796168794,0,1
2023-06-06 06:13:00,2023-06-06 06:13:59,1.122,1.122,1.122,1.123,1.1226321368500831,1.1222500000000002,1.122,1.123,True,0.0015672975840678451,-0.0006358425161264534,0,1.1209418401984705,1.121144363143773,-9.603850814687014,-9.603850814687014,1.1294860971103675,1.1294916757528202,1.4346482277709594,2.3910803796173234,0,1
2023-06-06 06:14:00,2023-06-06 06:14:59,1.122,1.123,1.122,1.123,1.1224410684250417,1.1225,1.122,1.123,True,0.0015267763280629911,-0.0005854709307586982,0,1.1210431016711218,1.1212221368207358,-7.142417064102645,-7.142417064102645,1.1294165837062842,1.129427081964235,1.7265060848072735,2.0101502560395987,0,1
2023-06-06 06:15:00,2023-06-06 06:15:59,1.122,1.12,1.12,1.123,1.1224705342125207,1.12125,1.12,1.123,True,0.0016320065903441983,-0.0007438738896924824,0,1.1211326192459288,1.1212835597546005,-11.774881466572218,-11.774881466572218,1.1293353241669182,1.1293332801536455,1.7265060848072735,1.6292201324618742,0,1
2023-06-06 06:16:00,2023-06-06 06:16:59,1.12,1.12,1.12,1.12,1.1218602671062605,1.12,1.12,1.1218602671062605,True,0.0015154346910338985,-0.0008232152392923995,0,1.1212080895002647,1.1213231118774571,-14.863191068218597,-14.863191068218597,1.1292424353692374,1.1292404116944053,1.726506084807266,1.7265060848073095,0,-2
2023-06-06 06:17:00,2023-06-06 06:17:59,1.12,1.122,1.12,1.122,1.1209301335531303,1.121,1.12,1.122,True,0.0015500464988171916,-0.0007093916915053391,0,1.121265600688861,1.1213520346508385,-10.424725946932945,-10.424725946932945,1.1291604210869564,1.1291683677969484,5.108290490773954,2.8537675534628697,0,-1
2023-06-06 06:18:00,2023-06-06 06:18:59,1.121,1.121,1.12,1.121,1.1209650667765652,1.1207500000000001,1.12,1.121,True,0.0015821860346159637,-0.0006803476645467958,0,1.1213088176698498,1.1213706751557764,-9.748775379185545,-9.748775379185545,1.1290767353049966,1.1290870905054364,9.288934094882038,5.374576890154458,-1,-2
2023-06-06 06:19:00,2023-06-06 06:19:59,1.12,1.121,1.12,1.121,1.1208575333882826,1.1205,1.12,1.121,True,0.0015406013178576729,-0.0006377380103633245,0,1.1213397464128132,1.1213793771989038,-9.298141667353946,-9.298141667353946,1.1289913946551957,1.1290066219431933,12.52585036168332,8.97435831577981,0,-2
2023-06-06 06:20:00,2023-06-06 06:20:59,1.12,1.12,1.12,1.12,1.1206787666941413,1.12,1.12,1.1206787666941413,True,0.0015019869380106883,-0.0006558010730759046,0,1.1213595618058585,1.1213767643841523,-11.343135705595678,-11.343135705595678,1.1289019280417112,1.1289170038144054,9.080452095883093,10.298412184149523,0,-2
2023-06-06 06:21:00,2023-06-06 06:21:59,1.12,1.122,1.12,1.122,1.1203393833470707,1.121,1.12,1.122,True,0.0015375592995813536,-0.0005054949285934312,0,1.1213681630950054,1.1213721222923727,-6.409281876330972,-6.409281876330972,1.1288233018920424,1.1288481779058044,17.037161385151855,12.881154614239463,0,-1
2023-06-06 06:22:00,2023-06-06 06:22:59,1.121,1.123,1.121,1.123,1.1206696916735353,1.1219999999999999,1.121,1.123,True,0.0015705907781826856,-0.00032082750736891303,0,1.121370142693689,1.121372775449669,-0.8293992541432544,-0.0,1.1287554083408777,1.128789987080871,47.09536891044666,24.404327463827244,0,-1
2023-06-06 06:23:00,2023-06-06 06:23:59,1.123,1.124,1.123,1.124,1.1213348458367676,1.1235,1.123,1.124,True,0.0015298342940267876,-0.0001217118591833429,0,1.121371459071679,1.1213878847076453,4.880796556046995,0.0,1.1287031157205705,1.1287423255178772,78.76581001880639,47.632780104801675,1,2
2023-06-06 06:24:00,2023-06-06 06:24:59,1.123,1.122,1.122,1.123,1.1224174229183839,1.1225,1.122,1.123,True,0.00156341755873916,-0.0001277104486948263,0,1.1213796718896623,1.1214074106263083,2.8227717695473586,0.0,1.1286413931760872,1.128675237701779,91.2861005891461,72.38242650613309,0,1
2023-06-06 06:25:00,2023-06-06 06:25:59,1.121,1.12,1.12,1.121,1.122458711459192,1.1205,1.12,1.122458711459192,True,0.0015946020188292202,-0.0002658438406027021,0,1.1213935412579854,1.121416557717494,-2.4706459065871442,-0.0,1.128560384288763,1.128588916928627,68.64090465932303,79.56427175575855,-1,-2
2023-06-06 06:26:00,2023-06-06 06:26:59,1.121,1.122,1.121,1.122,1.121479355729596,1.1215000000000002,1.121,1.122,True,0.001623559017484276,-0.00020848477476499575,0,1.1214050494877397,1.1214243317895078,-1.2764037202499807,-0.0,1.1284901317087754,1.1285233555661531,53.25967060244903,71.06222528363942,0,-1
2023-06-06 06:27:00,2023-06-06 06:27:59,1.121,1.122,1.121,1.122,1.121489677864798,1.1215000000000002,1.121,1.122,True,0.0015790190876639788,-0.00016411162936568087,0,1.1214146906386238,1.1214309715354709,-0.4802422626918741,-0.0,1.1284205781594343,1.1284584465555447,46.554126415191796,56.15156722565465,0,-1
2023-06-06 06:28:00,2023-06-06 06:28:59,1.122,1.122,1.121,1.123,1.121494838932399,1.122,1.121,1.123,True,0.0016090891528308376,-0.0001298586053750564,0,1.1214228310870473,1.1214401031945707,0.050532042346866035,0.0,1.128356691809589,1.1283941834057383,57.55298838058951,52.455595132743476,0,2
2023-06-06 06:29:00,2023-06-06 06:29:59,1.122,1.123,1.122,1.123,1.1217474194661996,1.1225,1.122,1.123,True,0.0015655827847714844,-3.4902997926692384e-05,0,1.121431467140809,1.1214545646332472,3.0538307274627527,0.0,1.1282984162691951,1.1283405099390145,64.8637726739495,56.32362915657696,1,2
2023-06-06 06:30:00,2023-06-06 06:30:59,1.122,1.121,1.121,1.123,1.1221237097330998,1.12175,1.121,1.123,True,0.0015966125858592355,-0.00011062192624584899,0,1.121443015887028,1.1214679772264198,-0.46963816073784415,-0.0,1.1282332578983574,1.1282674700391238,65.0030453423983,62.47326879897912,-1,1
2023-06-06 06:31:00,2023-06-06 06:31:59,1.122,1.122,1.121,1.122,1.1219368548665498,1.12175,1.121,1.122,True,0.0015539974011550123,-8.73926483755504e-05,0,1.1214554965567238,1.1214804720314977,-0.05525249586489167,-0.0,1.128168747869518,1.1282051071531622,61.44562745963566,63.77081515866117,0,2
2023-06-06 06:32:00,2023-06-06 06:32:59,1.121,1.121,1.121,1.122,1.121843427433275,1.12125,1.121,1.122,True,0.0015144261582153765,-0.00013823344861468625,0,1.1214679842941109,1.1214887279961716,-2.2746255302374365,-0.0,1.1280999046071347,1.128133414544673,49.88998101191975,58.77955127131792,0,-2
2023-06-06 06:33:00,2023-06-06 06:33:59,1.122,1.122,1.122,1.122,1.1215467137166375,1.122,1.122,1.122,True,0.0014776814326285719,-9.731162922297181e-05,0,1.1214783561451411,1.1214987358448862,-0.912022003480935,-0.0,1.1280392090389044,1.1280723855442285,52.487981197996895,54.60786322318412,0,-1
2023-06-06 06:34:00,2023-06-06 06:34:59,1.121,1.122,1.121,1.122,1.1217733568583188,1.1215000000000002,1.121,1.122,True,0.0014435613302979675,-6.731232579902122e-05,0,1.1214885459950137,1.1215066237680087,-0.0036196523099363276,-0.0,1.1279741422822984,1.1280119637975197,44.51086859628273,48.962943602066474,0,2
2023-06-06 06:35:00,2023-06-06 06:35:59,1.121,1.121,1.121,1.123,1.1216366784291596,1.1215,1.121,1.123,True,0.0014833069495623983,-0.00011418320170831346,0,1.1214975848815112,1.1215127885392628,-2.471699911436346,-0.0,1.1279097229561064,1.1279421930134648,40.91789081737048,45.972246870550045,0,-2
2023-06-06 06:36:00,2023-06-06 06:36:59,1.122,1.122,1.121,1.122,1.1215683392145799,1.12175,1.121,1.122,True,0.0014487850245936634,-7.131931635511725e-05,0,1.1215051867103871,1.1215192696299123,-0.749570030866451,-0.0,1.1278484321804236,1.1278830667148234,33.846016070389744,39.758258494680994,0,-1
2023-06-06 06:37:00,2023-06-06 06:37:59,1.122,1.122,1.122,1.122,1.12165916960729,1.122,1.122,1.122,True,0.0013453003799798302,-4.08186507094798e-05,0,1.1215122281701497,1.1215276705597381,0.39851655618014803,0.0,1.1277902388253946,1.1278245287375614,50.37392231024688,41.712609732669044,0,2
2023-06-06 06:38:00,2023-06-06 06:38:59,1.122,1.122,1.121,1.122,1.121829584803645,1.12175,1.121,1.122,True,0.001320636067124136,-1.9613960017036126e-05,0,1.121519949364944,1.12153581008727,1.1639076142112117,0.0,1.127730136946535,1.1277665732277349,61.000433605624515,48.406790662087054,0,2
2023-06-06 06:39:00,2023-06-06 06:39:59,1.122,1.122,1.122,1.122,1.1217897924018225,1.122,1.122,1.122,True,0.001226304919472412,-5.339426247805028e-06,0,1.121527879726107,1.1215454032309888,1.6741683195652541,0.0,1.1276731206585098,1.127709194389648,70.99372045940612,60.789358791759184,0,2
2023-06-06 06:40:00,2023-06-06 06:40:59,1.122,1.121,1.12,1.122,1.1218948962009114,1.12125,1.12,1.122,True,0.001281568853795811,-6.47490596524113e-05,0,1.121536641478548,1.1215509292001877,-2.6816409300616044,-0.0,1.1276092090101664,1.1276424362365172,44.351554876355046,58.7819029804619,0,-2
2023-06-06 06:41:00,2023-06-06 06:41:59,1.121,1.121,1.12,1.121,1.1215724481004559,1.1207500000000001,1.12,1.1215724481004559,True,0.001261456792810388,-0.00010045325015507514,0,1.121543785339368,1.1215497846085265,-5.5855137631461815,-5.5855137631461815,1.1275409581742444,1.1275763423436165,23.61078423778626,46.31868652451581,0,-2
2023-06-06 06:42:00,2023-06-06 06:42:59,1.122,1.122,1.122,1.122,1.121161224050228,1.122,1.122,1.122,True,0.0012427813076096542,-5.049266697919415e-05,0,1.1215467849739473,1.121551972419836,-1.8329272910063708,-0.0,1.127485824262063,1.1275208563501478,28.43427331620993,32.132204143450416,0,-1
2023-06-06 06:43:00,2023-06-06 06:43:59,1.122,1.123,1.122,1.123,1.121580612025114,1.1225,1.122,1.123,True,0.0012254397856375284,5.2692123554109336e-05,0,1.1215493786968918,1.12156019937646,4.364696767682354,0.0,1.1274362140704006,1.1274758727048726,61.76760664954327,37.93755473451316,1,2
2023-06-06 06:44:00,2023-06-06 06:44:59,1.122,1.122,1.122,1.123,1.122040306012557,1.1222500000000002,1.122,1.123,True,0.0012093369438062687,4.84263218429687e-05,0,1.121554789036676,1.1215714092831228,3.359012558239357,0.0,1.127384609950297,1.1274213864093017,90.03028120289366,60.07738705621563,0,2
2023-06-06 06:45:00,2023-06-06 06:45:59,1.122,1.121,1.121,1.122,1.1221451530062785,1.1215000000000002,1.121,1.1221451530062785,True,0.0011943843049629717,-2.5197114649536883e-05,0,1.1215630991598995,1.1215797449778497,-1.024483591649357,-0.0,1.1273260566174583,1.1273574920171694,75.47714707821125,75.75834497688273,-1,1
2023-06-06 06:46:00,2023-06-06 06:46:59,1.121,1.12,1.12,1.121,1.1218225765031393,1.1205,1.12,1.1218225765031393,True,0.001180499711751323,-0.00014031570502809847,0,1.1215714220688746,1.121578899530111,-6.715201449484638,-6.715201449484638,1.1272581356560907,1.1272842831413767,42.14381374487791,69.21708067532761,0,-2
2023-06-06 06:47:00,2023-06-06 06:47:59,1.121,1.121,1.12,1.121,1.1211612882515696,1.1207500000000001,1.12,1.1211612882515696,True,0.001167606875197649,-0.00013972164887348499,0,1.1215751607994928,1.1215725467708786,-6.00033981959217,-6.00033981959217,1.1271933780873733,1.1272217529608655,18.650054330369358,45.42367171781951,0,-2
2023-06-06 06:48:00,2023-06-06 06:48:59,1.12,1.12,1.12,1.121,1.1209556441257849,1.12025,1.12,1.121,True,0.0011556349555406661,-0.00020125723658552243,0,1.1215738537851856,1.1215584711215283,-8.438478343722068,-8.438478343722068,1.1271242897481955,1.127149894722449,4.768915138841973,21.854261071363087,0,-2
2023-06-06 06:49:00,2023-06-06 06:49:59,1.12,1.121,1.12,1.121,1.1206028220628923,1.1205,1.12,1.121,True,0.0011445181730020393,-0.0001627272782935262,0,1.1215661624533568,1.121540127026266,-6.103891538527151,-6.103891538527151,1.1270583764173676,1.127088701740136,9.498197349024082,10.972388939411813,0,-1
2023-06-06 06:50:00,2023-06-06 06:50:59,1.122,1.12,1.12,1.122,1.120551411031446,1.121,1.12,1.122,True,0.0012056240177876082,-0.0001981089777272053,0,1.1215531447398113,1.121521978745253,-7.5226268922896224,-7.5226268922896224,1.126998094064956,1.127018167394463,18.67100011058475,10.979370866150276,0,-2
2023-06-06 06:51:00,2023-06-06 06:51:59,1.121,1.122,1.12,1.122,1.120775705515723,1.12125,1.12,1.122,True,0.0012623651593742077,-7.365053144230268e-05,0,1.121537561742532,1.12150582441255,-2.3102439602185143,-0.0,1.1269408990991356,1.1269682353805879,37.091971365653585,21.753722941754148,0,-1
2023-06-06 06:52:00,2023-06-06 06:52:59,1.121,1.121,1.121,1.121,1.1210128527578616,1.121,1.121,1.1210128527578616,True,0.0012436247908474867,-5.703250807464027e-05,0,1.121521693077541,1.1214896354994095,-1.840838539596092,-0.0,1.1268817856752635,1.1269088499539153,46.483828252319256,34.08226657618587,0,-1
2023-06-06 06:53:00,2023-06-06 06:53:59,1.121,1.121,1.121,1.121,1.1210064263789308,1.121,1.121,1.1210064263789308,True,0.0011547944486440948,-4.2218191824786315e-05,0,1.121505664288475,1.121473530434008,-1.5279015925144748,-0.0,1.126823260444664,1.1268500554270107,46.66324944876453,43.41301635557914,0,-1
2023-06-06 06:54:00,2023-06-06 06:54:59,1.122,1.121,1.121,1.122,1.1210032131894654,1.1215000000000002,1.121,1.122,True,0.0011437377023123818,-2.9166232348452285e-05,0,1.1214895973612415,1.1214610324121292,-1.3192769611267323,-0.0,1.1267702926790455,1.1267918459202741,52.327547497982835,48.49154173302222,0,-1
2023-06-06 06:55:00,2023-06-06 06:55:59,1.121,1.122,1.121,1.122,1.1212516065947327,1.1215000000000002,1.121,1.122,True,0.001133470723575791,5.077935009025028e-05,0,1.1214753148866854,1.121451459990704,2.407036056369776,0.0,1.126717851955871,1.126744165861366,62.291677705422195,53.760824884056525,0,-1
2023-06-06 06:56:00,2023-06-06 06:56:59,1.121,1.121,1.121,1.121,1.1213758032973664,1.121,1.121,1.1213758032973664,True,0.0011239371004632423,3.3158551836643665e-05,0,1.1214633874386946,1.121440826060349,0.8534450942051564,0.0,1.1266609579065587,1.1266870099821484,61.96928414073927,58.86283644804811,0,-2
2023-06-06 06:57:00,2023-06-06 06:57:59,1.121,1.123,1.121,1.123,1.1211879016486832,1.1219999999999999,1.121,1.123,True,0.0011865130218587253,0.00015890938892327243,0,1.1214521067495218,1.1214362904200843,5.5117010006479745,5.5117010006479745,1.1266145802159462,1.1266503233156593,71.21734816978545,65.1594366719823,1,2
2023-06-06 06:58:00,2023-06-06 06:58:59,1.122,1.122,1.122,1.122,1.1215939508243415,1.122,1.122,1.122,True,0.001173190663154523,0.00016573469161960526,0,1.121444198584803,1.12143658712581,5.073714477690871,5.073714477690871,1.126568663994892,1.1266040514418716,80.46541219883164,71.21734816978547,0,2
2023-06-06 06:59:00,2023-06-06 06:59:59,1.123,1.123,1.123,1.123,1.1217969754121708,1.123,1.123,1.123,True,0.0011608199015006207,0.00023223682348437404,0,1.1214403928553065,1.1214475473992662,7.292007611008394,7.292007611008394,1.1265331549004154,1.1265681902334947,100.00000000000011,83.89425345620575,0,2
2023-06-06 07:00:00,2023-06-06 07:00:59,1.122,1.122,1.122,1.123,1.1223984877060853,1.1222500000000002,1.122,1.123,True,0.00114933276567914,0.00019681402294259248,0,1.1214439701272862,1.1214616821778585,5.380096375070643,5.380096375070643,1.1264905364436948,1.1265227356043057,89.14967614872006,89.87169611585061,0,1
2023-06-06 07:01:00,2023-06-06 07:01:59,1.122,1.122,1.122,1.123,1.1223242438530427,1.1222500000000002,1.122,1.123,True,0.0011386661395591936,0.00016533414445652774,0,1.1214528261525722,1.1214782192870565,4.105488884445478,4.105488884445478,1.1264483420512201,1.1264777332599842,78.29935229744001,89.14967614872006,0,1
2023-06-06 07:02:00,2023-06-06 07:02:59,1.123,1.124,1.123,1.124,1.1222871219265214,1.1235,1.123,1.124,True,0.001200189986733537,0.00027468979192591514,0,1.1214655227198143,1.1215051106352103,8.45294173402521,8.45294173402521,1.126419005314392,1.1264530791976959,78.29935229744001,81.91612691453336,0,2
2023-06-06 07:03:00,2023-06-06 07:03:59,1.123,1.124,1.123,1.124,1.1228935609632607,1.1235,1.123,1.124,True,0.0011858907019668638,0.0003325987425482123,0,1.121485316677512,1.1215399694452648,11.351243633745028,11.351243633745028,1.126389960485393,1.1264286704494602,89.14967614872006,81.91612691453336,0,2
2023-06-06 07:04:00,2023-06-06 07:04:59,1.124,1.124,1.124,1.124,1.1231967804816303,1.124,1.124,1.124,True,0.001101184223254945,0.0003541028167033432,0,1.1215126430613882,1.1215842924573298,13.2834449002249,13.2834449002249,1.1263661797840459,1.1264045045743412,100.00000000000011,89.14967614872006,0,2
2023-06-06 07:05:00,2023-06-06 07:05:59,1.124,1.123,1.123,1.124,1.123598390240815,1.1235,1.123,1.124,True,0.0010939567787367425,0.00028195497912460247,0,1.1215484677593588,1.1216323320674644,9.701682529952208,9.701682529952208,1.1263376605822146,1.1263706289069348,91.33086220218418,93.49351278363478,0,1
2023-06-06 07:06:00,2023-06-06 07:06:59,1.124,1.123,1.123,1.124,1.1235491951204075,1.1235,1.123,1.124,True,0.0010872455802555547,0.00022060869829317931,0,1.1215903999134116,1.1216829681785827,7.313840949770416,7.313840949770416,1.126309425153536,1.1263370903108458,82.66172440436824,91.33086220218418,0,1
2023-06-06 07:07:00,2023-06-06 07:07:59,1.124,1.124,1.123,1.124,1.1235245975602037,1.1237500000000002,1.123,1.124,True,0.0010810137530944516,0.00023721152847621817,0,1.121636684045997,1.1217370163814797,9.49617477947023,9.49617477947023,1.1262839582365853,1.1263138356808873,76.90135449423569,83.63131370026271,0,2
2023-06-06 07:08:00,2023-06-06 07:08:59,1.123,1.124,1.123,1.124,1.123637298780102,1.1235,1.123,1.124,True,0.001075227056444856,0.00023450669923627776,0,1.1216868502137383,1.1217916648542134,10.951063999270104,10.951063999270104,1.1262562571596044,1.1262908124402815,75.07439432257083,78.21249107372493,0,2
2023-06-06 07:09:00,2023-06-06 07:09:59,1.123,1.123,1.123,1.124,1.123568649390051,1.12325,1.123,1.124,True,0.0010698536952702313,0.0001504860217894662,0,1.1217392575339757,1.1218446957111052,6.478061296562835,6.478061296562835,1.1262263441530411,1.1262580680378906,68.57160536177719,73.51578472619458,0,1
2023-06-06 07:10:00,2023-06-06 07:10:59,1.124,1.124,1.124,1.125,1.1234093246950256,1.12425,1.124,1.125,True,0.0011362927170366435,0.00015456168184142674,0,1.1217919766225404,1.1219029502230589,7.602386949339042,7.602386949339042,1.1262066790370904,1.126235599699205,69.23244716569968,70.95948228334925,0,2
2023-06-06 07:11:00,2023-06-06 07:11:59,1.125,1.124,1.123,1.125,1.1238296623475128,1.12425,1.123,1.125,True,0.001197986094391169,0.00014658755791995166,0,1.1218474634227995,1.1219649176674749,8.351937384523183,8.351937384523183,1.1261872095939351,1.1262133549260787,74.62901702896966,70.8110231854822,0,2
2023-06-06 07:12:00,2023-06-06 07:12:59,1.123,1.125,1.123,1.125,1.1240398311737563,1.124,1.123,1.125,True,0.0012552728019346571,0.0001995130036253637,1,1.121906190545137,1.1220276679012948,12.233128784260707,12.233128784260707,1.1261654463143935,1.1262012817427345,75.74869426248326,73.20338615238421,0,2
2023-06-06 07:13:00,2023-06-06 07:13:59,1.125,1.125,1.125,1.125,1.1240199155868782,1.125,1.125,1.125,True,0.0011656104589393246,0.00022053847677852123,0,1.1219669292232157,1.1220974649608457,14.820589717419054,14.820589717419054,1.1261538498336532,1.126189328690568,80.84822236869331,77.07531122004876,0,2
2023-06-06 07:14:00,2023-06-06 07:14:59,1.124,1.125,1.124,1.125,1.124509957793439,1.1245,1.124,1.125,True,0.0011537811404436508,0.0002196355774923129,0,1.1220321970920306,1.1221689006220643,16.545563672857952,16.545563672857952,1.126137393616403,1.126177494574244,71.53893547456934,76.04528403524866,0,2
2023-06-06 07:15:00,2023-06-06 07:15:59,1.124,1.124,1.124,1.125,1.1245049788967196,1.12425,1.124,1.125,True,0.0011427967732690965,0.00013566583521308292,0,1.1221005488570475,1.122239420975428,10.60454799903728,10.60454799903728,1.1261186135804189,1.1261558279615649,60.03993030444416,70.80902938256895,0,1
2023-06-06 07:16:00,2023-06-06 07:16:59,1.125,1.125,1.125,1.126,1.1243774894483598,1.1252499999999999,1.125,1.126,True,0.0012040255751784312,0.00013868226803960006,0,1.1221699849162377,1.1223155979193256,11.211668957472781,11.211668957472781,1.1261099706592206,1.126144327185828,54.343008668406355,61.97395814913997,0,2
2023-06-06 07:17:00,2023-06-06 07:17:59,1.125,1.126,1.124,1.126,1.1248137447241797,1.1252499999999999,1.124,1.126,True,0.001260880891237099,0.00019757607420648035,0,1.1222427914177815,1.1223957056818843,14.657649117776202,14.657649117776202,1.1261014137372383,1.1261428910944267,63.054902032703296,59.14594700185128,0,2
2023-06-06 07:18:00,2023-06-06 07:18:59,1.125,1.125,1.124,1.126,1.1250318723620898,1.125,1.124,1.126,True,0.001313675113291576,0.00015248667073948323,0,1.1223192485498328,1.1224766433153095,11.573575436349884,11.573575436349884,1.1260904543965693,1.1261315190437358,74.02372743011277,63.80721271040748,0,1
2023-06-06 07:19:00,2023-06-06 07:19:59,1.124,1.125,1.123,1.125,1.125015936181045,1.12425,1.123,1.125015936181045,True,0.001362698319485035,0.00011051583202258261,0,1.122397945932571,1.1225525331960657,9.51752631539901,9.51752631539901,1.126072141417499,1.1261202601477782,46.38731573281725,61.15531506521111,0,1
2023-06-06 07:20:00,2023-06-06 07:20:59,1.125,1.124,1.123,1.125,1.1246329680905225,1.12425,1.123,1.125,True,0.001408219868093247,3.693783303483308e-06,0,1.1224752395643183,1.1226239282603587,3.6177058354922167,0.0,1.126054010657126,1.12609916303188,18.75090403552177,46.387315732817264,0,1
2023-06-06 07:21:00,2023-06-06 07:21:59,1.125,1.125,1.124,1.126,1.1244414840452612,1.125,1.124,1.126,True,0.001450489877515142,-3.1236394633263158e-06,0,1.1225495839123385,1.1226964404755715,4.094120823769714,0.0,1.1260435229888959,1.126088226086289,15.142238702998833,26.76015282377929,0,1
2023-06-06 07:22:00,2023-06-06 07:22:59,1.125,1.126,1.125,1.126,1.1247207420226306,1.1255,1.125,1.126,True,0.0014183120291211954,5.502617800255715e-05,0,1.122623012193955,1.1227727652523818,7.623753911853896,7.623753911853896,1.1260381147999516,1.1260873482147837,39.09269960393008,24.32861411415023,0,2
2023-06-06 07:23:00,2023-06-06 07:23:59,1.126,1.125,1.125,1.127,1.1251103710113153,1.12575,1.125,1.127,True,0.001459861169898253,1.533580114009307e-05,0,1.1226978887231684,1.1228532832824785,5.565444816862147,0.0,1.1260352479860218,1.126076528829562,67.23104797299442,40.48866209330778,0,1
2023-06-06 07:24:00,2023-06-06 07:24:59,1.126,1.126,1.125,1.127,1.1254301855056577,1.126,1.125,1.127,True,0.0014984425149055208,5.1288579556887535e-05,0,1.1227755860028235,1.1229382655169287,7.383423970435665,7.383423970435665,1.1260348972597927,1.1260757673486708,84.36976045574714,63.564502677557215,0,2
2023-06-06 07:25:00,2023-06-06 07:25:59,1.126,1.125,1.125,1.127,1.1257150927528288,1.12575,1.125,1.127,True,0.0015342680495551264,-2.6938265087464355e-06,0,1.1228569257598762,1.1230244641164913,4.704471644295936,0.0,1.1260320624611877,1.1260650631959477,84.49263199061318,78.69781347311825,0,1
2023-06-06 07:26:00,2023-06-06 07:26:59,1.125,1.126,1.125,1.126,1.1257325463764145,1.1255,1.125,1.126,True,0.0014961060460154665,2.4748872631087833e-05,0,1.1229406949381837,1.1231093136889325,6.070808882650056,0.0,1.126026768307345,1.1260644158009632,72.3516973708989,80.40469660575307,0,2
2023-06-06 07:27:00,2023-06-06 07:27:59,1.125,1.126,1.125,1.127,1.1256162731882071,1.12575,1.125,1.127,True,0.0015320984713000762,3.4991438811397216e-05,0,1.1230250043135581,1.1231942342703987,6.981700374886131,6.981700374886131,1.1260240143938391,1.1260637748477198,61.823208845002775,72.88917940217162,0,2
2023-06-06 07:28:00,2023-06-06 07:28:59,1.126,1.126,1.126,1.128,1.1256831365941036,1.1264999999999998,1.126,1.128,True,0.0015655200090643566,3.359659330100695e-05,0,1.1231096192919785,1.1232837739098693,7.588961369710184,7.588961369710184,1.1260287505690247,1.1260631402721206,71.08320974253883,68.41937198614684,0,1
2023-06-06 07:29:00,2023-06-06 07:29:59,1.127,1.127,1.126,1.128,1.1260915682970518,1.127,1.126,1.128,True,0.0015965542941311884,9.325700759236577e-05,0,1.123196696600924,1.1233797663607743,11.343381123117972,11.343381123117972,1.1260384147424674,1.1260724622594627,88.41912932652208,73.77518263802123,0,2
2023-06-06 07:30:00,2023-06-06 07:30:59,1.128,1.127,1.127,1.128,1.1265457841485258,1.1275,1.127,1.128,True,0.00155394327312181,0.00012098920062809286,0,1.1232882314808492,1.123483611076936,13.846327625389826,13.846327625389826,1.1260529578793583,1.1260816914907117,100.00000000000011,86.50077968968701,0,2
2023-06-06 07:31:00,2023-06-06 07:31:59,1.127,1.126,1.126,1.127,1.1270228920742629,1.1265,1.126,1.1270228920742629,True,0.0015143758964702603,5.806474039636339e-05,0,1.1233859212788926,1.123586064388103,9.549068959085645,9.549068959085645,1.1260574060596633,1.1260808786400578,78.78639955556757,89.06850962736326,0,1
2023-06-06 07:32:00,2023-06-06 07:32:59,1.127,1.127,1.127,1.127,1.1267614460371314,1.127,1.127,1.127,True,0.001477634761008107,7.640121603732326e-05,0,1.123485992833498,1.1236901498293952,10.57133182559567,10.57133182559567,1.1260667851038457,1.1260900241262264,63.121928251402544,80.63610926899008,0,2
2023-06-06 07:33:00,2023-06-06 07:33:59,1.127,1.127,1.126,1.127,1.1268807230185658,1.12675,1.126,1.127,True,0.0014435179923646788,7.775593871410221e-05,0,1.1235880713314468,1.1237930908555283,11.252840403269019,11.252840403269019,1.1260735832620163,1.1260990786125327,42.61510983972074,61.50781254889696,0,2
2023-06-06 07:34:00,2023-06-06 07:34:59,1.126,1.127,1.126,1.127,1.1268153615092829,1.1265,1.126,1.127,True,0.0014118381357672099,6.7943665495149e-05,0,1.1236905810934876,1.1238927093247786,11.707179455051254,11.707179455051254,1.1260778262146331,1.1261080430044477,30.49537695081995,45.41080501398108,0,1
2023-06-06 07:35:00,2023-06-06 07:35:59,1.126,1.126,1.126,1.127,1.1266576807546413,1.12625,1.126,1.127,True,0.00138242112606956,-1.733021837979393e-05,0,1.1237916452091332,1.123987313167123,5.931915991120938,0.0,1.1260795393866267,1.1261069679496771,12.826514921651638,28.645667237397447,0,1
2023-06-06 07:36:00,2023-06-06 07:36:59,1.127,1.127,1.126,1.127,1.1264538403773208,1.12675,1.126,1.127,True,0.0013551053313503136,-1.0392568858373077e-05,0,1.1238894791881282,1.1240807504072046,6.882730543659882,0.0,1.126086210636511,1.1261158538407252,7.513369256762936,16.94508704307818,0,1
2023-06-06 07:37:00,2023-06-06 07:37:59,1.126,1.127,1.126,1.127,1.1266019201886603,1.1265,1.126,1.127,True,0.001329740664825299,-1.270328761115839e-05,0,1.1239851147976665,1.12417091282842,7.516606912019178,0.0,1.1260903279436105,1.1261246513149468,9.56199757837722,9.967293918930602,0,1
2023-06-06 07:38:00,2023-06-06 07:38:59,1.126,1.127,1.126,1.127,1.1265509600943302,1.1265,1.126,1.127,True,0.0013061877601949284,-2.086887294900806e-05,0,1.1240780138130433,1.1242578783516177,7.939191157592042,0.0,1.12609440428248,1.1261333612521114,11.610625899991504,9.561997578377225,0,1
2023-06-06 07:39:00,2023-06-06 07:39:59,1.126,1.127,1.126,1.127,1.1265254800471651,1.1265,1.126,1.127,True,0.0012843172058952987,-3.241911901824242e-05,0,1.1241679460823306,1.1243417302585497,8.220913987973951,0.0,1.1260984400607639,1.1261419845232346,6.1458849648429625,9.106169481070568,0,1
2023-06-06 07:40:00,2023-06-06 07:40:59,1.126,1.128,1.126,1.128,1.1265127400235826,1.1269999999999998,1.126,1.128,True,0.0013354374054742062,2.2985288359536225e-05,0,1.1242548381704403,1.1244259860119759,13.208604086450684,13.208604086450684,1.126107410806428,1.1261604722394212,14.68963733161983,10.81538273215144,0,2
2023-06-06 07:41:00,2023-06-06 07:41:59,1.128,1.128,1.127,1.128,1.1267563700117913,1.12775,1.127,1.128,True,0.0013114775907974695,5.058142842919908e-05,0,1.1243404120912082,1.1245151274301144,16.533730818768504,16.533730818768504,1.1261237549775083,1.126178775998233,34.02332936230014,18.286283886254317,0,2
2023-06-06 07:42:00,2023-06-06 07:42:59,1.128,1.129,1.128,1.129,1.1272531850058956,1.1284999999999998,1.128,1.129,True,0.001289229191454801,0.0001274485086877079,0,1.1244277697606613,1.124612649559111,21.742316978527924,21.742316978527924,1.1261473992065878,1.1262068478788474,62.136648192685165,36.94987162886839,0,2
2023-06-06 07:43:00,2023-06-06 07:43:59,1.129,1.129,1.128,1.129,1.1278765925029477,1.1287500000000001,1.128,1.129,True,0.0012685699634937518,0.00016394007727098736,0,1.1245202096598863,1.1247178160410547,25.21470775170087,25.21470775170087,1.1261732957318953,1.1262346404372667,84.33865281616578,60.16621012371703,0,2
2023-06-06 07:44:00,2023-06-06 07:44:59,1.128,1.129,1.128,1.129,1.128313296251474,1.1284999999999998,1.128,1.129,True,0.0012493863946727774,0.00017242158734548764,0,1.1246190128504705,1.1248265641560595,27.52963493381617,27.52963493381617,1.1261964470181451,1.1262621564528164,89.31875620819898,78.59801907234997,0,2
2023-06-06 07:45:00,2023-06-06 07:45:59,1.129,1.128,1.127,1.129,1.1284066481257369,1.12825,1.127,1.129,True,0.0013030016521961506,9.356000144627205e-05,0,1.1247227885032651,1.124935670722377,19.037510698231813,19.037510698231813,1.1262168803811488,1.1262794484284102,78.67799503281312,84.11180135239262,0,1
2023-06-06 07:46:00,2023-06-06 07:46:59,1.127,1.128,1.127,1.129,1.1283283240628683,1.1277499999999998,1.127,1.129,True,0.0013527872484678544,3.0187832045529793e-05,0,1.124829229612821,1.1250408803811252,13.376094541175576,13.376094541175576,1.1262321353027294,1.1262965683445454,52.61457137764458,73.53710753955222,0,1
2023-06-06 07:47:00,2023-06-06 07:47:59,1.128,1.129,1.128,1.129,1.128039162031434,1.1284999999999998,1.128,1.129,True,0.0013275881592915873,4.819746796662578e-05,0,1.124935054996973,1.1251474459245916,15.122207671475081,15.122207671475081,1.1262547011206125,1.1263234681620127,43.838602479048255,58.37705629650198,0,2
2023-06-06 07:48:00,2023-06-06 07:48:59,1.128,1.128,1.128,1.129,1.1282695810157168,1.12825,1.128,1.129,True,0.001304189005056482,-1.9207210476733082e-05,0,1.1250412504607823,1.1252526325468089,9.584230528502808,0.0,1.1262745548408055,1.1263401500708483,35.796609454588044,44.08326110376029,0,1
2023-06-06 07:49:00,2023-06-06 07:49:59,1.128,1.129,1.128,1.129,1.1282597905078584,1.1284999999999998,1.128,1.129,True,0.0012824612189810268,-1.6343095250166521e-06,0,1.1251469415037956,1.125357727108405,10.35754818263468,0.0,1.1262966985737328,1.1263666162392976,42.950149741652915,40.86178722509641,0,2
2023-06-06 07:50:00,2023-06-06 07:50:59,1.129,1.129,1.128,1.13,1.128379895253929,1.129,1.128,1.13,True,0.001333713989053811,1.521450159125675e-06,0,1.1252523343061003,1.125465458661302,10.87309328538926,0.0,1.1263235970953873,1.1263928190627872,46.491742686387056,41.746167294209336,0,1
2023-06-06 07:51:00,2023-06-06 07:51:59,1.128,1.128,1.128,1.129,1.1286899476269645,1.12825,1.128,1.129,True,0.001309877275549975,-7.335951306833592e-05,0,1.1253588964837011,1.1255693813853749,5.5932268114599495,0.0,1.126342765283493,1.1264088109129087,36.960160070980244,42.134017499673405,0,1
2023-06-06 07:52:00,2023-06-06 07:52:59,1.129,1.129,1.129,1.129,1.1284699738134822,1.129,1.129,1.129,True,0.0012877431844392705,-5.806897633029687e-05,0,1.1254641389345381,1.125674738168922,6.588636722630902,0.0,1.126369205429926,1.1264345938888995,36.16109150017004,39.87099808584578,0,2
2023-06-06 07:53:00,2023-06-06 07:53:59,1.129,1.129,1.129,1.129,1.1287349869067411,1.129,1.129,1.129,True,0.001195761528407894,-5.364294048638236e-05,0,1.12556943855173,1.125780501138,7.252243330078201,0.0,1.1263953824903246,1.1264601203178657,26.862013458595943,33.32775500991541,0,1
2023-06-06 07:54:00,2023-06-06 07:54:59,1.128,1.128,1.128,1.128,1.1288674934533707,1.128,1.128,1.1288674934533707,True,0.0011817785620930525,-0.0001249237052944937,0,1.1256749698448651,1.125878997189895,2.5801923391219006,0.0,1.1264113488337044,1.1264754425037575,24.914403121849507,29.312502693538494,0,1
2023-06-06 07:55:00,2023-06-06 07:55:59,1.128,1.129,1.128,1.129,1.1284337467266852,1.1284999999999998,1.128,1.129,True,0.0011687943790864139,-0.00010460405919748145,0,1.12577698351738,1.1259745266908558,3.99040415575098,0.0,1.126432131432374,1.1265005624788444,18.14768020735583,23.308032262600424,0,2
2023-06-06 07:56:00,2023-06-06 07:56:59,1.128,1.129,1.128,1.129,1.1284668733633425,1.1284999999999998,1.128,1.129,True,0.0011567376377231064,-9.437490043126551e-05,0,1.125875755104118,1.126067065171435,4.9305453668370305,0.0,1.126452707239017,1.1265254325039307,12.637420916928528,18.566501415377953,0,1
2023-06-06 07:57:00,2023-06-06 07:57:59,1.128,1.129,1.128,1.129,1.1284834366816712,1.1284999999999998,1.128,1.129,True,0.0011455420921714639,-9.097473749946077e-05,0,1.1259714101377767,1.1261566138882448,5.557306174227733,0.0,1.1264730783112655,1.1265500550660805,20.28431401579191,17.023138380025422,0,1
2023-06-06 07:58:00,2023-06-06 07:58:59,1.128,1.129,1.128,1.13,1.1284917183408356,1.12875,1.128,1.13,True,0.0012065747998735023,-9.199385961847998e-05,0,1.1260640120130108,1.1262449096094502,5.975146712488197,0.0,1.126495734248467,1.1265744326276121,27.666182439323634,20.195972457348024,0,1
2023-06-06 07:59:00,2023-06-06 07:59:59,1.129,1.129,1.128,1.13,1.1286208591704177,1.129,1.128,1.13,True,0.0012632480284539664,-9.567423424708464e-05,0,1.1261544608112304,1.1263333283017236,6.253707071328506,0.0,1.1265206523156464,1.1265985676263424,39.80905245730868,29.25318297080808,0,1
2023-06-06 08:00:00,2023-06-06 08:00:59,1.129,1.126,1.125,1.129,1.1288104295852088,1.12725,1.125,1.129,True,0.0014587303121358262,-0.000306468031663188,0,1.126243894556477,1.1264092303026612,-5.698394004064461,-5.698394004064461,1.1265279095065355,1.1265926117295628,32.1621593584453,33.21246475169254,0,-2
2023-06-06 08:01:00,2023-06-06 08:01:59,1.126,1.127,1.126,1.128,1.1280302147926045,1.12675,1.126,1.1280302147926045,True,0.001497392432697553,-0.000366916715549746,0,1.126326562429569,1.1264713265243074,-8.251765382056703,-8.251765382056703,1.126530119362192,1.1265966653441941,18.461580476449367,30.14426409740112,0,-2
2023-06-06 08:02:00,2023-06-06 08:02:59,1.128,1.127,1.127,1.128,1.1273901073963022,1.1275,1.127,1.128,True,0.0014618644017905772,-0.0003954210394690069,0,1.1263989444769382,1.126527273110308,-9.954012967384863,-9.954012967384863,1.126539769915802,1.1266006786243514,8.203503012836668,19.609080949243783,0,-2
2023-06-06 08:03:00,2023-06-06 08:03:59,1.127,1.127,1.126,1.128,1.127445053698151,1.127,1.126,1.128,True,0.0015003026588055362,-0.00040134698543817997,0,1.1264631087936232,1.1265745636601074,-11.088844690936966,-11.088844690936966,1.1265443493196248,1.1266046519713728,11.88035497698133,12.848479488755792,0,-2
2023-06-06 08:04:00,2023-06-06 08:04:59,1.127,1.127,1.127,1.128,1.1272225268490756,1.12725,1.127,1.128,True,0.0014645667546051328,-0.0003917539956231513,0,1.1265188362268654,1.1266164300541341,-11.84539917330504,-11.84539917330504,1.1265513707194295,1.126608585782603,19.28054193068166,13.121466640166558,-1,-2
2023-06-06 08:05:00,2023-06-06 08:05:59,1.128,1.128,1.127,1.128,1.1272362634245379,1.12775,1.127,1.128,True,0.0014313834149904726,-0.0003033472174877842,0,1.1265676331405,1.1266571692559209,-6.070248490833443,-6.070248490833443,1.1265632973789377,1.1266224307001889,24.491988367946124,18.550961758536374,0,-1
2023-06-06 08:06:00,2023-06-06 08:06:59,1.128,1.127,1.125,1.128,1.127493131712269,1.127,1.125,1.128,True,0.0015434274567768596,-0.00030460179283211305,0,1.1266124011982104,1.1266915956994825,-7.083369204247262,-7.083369204247262,1.1265676426786497,1.1266261876086447,25.975410372686657,23.249313557104816,0,-2
2023-06-06 08:07:00,2023-06-06 08:07:59,1.126,1.124,1.124,1.126,1.1272465658561344,1.125,1.124,1.1272465658561344,True,0.001647468352721362,-0.0005004143981573053,-1,1.1266519984488463,1.1267070937351547,-14.387242189740618,-14.387242189740618,1.1265520442440362,1.1266000563886582,18.575223418986326,23.014207386539706,0,-2
2023-06-06 08:08:00,2023-06-06 08:08:59,1.124,1.124,1.124,1.124,1.1261232829280672,1.124,1.124,1.1261232829280672,True,0.0015297920418126932,-0.0006066918505482149,0,1.1266795460920005,1.1267007219057086,-19.256490846736188,-19.256490846736188,1.126526650768971,1.1265741851808109,5.160273968885302,16.570302586852765,0,-2
2023-06-06 08:09:00,2023-06-06 08:09:59,1.123,1.125,1.123,1.125,1.1250616414640335,1.124,1.123,1.1250616414640335,True,0.0015633783245403582,-0.0005807484990970226,0,1.1266901339988544,1.1266771754951792,-17.519343853668033,-17.519343853668033,1.1265015099652997,1.1265585216466734,1.0776564825694852e-13,7.911832462623914,0,-2
2023-06-06 08:10:00,2023-06-06 08:10:59,1.124,1.125,1.124,1.125,1.1245308207320168,1.1245,1.124,1.125,True,0.0015231370156446103,-0.0005381084216774435,0,1.1266836547470167,1.1266436995013307,-16.361245858289266,-16.361245858289266,1.126481594443257,1.126543013968597,4.619083199412802,3.259785722766073,0,-2
2023-06-06 08:11:00,2023-06-06 08:11:59,1.124,1.125,1.124,1.125,1.1245154103660084,1.1245,1.124,1.125,True,0.0014857700859557017,-0.0004857093078887083,0,1.1266636771241736,1.1266026355576226,-15.589180528036756,-15.589180528036756,1.1264618770856125,1.1265276605957752,9.238166398825495,4.619083199412803,0,-1
2023-06-06 08:12:00,2023-06-06 08:12:59,1.125,1.125,1.125,1.125,1.1245077051830044,1.125,1.125,1.125,True,0.0013796436512445802,-0.0004285602968248924,0,1.126633156340898,1.1265593098416835,-15.074470307868417,-15.074470307868417,1.1264473310449596,1.1265124599928322,18.55407914991201,10.803776249383438,0,-1
2023-06-06 08:13:00,2023-06-06 08:13:59,1.125,1.127,1.125,1.127,1.1247538525915022,1.126,1.125,1.127,True,0.0014239548190128246,-0.00023306365831057265,0,1.1265962330912906,1.1265213617405123,-5.343746187121056,-5.343746187121056,1.1264428799897859,1.1265173111371822,40.883082720505406,22.891776089747637,0,-1
2023-06-06 08:14:00,2023-06-06 08:14:59,1.127,1.127,1.127,1.128,1.125376926295751,1.12725,1.127,1.128,True,0.0013936723319404722,-9.366078866241518e-05,0,1.1265587974159015,1.126496484166928,1.1434032267105252,0.0,1.1264509110346637,1.1265221140114392,69.59733285442604,43.01149824161448,0,-1
2023-06-06 08:15:00,2023-06-06 08:15:59,1.126,1.126,1.126,1.127,1.1263134631478755,1.12625,1.126,1.127,True,0.0013655528796590178,-6.520167509199124e-05,0,1.1265276407914147,1.126475206734779,0.3286538803081882,0.0,1.1264489119198908,1.1265169188471462,85.18438091078023,65.22159882857056,0,-1
2023-06-06 08:16:00,2023-06-06 08:16:59,1.127,1.128,1.127,1.128,1.1262817315739377,1.1275,1.127,1.128,True,0.0014108705311119453,9.607188524607868e-05,0,1.1265014237630968,1.1264654860344436,6.043139214381391,0.0,1.1264593705077526,1.1265316758735429,91.56962747410746,82.11711374643791,0,-1
2023-06-06 08:17:00,2023-06-06 08:17:59,1.127,1.129,1.127,1.129,1.1268908657869687,1.1280000000000001,1.127,1.129,True,0.0014529512074610922,0.0002672449168093431,0,1.1264834548987703,1.1264683612564133,11.804840663889003,11.804840663889003,1.1264747001544415,1.126556236312612,91.56962747410746,89.44121195299839,0,-1
2023-06-06 08:18:00,2023-06-06 08:18:59,1.128,1.129,1.128,1.13,1.1274454328934844,1.12875,1.128,1.13,True,0.0014920261212138714,0.0003681251929771919,0,1.126475908077592,1.1264862794071138,15.645974963560747,15.645974963560747,1.1264973399538998,1.126580552369203,100.00000000000011,94.37975164940501,1,2
2023-06-06 08:19:00,2023-06-06 08:19:59,1.13,1.13,1.13,1.131,1.1280977164467423,1.13025,1.13,1.131,True,0.001528309969698595,0.00048700014028937725,0,1.1264810937423528,1.126526209619023,20.037089940698877,20.037089940698877,1.126534679854856,1.1266145767237383,100.00000000000011,97.18987582470255,0,2
2023-06-06 08:20:00,2023-06-06 08:20:59,1.13,1.13,1.13,1.131,1.1291738582233712,1.13025,1.13,1.131,True,0.0014905735432915602,0.0005428054199799737,0,1.126503651680688,1.1265831961178057,22.96449992545763,22.96449992545763,1.1265716482145092,1.1266482625274823,100.00000000000011,100.00000000000011,0,2
2023-06-06 08:21:00,2023-06-06 08:21:59,1.13,1.13,1.13,1.131,1.1297119291116857,1.13025,1.13,1.131,True,0.0014555325759135994,0.0005544424727488275,0,1.1265434238992469,1.1266532201632087,24.91610658196346,24.91610658196346,1.1266082487297877,1.1266816131490993,100.00000000000011,100.00000000000011,0,2
2023-06-06 08:22:00,2023-06-06 08:22:59,1.13,1.13,1.13,1.131,1.129980964555843,1.13025,1.13,1.131,True,0.0014229945347769217,0.0005360957226033129,0,1.126598322031228,1.1267330283213342,26.217177686300687,26.217177686300687,1.1266444850608346,1.126714631923735,100.00000000000011,100.00000000000011,0,2
2023-06-06 08:23:00,2023-06-06 08:23:59,1.131,1.132,1.13,1.132,1.1301154822779216,1.1312499999999999,1.13,1.132,True,0.0014642092108642843,0.0006354548564616275,1,1.1266656751762811,1.1268268530748407,30.33628822157199,30.33628822157199,1.1266903110801298,1.126767222650862,100.00000000000011,100.00000000000011,0,2
2023-06-06 08:24:00,2023-06-06 08:24:59,1.132,1.133,1.132,1.134,1.1306827411389606,1.1327499999999997,1.132,1.134,True,0.0015024799815168356,0.0007368445193452113,0,1.126746264125561,1.1269413610500725,33.906943373526246,33.906943373526246,1.1267506064922679,1.1268292403359281,100.00000000000011,100.00000000000011,0,2
2023-06-06 08:25:00,2023-06-06 08:25:59,1.133,1.133,1.132,1.133,1.1317163705694802,1.13275,1.132,1.133,True,0.0014665885542656412,0.0007652203524253817,0,1.1268438125878169,1.12707136742474,36.287380141495746,36.287380141495746,1.1268103019500562,1.1268906409296005,100.00000000000011,100.00000000000011,0,2
2023-06-06 08:26:00,2023-06-06 08:26:59,1.133,1.133,1.132,1.133,1.13223318528474,1.13275,1.132,1.133,True,0.0014332608003895318,0.0007438671530739548,0,1.1269575900062785,1.1272126838162895,37.874337986808754,37.874337986808754,1.1268694034231899,1.126951430572092,100.00000000000011,100.00000000000011,0,2
2023-06-06 08:27:00,2023-06-06 08:27:59,1.133,1.132,1.131,1.133,1.13249159264237,1.13225,1.131,1.133,True,0.0014737421717902796,0.000621535421455202,0,1.127085136911284,1.1273585045512056,30.669154383319707,30.669154383319707,1.126922941697586,1.1270016650937627,94.23280854563633,98.07760284854551,0,1
2023-06-06 08:28:00,2023-06-06 08:28:59,1.132,1.13,1.13,1.132,1.1323707963211849,1.1309999999999998,1.13,1.1323707963211849,True,0.0015113320166624026,0.0003698242423590891,0,1.1272218207312448,1.1274982947726835,17.13718771514273,17.13718771514273,1.1269635094418886,1.1270314992719341,75.94827083243295,90.0603597926898,0,1
2023-06-06 08:29:00,2023-06-06 08:29:59,1.13,1.131,1.13,1.131,1.1316853981605923,1.1305,1.13,1.1316853981605923,True,0.0014748083011865247,0.0002508770991514755,0,1.127360057751964,1.1276289474872077,11.944623015892645,0.0,1.1269986984026659,1.1270709868413675,45.70291254861184,71.96133064222704,0,1
2023-06-06 08:30:00,2023-06-06 08:30:59,1.13,1.131,1.129,1.131,1.131092699080296,1.13025,1.129,1.131092699080296,True,0.0015123219939589159,0.00015412542949657672,0,1.1274945026195857,1.1277497944958146,8.482913216392589,0.0,1.1270310496623408,1.1271100814996624,18.136770669642285,46.59598468356236,0,1
2023-06-06 08:31:00,2023-06-06 08:31:59,1.13,1.131,1.129,1.131,1.130671349540148,1.13025,1.129,1.131,True,0.001547156137247565,7.581613210751572e-05,0,1.1276221485577,1.1278620922641975,6.175106683392549,0.0,1.1270630790189344,1.1271487871563821,3.0879750495123424,22.309219422588814,0,1
2023-06-06 08:32:00,2023-06-06 08:32:59,1.13,1.13,1.13,1.13,1.1304606747700738,1.13,1.13,1.1304606747700738,True,0.001508073556015604,-5.574888942286543e-05,0,1.1277421204109488,1.127965173407647,0.3605231666128219,0.0,1.1270923021132735,1.127177157433433,1.1546319456101628e-13,7.07491523971824,0,1
2023-06-06 08:33:00,2023-06-06 08:33:59,1.131,1.13,1.13,1.131,1.1302303373850369,1.1305,1.13,1.131,True,0.0014717825877287832,-0.00014717591875490683,0,1.127853646909298,1.1280637215229345,-3.5158658445736677,-3.5158658445736677,1.1271262095549324,1.12720524541917,4.8574125445719245,2.6484625313614525,0,1
2023-06-06 08:34:00,2023-06-06 08:34:59,1.13,1.13,1.13,1.13,1.1303651686925185,1.13,1.13,1.1303651686925185,True,0.0013666552600338701,-0.0002083073331712109,0,1.1279586842161162,1.1281545940766657,-6.100125185364661,-6.100125185364661,1.127154804484734,1.127233053922462,4.8574125445719245,3.2382750297146465,0,1
2023-06-06 08:35:00,2023-06-06 08:35:59,1.13,1.13,1.13,1.131,1.1301825843462592,1.13025,1.13,1.131,True,0.0013404655986028874,-0.00024676693577319617,0,1.128056639146391,1.1282405153903123,-7.822964745891987,-7.822964745891987,1.12718560245006,1.1272605857242286,7.348804846793258,5.687876645312361,0,1
2023-06-06 08:36:00,2023-06-06 08:36:59,1.131,1.131,1.13,1.131,1.1302162921731296,1.13075,1.13,1.131,True,0.0013161466272741177,-0.00019986744696991925,0,1.1281485772683517,1.1283253795779669,-2.0209372007941013,-0.0,1.1272210690923479,1.127297793826475,9.795189595159647,7.333802328841602,0,2
2023-06-06 08:37:00,2023-06-06 08:37:59,1.13,1.129,1.129,1.131,1.1304831460865647,1.12975,1.129,1.131,True,0.001364993296754538,-0.0003052743553887574,0,1.1282369784231592,1.128401968160851,-7.082078282767583,-7.082078282767583,1.1272462325839663,1.1273147312013359,9.795189595159647,8.979728012370842,0,-2
2023-06-06 08:38:00,2023-06-06 08:38:59,1.129,1.128,1.128,1.129,1.1301165730432823,1.1284999999999998,1.128,1.1301165730432823,True,0.0013389223469863645,-0.000435349621298289,0,1.128319473292005,1.1284629394934418,-12.778571280145712,-12.778571280145712,1.1272587078816383,1.1273215497963474,7.303797292938312,8.964725494419193,0,-2
2023-06-06 08:39:00,2023-06-06 08:39:59,1.128,1.129,1.128,1.129,1.129308286521641,1.1284999999999998,1.128,1.129308286521641,True,0.0013147136079159178,-0.00043767998946486503,0,1.1283912063927233,1.1285111969268644,-11.553739583751963,-11.553739583751963,1.1272710590469952,1.1273382507933987,1.1605531350748302e-13,5.699662296032684,0,-2
2023-06-06 08:40:00,2023-06-06 08:40:59,1.128,1.127,1.127,1.128,1.1289041432608204,1.1275,1.127,1.1289041432608204,True,0.001363662635921924,-0.0005623144480474609,-1,1.1284512016597938,1.1285422524572821,-15.205082844657895,-15.205082844657895,1.127273337066428,1.1273348851138623,1.1605531350748302e-13,2.4345990976461733,-1,-2
2023-06-06 08:41:00,2023-06-06 08:41:59,1.127,1.127,1.127,1.127,1.1282020716304102,1.127,1.127,1.1282020716304102,True,0.0012662581619275006,-0.0006223654907047289,0,1.128496727058538,1.1285561212027926,-17.639311685261845,-17.639311685261845,1.1272706172946227,1.1273315529236745,1.1605531350748302e-13,1.079630212391041e-13,0,-2
2023-06-06 08:42:00,2023-06-06 08:42:59,1.127,1.128,1.127,1.128,1.127601035815205,1.1275,1.127,1.128,True,0.0012472397217898141,-0.0005683776731656338,0,1.1285264241306654,1.1285597940490673,-14.64759040213496,-14.64759040213496,1.1272728997096015,1.1273382041383644,5.987152341601309,1.9957174472005057,0,-2
2023-06-06 08:43:00,2023-06-06 08:43:59,1.128,1.128,1.128,1.129,1.1275505179076024,1.12825,1.128,1.129,True,0.0012295797416619783,-0.0005107276493757343,0,1.1285431090898665,1.1285605601901374,-12.65310954671704,-12.65310954671704,1.1272826221005507,1.1273447891718136,20.209089049846458,8.732080463815953,0,-2
2023-06-06 08:44:00,2023-06-06 08:44:59,1.128,1.129,1.128,1.129,1.1279002589538012,1.1284999999999998,1.128,1.129,True,0.0012131811886861305,-0.0003838929959198307,0,1.128551834640002,1.1285607478710817,-7.106571752626991,-7.106571752626991,1.1272947353134806,1.127361258931298,37.030253634681145,21.075498342042962,0,-1
2023-06-06 08:45:00,2023-06-06 08:45:59,1.128,1.127,1.127,1.128,1.1282001294769004,1.1275,1.127,1.1282001294769004,True,0.001269382532351407,-0.00042311050022115864,0,1.128556291255542,1.1285536177751456,-9.546113197539306,-9.546113197539306,1.1272967777481724,1.1273576643150662,39.617291264211254,32.28554464957961,0,-2
2023-06-06 08:46:00,2023-06-06 08:46:59,1.127,1.127,1.127,1.128,1.1278500647384502,1.12725,1.127,1.128,True,0.0012501409228977273,-0.0004300913720382756,0,1.128554954515344,1.1285390599961829,-11.172474160814183,-11.172474160814183,1.1272963122979418,1.12735410546616,32.078837637477356,36.24212751212324,0,-2
2023-06-06 08:47:00,2023-06-06 08:47:59,1.127,1.126,1.126,1.127,1.1275500323692251,1.1265,1.126,1.1275500323692251,True,0.0012322737141193263,-0.0004837860857971498,0,1.1285470072557635,1.128513608434384,-14.594480760833989,-14.594480760833989,1.1272883887924896,1.1273406317799295,16.57141190273887,29.422513601475817,0,-2
2023-06-06 08:48:00,2023-06-06 08:48:59,1.126,1.126,1.125,1.127,1.1270250161846125,1.126,1.125,1.1270250161846125,True,0.001287111305967946,-0.0004959106619146913,0,1.128530307845074,1.1284763242137956,-16.87581849418053,-16.87581849418053,1.1272755690035097,1.1273272921602286,7.997221931607567,18.882490490607925,0,-2
2023-06-06 08:49:00,2023-06-06 08:49:59,1.126,1.126,1.126,1.126,1.1265125080923062,1.126,1.126,1.1265125080923062,True,0.0011951747841130926,-0.00047980485270785416,0,1.1285033160294349,1.1284299798671311,-18.396710316411557,-18.396710316411557,1.1272628767746191,1.127314085273062,1.31373885009632,8.627457561480911,0,-2
2023-06-06 08:50:00,2023-06-06 08:50:59,1.126,1.125,1.124,1.126,1.1262562540461531,1.1252499999999999,1.124,1.1262562540461531,True,0.0012526622995335701,-0.0005139584268677041,0,1.128466647948283,1.128371674593396,-21.82979547521091,-21.82979547521091,1.127242848149996,1.127291059548952,1.153151648243996e-13,3.1036535939013272,0,-2
2023-06-06 08:51:00,2023-06-06 08:51:59,1.124,1.124,1.124,1.124,1.1257531270230765,1.124,1.124,1.1257531270230765,True,0.0012346149924240216,-0.0005782336893491401,0,1.1284191612708396,1.1282957761045145,-25.777885366010512,-25.777885366010512,1.127210581004225,1.1272583126877684,1.153151648243996e-13,0.43791295003217656,0,-2
2023-06-06 08:52:00,2023-06-06 08:52:59,1.124,1.125,1.124,1.125,1.1248765635115383,1.1245,1.124,1.125,True,0.0012178567786794406,-0.000521010805165619,0,1.1283574686876772,1.1282099776297037,-22.30184976036252,-22.30184976036252,1.1271836100489592,1.127235841914756,7.253657363963978,2.4178857879880624,0,-1
2023-06-06 08:53:00,2023-06-06 08:53:59,1.124,1.124,1.124,1.124,1.1246882817557693,1.124,1.124,1.1246882817557693,True,0.00120229558020233,-0.0005240970678075179,0,1.1282837231586906,1.1281135429633968,-22.3881319289172,-22.3881319289172,1.1271519323370291,1.1272036444827682,11.511616613788322,6.255091325917465,0,-2
2023-06-06 08:54:00,2023-06-06 08:54:59,1.125,1.124,1.124,1.125,1.1243441408778847,1.1245,1.124,1.125,True,0.0011878458959021557,-0.0004966093759225577,0,1.1281986330610438,1.128012826524823,-22.44565337462032,-22.44565337462032,1.127125544950591,1.1271717674232382,22.91914721627823,13.894807064676835,0,-2
2023-06-06 08:55:00,2023-06-06 08:55:59,1.125,1.124,1.124,1.125,1.1244220704389423,1.1245,1.124,1.125,True,0.0011744283319091368,-0.0004497780369493265,0,1.1281057297929336,1.1279094300387087,-22.48400100508907,-22.48400100508907,1.127099420125212,1.12714020754838,27.07302045480427,20.501261428290263,0,-1
2023-06-06 08:56:00,2023-06-06 08:56:59,1.125,1.126,1.125,1.126,1.124461035219471,1.1255,1.125,1.126,True,0.0012333977367727541,-0.0002546658808950078,0,1.1280075799158213,1.127811494005636,-12.391245075147765,-12.391245075147765,1.1270835054971005,1.12712886219964,47.83651281327767,32.60956016145338,0,-1
2023-06-06 08:57:00,2023-06-06 08:57:59,1.125,1.125,1.125,1.126,1.1249805176097354,1.1252499999999999,1.125,1.126,True,0.0012167264698604067,-0.00017774427969210224,0,1.1279095369607288,1.1277168137051166,-9.528053064458817,-9.528053064458817,1.1270652616613084,1.1271076794911858,59.271368278258244,44.726967182113384,0,-1
2023-06-06 08:58:00,2023-06-06 08:58:59,1.125,1.127,1.125,1.128,1.1251152588048676,1.12625,1.125,1.128,True,0.0013441031505846556,2.5314367266810736e-05,0,1.1278131753329228,1.127632207336748,-1.7902668417815377,-0.0,1.127057149604977,1.1271066080534626,81.19717100910167,62.76835070021252,0,-1
2023-06-06 08:59:00,2023-06-06 08:59:59,1.127,1.127,1.127,1.127,1.1256826294024338,1.127,1.127,1.127,True,0.0012480957826857518,0.00016362337007967817,0,1.1277226913348355,1.127561258533269,3.3682573066699817,0.0,1.1270565809521913,1.1271055472768112,89.50905273413726,76.65919734049906,0,-1
2023-06-06 09:00:00,2023-06-06 09:00:59,1.127,1.126,1.126,1.127,1.126341314701217,1.1265,1.126,1.127,True,0.0012303746553510631,0.00018502138508987953,0,1.1276419749340525,1.127498118679187,2.78151688038443,0.0,1.127051042833264,1.127094546806395,95.96908908762988,88.89177094362293,0,-1
2023-06-06 09:01:00,2023-06-06 09:01:59,1.126,1.127,1.126,1.127,1.1264206573506086,1.1265,1.126,1.127,True,0.0012139193228259953,0.00026671292178536885,0,1.1275700468066199,1.1274415600724281,5.380673957539678,0.0,1.1270455598199978,1.1270936060421524,91.93817817525967,92.4721066656756,0,-1
2023-06-06 09:02:00,2023-06-06 09:02:59,1.126,1.126,1.126,1.127,1.1264603286753043,1.12625,1.126,1.127,True,0.0011986393711955752,0.0002461399758794307,0,1.127505803439524,1.1273888557142941,3.438815313550073,0.0,1.1270376438018883,1.1270827243899917,85.78729084321145,91.23151936870033,0,-1
2023-06-06 09:03:00,2023-06-06 09:03:59,1.126,1.126,1.126,1.127,1.1263551643376521,1.12625,1.126,1.127,True,0.0011844508446816134,0.00022854316209787603,0,1.1274473295769092,1.1273395474411543,2.1442428842236723,0.0,1.1270298065501283,1.1270719510129767,83.66731442353347,87.13092781400154,0,-1
2023-06-06 09:04:00,2023-06-06 09:04:59,1.126,1.126,1.125,1.126,1.126302582168826,1.12575,1.125,1.126302582168826,True,0.0011712757843472046,0.0002132874381745376,0,1.1273934385090318,1.127289820705072,1.2811945980060742,0.0,1.1270170721565946,1.1270612848337431,77.14650998879254,82.20037175184582,0,-1
2023-06-06 09:05:00,2023-06-06 09:05:59,1.125,1.126,1.125,1.126,1.126026291084413,1.1255,1.125,1.126026291084413,True,0.001159041799750968,0.00019988202699175429,0,1.127341629607052,1.1272383904225987,0.705829073861004,0.0,1.1270019769112554,1.1270507247856463,69.2252229550547,76.67968245579358,0,-1
2023-06-06 09:06:00,2023-06-06 09:06:59,1.125,1.123,1.123,1.125,1.1257631455422064,1.124,1.123,1.1257631455422064,True,0.0012905388140544624,-1.7765848475526265e-05,0,1.1272900100148253,1.1271756801973059,-8.448407522960778,-8.448407522960778,1.126972106494228,1.127010419066386,49.59158482791807,65.32110592392178,0,-2
2023-06-06 09:07:00,2023-06-06 09:07:59,1.123,1.124,1.123,1.124,1.1248815727711032,1.1235,1.123,1.1248815727711032,True,0.0012697860416220088,-8.337606424118976e-05,0,1.1272328451060656,1.1271010889208075,-10.069143311193088,-10.069143311193088,1.1269375581709022,1.1269804646478152,26.809966841695886,48.5422582082229,0,-2
2023-06-06 09:08:00,2023-06-06 09:08:59,1.123,1.122,1.122,1.124,1.1241907863855516,1.12275,1.122,1.1241907863855516,True,0.001321944181506151,-0.0002533216755339113,0,1.1271669670134365,1.1270125095870236,-14.769515651731439,-14.769515651731439,1.1268958909254205,1.126930907785648,7.548807874148601,27.98345318125419,0,-2
2023-06-06 09:09:00,2023-06-06 09:09:59,1.122,1.121,1.121,1.122,1.1234703931927759,1.1215000000000002,1.121,1.1234703931927759,True,0.001298948168541434,-0.00041410808787592274,0,1.12708973830023,1.1269049487764664,-19.20156125830624,-19.20156125830624,1.126842200468451,1.1268718937778306,1.0894988614988203e-13,11.452924905281536,0,-2
2023-06-06 09:10:00,2023-06-06 09:10:59,1.121,1.121,1.12,1.121,1.122485196596388,1.1207500000000001,1.12,1.122485196596388,True,0.0012775947279313235,-0.0004925062925251059,0,1.1269973435383482,1.1267780358997053,-22.156258329356106,-22.156258329356106,1.1267815815583173,1.126813466974071,1.0894988614988203e-13,2.5162692913829448,0,-2
2023-06-06 09:11:00,2023-06-06 09:11:59,1.122,1.12,1.12,1.122,1.1216175982981942,1.121,1.12,1.122,True,0.0013291951045076575,-0.0005818854160860262,0,1.1268876897190268,1.126638473028295,-25.43056506480357,-25.43056506480357,1.1267240533836076,1.1267456712827868,2.630630198640124,0.8768767328801191,0,-2
2023-06-06 09:12:00,2023-06-06 09:12:59,1.12,1.119,1.118,1.121,1.121308799149097,1.1195,1.118,1.121308799149097,True,0.0014485383113285314,-0.0006734010826264752,0,1.1267630813736609,1.1264796166816562,-28.672744095087413,-28.672744095087413,1.1266521722554126,1.1266685999267392,2.630630198640124,1.7537534657601241,0,-2
2023-06-06 09:13:00,2023-06-06 09:13:59,1.12,1.119,1.119,1.12,1.1204043995745485,1.1195,1.119,1.1204043995745485,True,0.0014164998605193586,-0.0006925183640359624,0,1.1266213490276586,1.126306660369763,-30.83419678194331,-30.83419678194331,1.1265810063623238,1.1265922954498562,2.630630198640124,2.630630198640129,0,-2
2023-06-06 09:14:00,2023-06-06 09:14:59,1.119,1.119,1.119,1.12,1.1199521997872743,1.11925,1.119,1.12,True,0.0013867498704822694,-0.0006628389040341507,0,1.1264640046987109,1.1261220744544316,-32.27516523984724,-32.27516523984724,1.1265080610253853,1.1265167502214994,1.0894988614988203e-13,1.7537534657601241,0,-2
2023-06-06 09:15:00,2023-06-06 09:15:59,1.118,1.12,1.118,1.12,1.1196010998936372,1.1190000000000002,1.118,1.12,True,0.0014305534511621074,-0.0005332897895783386,0,1.1262930395765713,1.125927883660341,-26.606136655261587,-26.606136655261587,1.1264333539505058,1.1264519069357133,1.0894988614988203e-13,0.876876732880119,0,-1
2023-06-06 09:16:00,2023-06-06 09:16:59,1.12,1.119,1.119,1.121,1.1193005499468187,1.1197499999999998,1.119,1.121,True,0.0014712282046505285,-0.0004812605570724488,0,1.1261104616184563,1.1257326090306172,-25.3612148571309,-25.3612148571309,1.1263668529161723,1.1263777586079948,9.013178522446722,3.0043928408156515,0,-1
2023-06-06 09:17:00,2023-06-06 09:17:59,1.12,1.119,1.119,1.12,1.1195252749734093,1.1195,1.119,1.12,True,0.0014375690471754988,-0.0004123291475687193,0,1.1259215353245369,1.1255361056152389,-24.531266991710442,-24.531266991710442,1.126298526021484,1.126304348074582,18.114346702962052,9.042508408469633,0,-1
2023-06-06 09:18:00,2023-06-06 09:18:59,1.12,1.119,1.118,1.12,1.1195126374867046,1.11925,1.118,1.12,True,0.0014777426866629632,-0.000334891652387888,0,1.1257288204698879,1.1253382677248107,-23.97796841476347,-23.97796841476347,1.1262283914342055,1.126231667994238,26.596449133421135,17.907991452943307,0,-1
2023-06-06 09:19:00,2023-06-06 09:19:59,1.118,1.119,1.118,1.119,1.1193813187433523,1.1185,1.118,1.1193813187433523,True,0.0014436182090441722,-0.00025488473604290754,0,1.1255335440973493,1.1251355907735143,-23.60910269679882,-23.60910269679882,1.1261514920169498,1.1261597110987729,25.242205103206416,23.317666979863205,0,-1
2023-06-06 09:20:00,2023-06-06 09:20:59,1.118,1.117,1.116,1.119,1.1189406593716762,1.1175000000000002,1.116,1.119,True,0.0015547883369695806,-0.00031353547632240446,0,1.1253345674354318,1.1249236335115262,-27.666314235555667,-27.666314235555667,1.1260654075192686,1.126068569694805,17.596994355755175,23.14521619746091,0,-2
2023-06-06 09:21:00,2023-06-06 09:21:59,1.118,1.117,1.117,1.119,1.1182203296858382,1.11775,1.117,1.119,True,0.001586589170043182,-0.0003215445858904451,0,1.125129100473479,1.1247075393137582,-30.37112192806023,-30.37112192806023,1.1259826671459425,1.1259783351704786,20.380455095423233,21.073218184794943,0,-2
2023-06-06 09:22:00,2023-06-06 09:22:59,1.117,1.118,1.117,1.119,1.117985164842919,1.11775,1.117,1.119,True,0.0016161185150400975,-0.00022735633895102757,0,1.1249183198936186,1.124489670713363,-24.877639012152045,-24.877639012152045,1.1259007500599132,1.125898948750872,26.508937857371375,21.495462436183264,0,-1
2023-06-06 09:23:00,2023-06-06 09:23:59,1.118,1.118,1.118,1.118,1.1178675824214594,1.118,1.118,1.118,True,0.0015006814782515191,-0.00013952346715434202,0,1.1247039953034907,1.1242736151894608,-21.215317068213256,-21.215317068213256,1.1258221356314564,1.125820352245888,51.19330359574521,32.69423218284661,0,-1
2023-06-06 09:24:00,2023-06-06 09:24:59,1.119,1.118,1.118,1.119,1.1179337912107297,1.1185,1.118,1.119,True,0.0014649185155192598,-5.951526321701112e-05,0,1.1244888052464757,1.1240639000158263,-18.773769105587395,-0.0,1.1257492785604966,1.1257425377956802,73.26107375895141,50.32110507068935,0,-1
2023-06-06 09:25:00,2023-06-06 09:25:59,1.119,1.118,1.117,1.119,1.1182168956053649,1.11825,1.117,1.119,True,0.0015031386215535985,1.1939016120623373e-05,0,1.124276352631151,1.1238589002477963,-17.14607046383682,-0.0,1.1256746588733275,1.1256654976186087,89.44014134240678,71.29817289903447,0,-1
2023-06-06 09:26:00,2023-06-06 09:26:59,1.117,1.118,1.117,1.118,1.1182334478026825,1.1175000000000002,1.117,1.1182334478026825,True,0.0014672001485854923,7.463527776128314e-05,0,1.1240676264394736,1.1236538736705803,-16.060938036003108,-0.0,1.1255933189840406,1.1255892240104632,83.92464068818798,82.2086185965154,0,-1
2023-06-06 09:27:00,2023-06-06 09:27:59,1.118,1.117,1.117,1.119,1.1178667239013413,1.11775,1.117,1.119,True,0.0015052572808293859,6.016099657600322e-05,0,1.1238607500550268,1.123451947952528,-20.01215290998093,-20.01215290998093,1.125515276009075,1.1255037590949362,79.2990484907856,84.22127684046012,0,-1
2023-06-06 09:28:00,2023-06-06 09:28:59,1.117,1.117,1.117,1.117,1.1178083619506707,1.117,1.117,1.1178083619506707,True,0.0013977389036272869,6.491666931224055e-05,0,1.1236563490037774,1.1232487031902705,-22.646296159299478,-22.646296159299478,1.125430546894557,1.1254191445765787,68.86591945854887,77.36320287917415,0,-1
2023-06-06 09:29:00,2023-06-06 09:29:59,1.116,1.117,1.116,1.117,1.1174041809753352,1.1165,1.116,1.1174041809753352,True,0.0013693289819396157,8.178558953146706e-05,0,1.1234525260970238,1.1230423838787142,-24.40239165884518,-24.40239165884518,1.125341685731427,1.1253353719937271,61.35772100168628,69.84089631700692,0,-1
2023-06-06 09:30:00,2023-06-06 09:30:59,1.117,1.117,1.116,1.117,1.1169520904876675,1.1167500000000001,1.116,1.117,True,0.0013429483403724924,0.0001055951874775812,0,1.123247454987869,1.1228367747886299,-25.573121991875645,-25.573121991875645,1.125256196321164,1.125252432968914,54.47757019193781,61.567070217391,0,-1
2023-06-06 09:31:00,2023-06-06 09:31:59,1.117,1.116,1.116,1.117,1.1168510452438338,1.1165,1.116,1.117,True,0.0013184520303458778,6.407931480974455e-05,0,1.1230421148882495,1.1226314202920549,-29.637600841510626,-29.637600841510626,1.1251690699896102,1.125160368959273,53.58102737138762,56.47210618833725,0,-2
2023-06-06 09:32:00,2023-06-06 09:32:59,1.117,1.117,1.116,1.118,1.116675522621917,1.117,1.116,1.118,True,0.0013671340281783153,0.0001192307414403476,0,1.122836767590152,1.1224311057207064,-22.146953608654297,-22.146953608654297,1.1250877857111066,1.1250791712581858,73.79773664436443,60.61877806922996,0,-1
2023-06-06 09:33:00,2023-06-06 09:33:59,1.117,1.117,1.117,1.118,1.1168377613109586,1.11725,1.117,1.118,True,0.0013409101690227293,0.00016563825876240957,0,1.1226339366554292,1.1222378487547857,-17.15318878675008,-0.0,1.1250097977935831,1.1249987814944227,85.30347965151529,70.89408122242246,0,-1
2023-06-06 09:34:00,2023-06-06 09:34:59,1.118,1.117,1.117,1.118,1.1170438806554794,1.1175000000000002,1.117,1.118,True,0.001316559442663971,0.0002040385384169392,0,1.1224358927051075,1.122053189505426,-13.824012238813928,-0.0,1.1249350734374282,1.1249191916288066,100.00000000000013,86.36707209862662,0,-1
2023-06-06 09:35:00,2023-06-06 09:35:59,1.117,1.118,1.117,1.119,1.1172719403277398,1.11775,1.117,1.119,True,0.0013653766253308303,0.0003037761040384887,0,1.1222445411052666,1.1218782815234742,-4.440358554268862,-0.0,1.124863580169394,1.124850343950908,100.00000000000013,95.10115988383852,0,-1
2023-06-06 09:36:00,2023-06-06 09:36:59,1.119,1.118,1.118,1.119,1.11751097016387,1.1185,1.118,1.119,True,0.0013392782949500487,0.00036962470000162246,0,1.1220614113143703,1.121717396635293,1.8154105687611874,0.0,1.1248002609637284,1.124782181324531,100.00000000000013,100.00000000000013,0,-1
2023-06-06 09:37:00,2023-06-06 09:37:59,1.119,1.118,1.118,1.119,1.118005485081935,1.1185,1.118,1.119,True,0.0013150441310250374,0.0004100031031914566,0,1.1218894039748315,1.121568656068884,5.985923317447892,5.985923317447892,1.1247375717999102,1.124714696933242,100.00000000000011,100.00000000000013,0,-1
2023-06-06 09:38:00,2023-06-06 09:38:59,1.117,1.116,1.116,1.117,1.1182527425409674,1.1165,1.116,1.1182527425409674,True,0.001363969550237535,0.0002942890891908319,0,1.1217290300218576,1.1214167752039488,-3.3506874954213473,-0.0,1.124655605911354,1.1246279835309212,81.46235666803007,93.82078555601011,0,-2
2023-06-06 09:39:00,2023-06-06 09:39:59,1.116,1.116,1.116,1.116,1.1173763712704838,1.116,1.116,1.1173763712704838,True,0.001266543153791997,0.00021951425737541403,0,1.121572902612903,1.1212600334924203,-9.57509470400084,-0.0,1.1245694804794002,1.124542132948524,59.53053070612396,80.33096245805139,0,-2
2023-06-06 09:40:00,2023-06-06 09:40:59,1.116,1.116,1.116,1.117,1.116688185635242,1.11625,1.116,1.117,True,0.0012475043570925606,0.00017420670680533333,0,1.1214164680526617,1.1211022554828813,-13.724699509720502,-0.0,1.1244866995791076,1.1244571366007774,41.11845940551618,60.70378225989008,0,-2
2023-06-06 09:41:00,2023-06-06 09:41:59,1.116,1.115,1.115,1.116,1.116469092817621,1.1155,1.115,1.116469092817621,True,0.0012298254744431,8.112902449165576e-05,0,1.1212593617677715,1.120939598315969,-19.550441476369365,-0.0,1.1243972796827981,1.1243630357390781,36.11714754674453,45.5887125527949,0,-2
2023-06-06 09:42:00,2023-06-06 09:42:59,1.116,1.116,1.116,1.116,1.1159845464088105,1.116,1.116,1.116,True,0.0012134093691257438,9.835588922896092e-05,0,1.1210994800418703,1.120777646287021,-15.788430734704548,-0.0,1.1243137246610788,1.1242798214531171,41.44805402262315,39.561220324961305,0,-1
2023-06-06 09:43:00,2023-06-06 09:43:59,1.116,1.117,1.116,1.117,1.1159922732044052,1.1165,1.116,1.117,True,0.0011981658427596114,0.00018596398819110548,0,1.1209385631644457,1.1206207911130326,-8.363736799696696,-0.0,1.1242359761569884,1.1242073854187578,48.8801989468889,42.148466838752206,0,-1
2023-06-06 09:44:00,2023-06-06 09:44:59,1.116,1.116,1.116,1.117,1.1162461366022027,1.11625,1.116,1.117,True,0.0011840111397053456,0.00017769581293830224,0,1.1207796771387393,1.1204673096562354,-7.801079372182237,-0.0,1.1241565137076652,1.124125719892203,59.18027448716676,49.83617581889295,0,-1
2023-06-06 09:45:00,2023-06-06 09:45:59,1.115,1.115,1.114,1.116,1.1162480683011013,1.1150000000000002,1.114,1.1162480683011013,True,0.0012422960582978212,0.00010752179999955224,0,1.1206234933974875,1.1203089610673935,-10.581554928477395,-0.0,1.1240654041185343,1.124034916709196,45.66269462413596,51.24105601939721,0,-2
2023-06-06 09:46:00,2023-06-06 09:46:59,1.115,1.116,1.115,1.116,1.1156240341505508,1.1155,1.115,1.116,True,0.001224989196990842,0.00013744174923594485,0,1.1204662272324406,1.1201512975227141,-7.8550700970323035,-0.0,1.1239801762168573,1.1239549672892042,35.62964006754362,46.824203059615456,0,-1
2023-06-06 09:47:00,2023-06-06 09:47:59,1.116,1.115,1.115,1.116,1.1155620170752754,1.1155,1.115,1.116,True,0.0012089185400629328,9.33649126242653e-05,0,1.1203087623775774,1.119995255057708,-9.20336580424567,-0.0,1.123895796354003,1.1238658631370728,27.855538785073076,36.38262449225089,0,-2
2023-06-06 09:48:00,2023-06-06 09:48:59,1.115,1.115,1.114,1.115,1.1155310085376375,1.1147500000000001,1.114,1.1155310085376375,True,0.0011939957872012868,7.184484482609574e-05,0,1.1201520087176426,1.1198364136997856,-10.102229609054582,-0.0,1.123804793405207,1.1237776455934203,29.25158330160942,30.912254051408713,0,-2
2023-06-06 09:49:00,2023-06-06 09:49:59,1.114,1.115,1.114,1.115,1.115140504268819,1.1145,1.114,1.115140504268819,True,0.00118013894525833,6.575732799914678e-05,0,1.119994211208714,1.1196747433085583,-10.701472145593861,-0.0,1.1237122083962,1.123690305836272,19.142416473894325,25.416512853525617,0,-1
2023-06-06 09:50:00,2023-06-06 09:50:59,1.114,1.116,1.114,1.116,1.1148202521344095,1.1150000000000002,1.114,1.116,True,0.0012387004491684493,0.0001383848145507893,0,1.1198344772586362,1.1195153853620616,-5.810557648037296,-0.0,1.1236255197554417,1.1236137853801897,18.976924811702514,22.456974862402095,0,-1
2023-06-06 09:51:00,2023-06-06 09:51:59,1.115,1.115,1.115,1.116,1.1149101260672047,1.11525,1.115,1.116,True,0.0012216504170849967,0.00012127434296876601,0,1.119674931310349,1.1193606566504146,-6.782875611826533,-0.0,1.1235421812504125,1.1235280760729243,44.0959453589136,27.405095548170163,0,-2
2023-06-06 09:52:00,2023-06-06 09:52:59,1.116,1.115,1.115,1.116,1.1150800630336024,1.1155,1.115,1.116,True,0.0012058182444360764,0.00011528718927187069,0,1.1195177939803818,1.119212349437297,-7.431087587686022,-0.0,1.1234621595464283,1.1234432195945867,75.21809311956308,46.09698776339308,0,-1
2023-06-06 09:53:00,2023-06-06 09:53:59,1.116,1.116,1.115,1.116,1.115290031516801,1.1157500000000002,1.115,1.116,True,0.001191116941262079,0.0001851436166687727,0,1.1193650717088393,1.1190718307261989,-2.9091617392733227,-0.0,1.1233854216404937,1.1233691577080733,96.39656571468926,71.90353473105533,0,2
2023-06-06 09:54:00,2023-06-06 09:54:59,1.115,1.115,1.115,1.116,1.1155200157584007,1.11525,1.115,1.116,True,0.0011774657311719385,0.0001634536975235986,0,1.119218451217519,1.1189349775335764,-4.2532780941255055,-0.0,1.123304472171434,1.123285882506998,91.18295032516947,87.59920305314061,0,1
2023-06-06 09:55:00,2023-06-06 09:55:59,1.116,1.116,1.116,1.117,1.1153850078792003,1.11625,1.116,1.117,True,0.0012362181789453716,0.00022042608996752618,0,1.1190767143755476,1.118808810251333,-1.002794417327685,-0.0,1.1232342784184843,1.1232133861636449,91.18295032516947,92.92082212167607,0,2
2023-06-06 09:56:00,2023-06-06 09:56:59,1.117,1.117,1.117,1.117,1.1158175039396,1.117,1.117,1.117,True,0.0012193454518778372,0.0003253382514025714,0,1.1189427623134403,1.1186970675008097,4.245287484478183,4.245287484478183,1.123172245797405,1.1231515614256982,91.18295032516947,91.18295032516949,0,2
2023-06-06 09:57:00,2023-06-06 09:57:59,1.116,1.116,1.116,1.117,1.1164087519698,1.11625,1.116,1.117,True,0.0012036779196008408,0.00031886057745768954,0,1.118819914907125,1.1185923021620559,3.43832233381778,3.43832233381778,1.123103367729769,1.1230804016105171,91.85808993253404,91.40799686095767,0,2
2023-06-06 09:58:00,2023-06-06 09:58:59,1.117,1.117,1.116,1.117,1.1163293759849,1.1167500000000001,1.116,1.117,True,0.0011891294967722014,0.00037727906783182013,0,1.1187061085345904,1.118497179522028,6.00240077285963,6.00240077285963,1.1230401501404181,1.1230199001019547,88.90152725750409,90.6475225050692,0,2
2023-06-06 09:59:00,2023-06-06 09:59:59,1.116,1.117,1.116,1.117,1.11653968799245,1.1165,1.116,1.117,True,0.0011756202470027506,0.000405844649662703,0,1.1186016440283093,1.1184085860231243,7.711786398887533,7.711786398887533,1.122975074019618,1.1229600005984528,83.21533978583166,87.99165232528992,0,2
2023-06-06 10:00:00,2023-06-06 10:00:59,1.116,1.115,1.115,1.117,1.1165198439962252,1.11575,1.115,1.117,True,0.0012345045150739828,0.00027602141527620794,0,1.1185051150257168,1.1183205950109643,1.5673724974962795,0.0,1.1229031827358407,1.1228807966123986,78.02472115670402,83.38052940001324,0,1
2023-06-06 10:01:00,2023-06-06 10:01:59,1.115,1.116,1.115,1.117,1.1161349219981127,1.11575,1.115,1.117,True,0.0012891827639972698,0.00025488739935223615,0,1.1184128550183405,1.1182336820527734,1.0455967666242998,0.0,1.1228320067882203,1.1228123309744642,67.64875513514023,76.29627202589195,0,2
2023-06-06 10:02:00,2023-06-06 10:02:59,1.116,1.117,1.116,1.117,1.1159424609990563,1.1165,1.116,1.117,True,0.0012685268522831712,0.0003045570218768684,0,1.1183232685355569,1.1181533599669746,3.612031392528543,3.612031392528543,1.1227690017455514,1.1227544968354148,68.66460308485246,71.44602645889888,0,2
2023-06-06 10:03:00,2023-06-06 10:03:59,1.118,1.116,1.116,1.118,1.1162212304995283,1.117,1.116,1.118,True,0.0013207749342629448,0.0002601332063349084,0,1.1182383142512657,1.1180822085480218,1.9267013284126762,0.0,1.122711598743108,1.1226872879116794,81.99713178144619,72.77016333381295,0,1
2023-06-06 10:04:00,2023-06-06 10:04:59,1.116,1.117,1.116,1.117,1.1166106152497641,1.1165,1.116,1.117,True,0.0012978624389584409,0.0002935877911958304,0,1.1181602613996438,1.1180153349022388,3.7573198624459963,3.7573198624459963,1.1226497917904403,1.1226306979822098,87.08050214633973,79.24741233754611,0,2
2023-06-06 10:05:00,2023-06-06 10:05:59,1.117,1.119,1.117,1.119,1.116555307624882,1.1179999999999999,1.117,1.119,True,0.0013480151218899811,0.00044398320492967773,1,1.1180877981509412,1.1179625795968815,9.12965594061452,9.12965594061452,1.122603525205461,1.1225945716341281,91.75084166829993,86.94282519869527,1,2
2023-06-06 10:06:00,2023-06-06 10:06:59,1.119,1.12,1.119,1.12,1.117277653812441,1.1195,1.119,1.12,True,0.0013231568988978477,0.0005939356980938824,0,1.1180251888739112,1.117931593312925,14.210520815274933,14.210520815274933,1.1225726443576454,1.1225687550009527,91.75084166829993,90.19406182764652,0,2
2023-06-06 10:07:00,2023-06-06 10:07:59,1.12,1.121,1.12,1.121,1.1183888269062203,1.1205,1.12,1.121,True,0.0013000742632622794,0.0007358995776976663,0,1.117978391093418,1.1179248195949358,18.895751842789224,18.895751842789224,1.1225520210307036,1.1225531454984556,100.00000000000011,94.50056111219999,0,2
2023-06-06 10:08:00,2023-06-06 10:08:59,1.121,1.12,1.12,1.121,1.11944441345311,1.1205,1.12,1.121,True,0.0012786403873149658,0.0007279803597722739,0,1.117951605344177,1.1179371550753188,17.99599584891436,17.99599584891436,1.122531602910995,1.1225277410656351,100.00000000000011,97.25028055610005,0,2
2023-06-06 10:09:00,2023-06-06 10:09:59,1.12,1.12,1.12,1.121,1.1199722067265552,1.12025,1.12,1.121,True,0.001258737502506746,0.0006908955769676787,0,1.1179443802097477,1.117962735461587,17.396158519664453,17.396158519664453,1.1225089003944677,1.1225025894132408,97.18306566141466,99.0610218871383,0,2
2023-06-06 10:10:00,2023-06-06 10:10:59,1.12,1.119,1.119,1.121,1.1201111033632776,1.1197499999999998,1.119,1.121,True,0.0013116848237562644,0.0005669199733600581,0,1.1179535578356674,1.117995137615019,12.986639126909076,12.986639126909076,1.1224814486492491,1.122467737777288,88.83816826070257,95.34041130737245,0,1
2023-06-06 10:11:00,2023-06-06 10:11:59,1.119,1.119,1.119,1.119,1.1199305516816387,1.119,1.119,1.1199305516816387,True,0.0012179930506308171,0.0004599788907120315,0,1.1179743477253432,1.1180275424828838,10.046959531738821,10.046959531738821,1.1224468073691571,1.1224332329237827,72.85455331343259,86.2919290785166,0,1
2023-06-06 10:12:00,2023-06-06 10:12:59,1.119,1.119,1.119,1.119,1.1194652758408195,1.119,1.119,1.1194652758408195,True,0.0011309935470143302,0.00036810159774898195,0,1.1180009451041135,1.1180597271559858,8.087173134958654,8.087173134958654,1.1224125107784193,1.122399071402153,59.68787270474809,73.79353142629441,0,1
2023-06-06 10:13:00,2023-06-06 10:13:59,1.119,1.118,1.118,1.119,1.1192326379204096,1.1185,1.118,1.1192326379204096,True,0.0011216368650847272,0.00022091619813139105,0,1.1180303361300497,1.118088087115385,2.4658948709916473,0.0,1.1223735803229127,1.1223552995474053,47.01787472759252,59.8534335819244,0,1
2023-06-06 10:14:00,2023-06-06 10:14:59,1.119,1.119,1.119,1.119,1.1188663189602048,1.119,1.119,1.119,True,0.0011129485175786675,0.0001813629161565159,0,1.1180592116227175,1.11811667180304,3.084589549799645,3.084589549799645,1.1223400123595006,1.122321913482257,45.97054151057362,50.892096314304744,0,1
2023-06-06 10:15:00,2023-06-06 10:15:59,1.118,1.118,1.117,1.119,1.1189331594801024,1.118,1.117,1.119,True,0.00117630933775162,7.573399487471584e-05,0,1.1180879417128788,1.1181383762360098,-0.32357307346943287,-0.0,1.1222968281569186,1.1222789093680057,28.62082312451025,40.53641312089213,0,1
2023-06-06 10:16:00,2023-06-06 10:16:59,1.119,1.118,1.118,1.119,1.1184665797400513,1.1185,1.118,1.119,True,0.0011637158136264965,5.75454286719625e-07,0,1.1181131589744444,1.1181579454123205,-2.5956814889821516,-0.0,1.1222590487722726,1.1222363331553886,21.515218450701266,32.03552769526171,0,1
2023-06-06 10:17:00,2023-06-06 10:17:59,1.119,1.119,1.119,1.119,1.1184832898700257,1.119,1.119,1.119,True,0.0011520218269388818,1.7061901725810304e-05,0,1.1181355521933825,1.1181791297524188,0.3280885428932123,0.0,1.1222266204262799,1.1222041308354345,15.361344846507478,21.832462140573,0,1
2023-06-06 10:18:00,2023-06-06 10:18:59,1.118,1.118,1.118,1.119,1.118741644935013,1.11825,1.118,1.119,True,0.001141163125014668,-4.511128176972238e-05,0,1.1181573409729006,1.1181962945776254,-1.8147616715193422,-0.0,1.1221870520638293,1.1221622986878181,16.7780201632729,17.884861153493883,0,1
2023-06-06 10:19:00,2023-06-06 10:19:59,1.119,1.12,1.119,1.12,1.1184958224675063,1.1195,1.119,1.12,True,0.001202508616085049,5.043906122897696e-05,0,1.1181768177752631,1.118218753370866,3.190192906106688,3.190192906106688,1.1221603152273734,1.122140783277989,24.67509208830782,18.9381523660294,0,2
2023-06-06 10:20:00,2023-06-06 10:20:59,1.119,1.12,1.119,1.12,1.1189979112337531,1.1195,1.119,1.12,True,0.001188043714936125,0.00010644727034683017,0,1.1181977855730647,1.1182452260511646,6.526829291190715,6.526829291190715,1.1221338444290911,1.1221194819518399,27.63648573014878,23.029865993909834,0,2
2023-06-06 10:21:00,2023-06-06 10:21:59,1.119,1.121,1.119,1.121,1.1192489556168765,1.12,1.119,1.121,True,0.0012460405924406876,0.00020277326226000815,0,1.1182215058121148,1.1182781077939645,11.186535497834278,11.186535497834278,1.1221126121462146,1.122108342827941,43.699317607878584,32.003631808778394,0,2
2023-06-06 10:22:00,2023-06-06 10:22:59,1.121,1.124,1.121,1.124,1.1196244778084383,1.1225,1.121,1.124,True,0.0013713234072663609,0.00045765289327037674,0,1.1182498068030398,1.118332962491682,18.390802394859776,18.390802394859776,1.122116466751725,1.1221271652873646,63.9227457345203,45.08618302418255,0,2
2023-06-06 10:23:00,2023-06-06 10:23:59,1.124,1.125,1.124,1.125,1.1210622389042193,1.1245,1.124,1.125,True,0.0013448003067473271,0.0006657086848300683,0,1.118291384647361,1.1184184624167002,24.0129661463869,24.0129661463869,1.122140183500464,1.1221557507073907,84.14617386116201,63.9227457345203,0,2
2023-06-06 10:24:00,2023-06-06 10:24:59,1.125,1.125,1.124,1.126,1.1227811194521098,1.125,1.124,1.126,True,0.001391600284836788,0.0007644918504711381,0,1.1183549235320307,1.118530933456008,27.761075314071647,27.761075314071647,1.1221686393860315,1.122184051695377,100.00000000000011,82.68963986522748,0,2
2023-06-06 10:25:00,2023-06-06 10:25:59,1.126,1.124,1.124,1.126,1.123890559726055,1.125,1.124,1.126,True,0.0014350574073484304,0.0007183721773050774,0,1.1184429284940196,1.1186638673723346,25.40988081053048,25.40988081053048,1.1221968121284591,1.1222021208327364,100.00000000000011,94.71539128705406,0,2
2023-06-06 10:26:00,2023-06-06 10:26:59,1.125,1.123,1.123,1.125,1.1244452798630276,1.124,1.123,1.125,True,0.0014754104496806854,0.0005794662097179566,0,1.1185533979331772,1.1188051387241433,19.836150353918185,19.836150353918185,1.1222147542963352,1.122210059928928,90.79728226070472,96.93242742023496,0,1
2023-06-06 10:27:00,2023-06-06 10:27:59,1.123,1.124,1.123,1.124,1.1242226399315138,1.1235,1.123,1.1242226399315138,True,0.0014414525604177874,0.0005230044467155507,0,1.1186792683286604,1.1189485743940981,18.45328979711317,18.45328979711317,1.1222275428107995,1.1222278702778938,77.33038768125822,89.37588998065434,0,1
2023-06-06 10:28:00,2023-06-06 10:28:59,1.124,1.124,1.124,1.124,1.1238613199657568,1.124,1.124,1.124,True,0.0013384916632450882,0.0004529550903277031,0,1.1188139213613792,1.1190961604574479,17.531382759243158,17.531382759243158,1.1222451792007417,1.1222455034094572,65.99652748739823,78.04139914312037,0,1
2023-06-06 10:29:00,2023-06-06 10:29:59,1.125,1.125,1.125,1.125,1.1239306599828784,1.125,1.125,1.125,True,0.0013143136872990028,0.00044509792207019904,0,1.1189550409094136,1.119252862620823,19.159860199765802,19.159860199765802,1.122272590352973,1.1222729113357313,67.5645444434914,70.29715320404927,0,2
2023-06-06 10:30:00,2023-06-06 10:30:59,1.124,1.125,1.124,1.125,1.1244653299914393,1.1245,1.124,1.125,True,0.0012918627096347806,0.0004085045590446388,0,1.1191039517651182,1.1194122362786374,20.2455118267809,20.2455118267809,1.122294753633043,1.122300046546321,68.82057228949468,67.46054807346142,0,1
2023-06-06 10:31:00,2023-06-06 10:31:59,1.125,1.124,1.124,1.126,1.1244826649957198,1.1247500000000001,1.124,1.126,True,0.001342443944660852,0.00028573695895108106,0,1.119258094021878,1.1195743350158969,15.653471636691322,15.653471636691322,1.122319183945152,1.122316961506059,69.04885998558927,68.47799223952511,0,1
2023-06-06 10:32:00,2023-06-06 10:32:59,1.125,1.124,1.124,1.125,1.12461633249786,1.1245,1.124,1.125,True,0.0013179836628993548,0.00018087201055526705,0,1.1194162145188875,1.1197357517917779,12.592111509964944,12.592111509964944,1.1223408836073894,1.12233370815774,58.161019225776194,65.34348383362003,0,1
2023-06-06 10:33:00,2023-06-06 10:33:59,1.125,1.125,1.124,1.125,1.1245581662489301,1.1247500000000001,1.124,1.125,True,0.0012952705441208214,0.0001605660240248689,0,1.1195759831553327,1.119897239429792,14.044732232489523,14.044732232489523,1.1223648549147784,1.1223602384248272,53.55960884212805,60.256496017831154,0,1
2023-06-06 10:34:00,2023-06-06 10:34:59,1.125,1.126,1.125,1.126,1.1246540831244651,1.1255,1.125,1.126,True,0.0012741797909693263,0.00019557954362379396,0,1.1197366112925624,1.1200628206787273,17.48258212922498,17.48258212922498,1.1223960503882633,1.1223964549579135,50.860846641932234,54.1938249032788,0,2
2023-06-06 10:35:00,2023-06-06 10:35:59,1.126,1.126,1.125,1.127,1.1250770415622324,1.126,1.125,1.127,True,0.0013260240916143746,0.0001958960397039195,0,1.119899715985645,1.1202339193246045,19.774482060381956,19.774482060381956,1.1224319105834049,1.1224323111274865,53.88995383649817,52.77013644018613,0,1
2023-06-06 10:36:00,2023-06-06 10:36:59,1.126,1.125,1.125,1.126,1.1255385207811162,1.1255,1.125,1.126,True,0.0013027366564990542,0.00010487437905693908,0,1.1200668176551247,1.1204047574054952,15.254169445202137,15.254169445202137,1.1224624388363063,1.1224578602704967,42.24301079917022,48.997937092533526,0,1
2023-06-06 10:37:00,2023-06-06 10:37:59,1.125,1.126,1.125,1.126,1.1255192603905582,1.1255,1.125,1.126,True,0.0012811126096062568,9.585812449116249e-05,0,1.12023578753031,1.1205742182108243,15.546473941036624,15.546473941036624,1.1224926633254972,1.1224931054419345,27.588125342712086,41.24036332612681,0,1
2023-06-06 10:38:00,2023-06-06 10:38:59,1.125,1.126,1.125,1.126,1.1255096301952792,1.1255,1.125,1.126,True,0.0012610331374915164,7.15377551241108e-05,0,1.120405002870567,1.1207414319960776,15.741343604926271,15.741343604926271,1.1225225870735023,1.122527999915149,14.622339536742118,28.15115855954146,0,1
2023-06-06 10:39:00,2023-06-06 10:39:59,1.125,1.126,1.125,1.126,1.1255048150976394,1.1255,1.125,1.126,True,0.0012423879133849716,3.829794566099099e-05,0,1.1205732174333223,1.1209057294222302,15.871256714186046,15.871256714186046,1.122552213072771,1.1225625471796747,18.85536532956765,20.355276736340603,0,1
2023-06-06 10:40:00,2023-06-06 10:40:59,1.127,1.125,1.125,1.128,1.1255024075488196,1.12625,1.125,1.128,True,0.0013679316338574658,-6.785011108940368e-05,0,1.1207394734277762,1.121071749320884,9.757120348230416,0.0,1.1225890069725444,1.1225868004415684,42.829940667003676,25.4358818444378,0,1
2023-06-06 10:41:00,2023-06-06 10:41:59,1.126,1.127,1.126,1.128,1.1258762037744097,1.12675,1.126,1.128,True,0.001484507945724782,-1.0544689070763474e-05,0,1.12090561137433,1.1212414167929226,12.73004207014747,0.0,1.1226304098882405,1.1226307128749857,71.28916082142301,44.32482227266477,0,2
2023-06-06 10:42:00,2023-06-06 10:42:59,1.126,1.127,1.126,1.127,1.1263131018872048,1.1265,1.126,1.127,True,0.001449900235315877,1.2739872827113863e-05,0,1.1210735140836263,1.1214110766599794,14.711989884758836,14.711989884758836,1.122668913272437,1.122674188368767,82.3086437918476,65.47591509342476,0,2
2023-06-06 10:43:00,2023-06-06 10:43:59,1.126,1.128,1.126,1.128,1.1264065509436025,1.1269999999999998,1.126,1.128,True,0.0014891930756504575,8.153410667136604e-05,0,1.1212422953718029,1.1215829970241975,18.381677432993598,18.381677432993598,1.122712008662761,1.1227271815193265,84.28385742069467,79.29388734465509,0,2
2023-06-06 10:44:00,2023-06-06 10:44:59,1.128,1.127,1.127,1.128,1.1267032754718012,1.1275,1.127,1.128,True,0.0014542507131039882,3.938704182718158e-05,0,1.121412646198,1.1217589480689303,15.463730966980862,15.463730966980862,1.1227596503676092,1.1227696971260994,84.28385742069467,83.62545287774564,0,1
2023-06-06 10:45:00,2023-06-06 10:45:59,1.128,1.128,1.127,1.129,1.1271016377359007,1.1280000000000001,1.127,1.129,True,0.001493232805025132,6.448390018454122e-05,0,1.121585797133465,1.1219402958172264,16.253140121439444,16.253140121439444,1.122811793150021,1.1228217399407652,97.49056881186387,88.6860945510844,0,2
2023-06-06 10:46:00,2023-06-06 10:46:59,1.129,1.129,1.128,1.129,1.1275508188679504,1.1287500000000001,1.128,1.129,True,0.0014580018903804879,0.00013182393581976292,0,1.1217630464753456,1.122129793987379,18.881568946123096,18.881568946123096,1.1228708797853442,1.1228832151652353,100.00000000000011,93.9248087441862,0,2
2023-06-06 10:47:00,2023-06-06 10:47:59,1.128,1.128,1.128,1.128,1.1281504094339754,1.128,1.128,1.1281504094339754,True,0.0014252874696390326,8.609396865686802e-05,0,1.1219464202313623,1.1223192630854075,15.927251841408065,15.927251841408065,1.1229219158073804,1.1229341284471732,76.28283841016817,91.25780240734402,0,1
2023-06-06 10:48:00,2023-06-06 10:48:59,1.129,1.129,1.128,1.129,1.1280752047169877,1.1287500000000001,1.128,1.129,True,0.0013949097932362527,0.00010631626111904042,0,1.122132841658385,1.1225125551328405,16.436915984593057,16.436915984593057,1.1229799066948691,1.1229944853780471,61.07923448447974,79.12069096488266,0,2
2023-06-06 10:49:00,2023-06-06 10:49:59,1.129,1.128,1.128,1.129,1.128412602358494,1.1284999999999998,1.128,1.129,True,0.0013667019508622426,3.0954334001999807e-05,0,1.1223226983956127,1.122705815560354,12.673237470725219,0.0,1.1230348329964128,1.1230442914936885,38.40923458982155,58.590435828156465,0,1
2023-06-06 10:50:00,2023-06-06 10:50:59,1.129,1.129,1.128,1.129,1.1284563011792468,1.1287500000000001,1.128,1.129,True,0.0013405089543720905,3.427019906164248e-05,0,1.1225142569779833,1.1228994403870902,12.850142486794965,0.0,1.1230917003297818,1.1231035522748458,42.48565686312228,47.32470864580784,0,1
2023-06-06 10:51:00,2023-06-06 10:51:59,1.129,1.129,1.128,1.129,1.1286031505896235,1.1287500000000001,1.128,1.129,True,0.0013161868862026636,1.9677409776606373e-05,0,1.122706848682537,1.1230920236356727,12.968079164174796,0.0,1.1231480018190376,1.123162223396489,38.0485214722795,39.64780430840776,0,1
2023-06-06 10:52:00,2023-06-06 10:52:59,1.128,1.129,1.128,1.129,1.1286765752948118,1.1284999999999998,1.128,1.129,True,0.0012936021086167669,-5.870812692069724e-06,0,1.122899436159105,1.1232807502506927,13.046703615761345,0.0,1.123201255532281,1.1232203107258774,32.61293852251713,37.715705619306284,0,1
2023-06-06 10:53:00,2023-06-06 10:53:59,1.129,1.128,1.128,1.129,1.1285882876474058,1.1284999999999998,1.128,1.129,True,0.0012726305294298629,-0.00010591683860574491,0,1.1230900932048988,1.1234651456457039,8.1082114383629,0.0,1.1232539793578304,1.1232678698231322,18.92034450571501,29.86060150017053,0,1
2023-06-06 10:54:00,2023-06-06 10:54:59,1.128,1.129,1.128,1.129,1.128544143823703,1.1284999999999998,1.128,1.129,True,0.0012531569201848808,-0.00011232033001020141,0,1.1232776194253014,1.1236448658922342,8.635560264516805,0.0,1.1233061785682004,1.1233249059442951,5.227750488912889,18.920344505714993,0,1
2023-06-06 10:55:00,2023-06-06 10:55:59,1.129,1.128,1.128,1.129,1.1285220719118514,1.1284999999999998,1.128,1.129,True,0.001235074283028826,-0.00019485302956267136,0,1.1234612426587678,1.1238196722894702,4.8113228629321085,0.0,1.123357858383442,1.123371424293108,1.1487107561454954e-13,8.04936499820932,0,1
2023-06-06 10:56:00,2023-06-06 10:56:59,1.128,1.129,1.128,1.129,1.1285110359559256,1.1284999999999998,1.128,1.129,True,0.0012182832628124891,-0.00018543905835483434,0,1.123640457474119,1.123989410620814,5.805111545382957,0.0,1.1234090239716665,1.1234274300215348,1.1487107561454954e-13,1.7425834963043547,0,1
2023-06-06 10:57:00,2023-06-06 10:57:59,1.128,1.129,1.128,1.129,1.1285055179779628,1.1284999999999998,1.128,1.129,True,0.0012026916011830338,-0.00018527008882674193,0,1.1238149340474666,1.1241539942427754,6.467637333683527,0.0,1.1234596804495605,1.123482878479032,1.1487107561454954e-13,9.661407476515807e-14,0,1
2023-06-06 10:58:00,2023-06-06 10:58:59,1.128,1.128,1.128,1.129,1.1285027589889813,1.12825,1.128,1.129,True,0.0011882136296699679,-0.0002593548290756001,0,1.123984464145121,1.1243116750412474,2.5820661183576448,0.0,1.1235073453207092,1.1235278249618277,1.1487107561454954e-13,9.661407476515807e-14,0,1
2023-06-06 10:59:00,2023-06-06 10:59:59,1.129,1.129,1.128,1.13,1.1283763794944908,1.129,1.128,1.13,True,0.0012461983704078275,-0.00024055431852556316,0,1.1241480695931843,1.1244679851378747,3.8976073449805355,0.0,1.1235619986011,1.123582274464695,13.51182221527363,4.503940738424602,0,1
2023-06-06 11:00:00,2023-06-06 11:00:59,1.129,1.13,1.129,1.13,1.1286881897472454,1.1295,1.129,1.13,True,0.001228612772521546,-0.00016215201271895744,0,1.1243080273655295,1.1246255741495392,7.716923552620166,0.0,1.1236210831921338,1.1236461324302205,46.84515554860696,20.118992587960218,0,2
2023-06-06 11:01:00,2023-06-06 11:01:59,1.129,1.129,1.129,1.13,1.1290940948736226,1.1292499999999999,1.129,1.13,True,0.0012122832887699992,-0.00018561354442291978,0,1.1244668007575342,1.12478137356593,5.994937021918588,0.0,1.1236770923146002,1.1236994047443476,65.03346990006335,41.796815887981296,0,1
2023-06-06 11:02:00,2023-06-06 11:02:59,1.129,1.129,1.129,1.13,1.1291720474368112,1.1292499999999999,1.129,1.13,True,0.0011971201967149914,-0.00020500531937254931,0,1.1246240871617321,1.1249346950716927,4.846946001450874,0.0,1.1237325441323653,1.1237521469856975,69.70996203624628,60.529529161638855,0,1
2023-06-06 11:03:00,2023-06-06 11:03:59,1.13,1.129,1.129,1.13,1.1292110237184056,1.1295,1.129,1.13,True,0.0011830401826639126,-0.00022056051831377175,0,1.1247793911167123,1.1250867290182764,4.081618654472393,0.0,1.1237899317529387,1.123804364428626,61.31012144004373,65.35118445878445,0,1
2023-06-06 11:04:00,2023-06-06 11:04:59,1.129,1.129,1.129,1.13,1.129355511859203,1.1292499999999999,1.129,1.13,True,0.0011699658839021967,-0.00023257675792676949,0,1.1249330600674943,1.1252349908800412,3.5714004231534062,0.0,1.1238442607902228,1.1238560622950078,51.727681325395984,60.915921600561994,0,1
2023-06-06 11:05:00,2023-06-06 11:05:59,1.13,1.13,1.129,1.13,1.1293027559296014,1.12975,1.129,1.13,True,0.0011578254636234605,-0.0001728143016356109,0,1.1250840254737677,1.1253826962505897,7.800532409399537,0.0,1.1239030243644494,1.1239171960035153,56.31841022825139,56.45207099789703,0,2
2023-06-06 11:06:00,2023-06-06 11:06:59,1.129,1.13,1.129,1.13,1.1295263779648006,1.1295,1.129,1.13,True,0.001146552216221777,-0.0001376172162315878,0,1.1252333608621787,1.1255272348099028,10.61995373356362,0.0,1.1239587156643056,1.1239777214164155,38.38672837161374,48.81093997508703,0,2
2023-06-06 11:07:00,2023-06-06 11:07:59,1.13,1.129,1.129,1.13,1.1295131889824002,1.1295,1.129,1.13,True,0.0011360842007773566,-0.00018822941981297414,0,1.1253802978360408,1.1256682884282305,6.010836228185177,0.0,1.1240138528218746,1.1240276943376453,36.78266501529824,43.82926787172112,0,1
2023-06-06 11:08:00,2023-06-06 11:08:59,1.129,1.13,1.129,1.13,1.1295065944912,1.1295,1.129,1.13,True,0.0011263639007218233,-0.00015459740040666423,0,1.1255242931321356,1.1258056305501851,7.561014940903384,0.0,1.1240684413510103,1.1240871202646339,21.005432641479533,32.05827534279717,0,2
2023-06-06 11:09:00,2023-06-06 11:09:59,1.129,1.13,1.129,1.13,1.1295032972455998,1.1295,1.129,1.13,True,0.001117337907813114,-0.00013632794562086666,0,1.1256649618411603,1.1259391082719286,8.594467416048857,0.0,1.1241224867107016,1.1241459548888664,21.005432641479533,26.264510099419095,0,1
2023-06-06 11:10:00,2023-06-06 11:10:59,1.129,1.13,1.129,1.13,1.1295016486227998,1.1295,1.129,1.13,True,0.001108956628683598,-0.00012858854414249518,0,1.1258020350565443,1.1260686277250889,9.283435732812507,0.0,1.12417599430562,1.1242042040939524,21.005432641479533,21.005432641479526,0,1
2023-06-06 11:11:00,2023-06-06 11:11:59,1.129,1.13,1.129,1.13,1.1295008243113998,1.1295,1.129,1.13,True,0.0011011740123490475,-0.00012779468732735484,0,1.1259353313908165,1.1261941421643689,9.742747943988277,0.0,1.1242289694866585,1.124261873704958,21.005432641479533,21.005432641479526,0,1
2023-06-06 11:12:00,2023-06-06 11:12:59,1.129,1.13,1.129,1.13,1.1295004121557,1.1295,1.129,1.13,True,0.0010939472971812504,-0.0001313183359191335,0,1.1260647367775927,1.1263156422655216,10.048956084772122,0.0,1.124281417551468,1.1243189694889881,14.003621760986396,18.671495681315147,0,1
2023-06-06 11:13:00,2023-06-06 11:13:59,1.13,1.13,1.13,1.13,1.12950020607785,1.13,1.13,1.13,True,0.0010158082045254467,-0.0001372607820109414,0,1.1261901895215571,1.126436578761863,10.253094845294683,0.0,1.1243383188693639,1.1243754971557645,33.098690464128005,22.70258162219797,0,1
2023-06-06 11:14:00,2023-06-06 11:14:59,1.129,1.129,1.129,1.13,1.129750103038925,1.1292499999999999,1.129,1.13,True,0.0010146790470593355,-0.00021284758036516018,0,1.1263133841417101,1.1265510959775975,1.5393237432849531,0.0,1.124387191318425,1.1244215121094385,26.09687958363487,24.39973060291642,0,-2
2023-06-06 11:15:00,2023-06-06 11:15:59,1.13,1.13,1.129,1.13,1.1295000515194624,1.12975,1.129,1.13,True,0.0010136305436979464,-0.000192577528043047,0,1.1264322400596538,1.1266632040704136,3.292998938066063,0.0,1.1244405525988386,1.1244770194516331,38.336658801639636,32.510742949800836,0,-2
2023-06-06 11:16:00,2023-06-06 11:16:59,1.129,1.129,1.129,1.13,1.1296250257597311,1.1292499999999999,1.129,1.13,True,0.0010126569334337995,-0.00024807161619897,0,1.1265477220650337,1.1267692157313414,-1.073943971675554,-0.0,1.12448840779686,1.124522024233209,12.239779218004893,25.557772534426462,0,-2
2023-06-06 11:17:00,2023-06-06 11:17:59,1.129,1.129,1.129,1.13,1.1294375128798655,1.1292499999999999,1.129,1.13,True,0.0010117528667599486,-0.00028108152572465855,0,1.1266584688981875,1.126869700275836,-3.9852392448366274,-3.9852392448366274,1.1245357868237569,1.1245665812060128,12.239779218004893,20.938739079216468,0,-2
2023-06-06 11:18:00,2023-06-06 11:18:59,1.13,1.129,1.129,1.13,1.1293437564399327,1.1295,1.129,1.13,True,0.0010109133762770874,-0.000297613739290679,0,1.126764084587012,1.1269668591177227,-5.926102760277345,-5.926102760277345,1.1245851819797394,1.1246106948258534,5.747526100500237,10.075694845503335,0,-2
2023-06-06 11:19:00,2023-06-06 11:19:59,1.13,1.13,1.13,1.13,1.1294218782199663,1.13,1.13,1.13,True,0.0010101338494001447,-0.0002336930267958057,0,1.1268654718523674,1.1270641635293093,-0.5282561055864647,-0.0,1.1246390607660106,1.1246643197529593,21.631726307442623,13.206343875315914,0,-1
2023-06-06 11:20:00,2023-06-06 11:20:59,1.129,1.129,1.129,1.13,1.129710939109983,1.1292499999999999,1.129,1.13,True,0.0010094100030144122,-0.000257388261805622,0,1.1269648176908384,1.1271557691396026,-2.6980424148739672,-0.0,1.1246849407583885,1.1247074608499448,21.631726307442623,16.336992905128493,0,-2
2023-06-06 11:21:00,2023-06-06 11:21:59,1.13,1.13,1.129,1.13,1.1294804695549914,1.12975,1.129,1.13,True,0.0010087378599419462,-0.00019910293842736928,0,1.1270602934152205,1.1272456900633867,0.7276845293842129,0.0,1.1247353393578075,1.1247601229310398,24.507251851703256,22.590234822196166,0,-1
2023-06-06 11:22:00,2023-06-06 11:22:59,1.129,1.129,1.129,1.129,1.1296152347774957,1.129,1.129,1.1296152347774957,True,0.0010081137270889422,-0.00022724935763311844,0,1.1271529917393037,1.127328521870871,-1.5025538747726728,-0.0,1.1247777737920581,1.1248023107625718,8.623051644760865,18.25400993463558,0,-2
2023-06-06 11:23:00,2023-06-06 11:23:59,1.129,1.13,1.129,1.13,1.129307617388748,1.1295,1.129,1.13,True,0.0010075341751540098,-0.00017249895100656277,0,1.1272407568050875,1.127408634584682,1.116612558556433,0.0,1.1248247611175102,1.1248540290634417,15.647817255612651,16.259373584025592,0,-1
2023-06-06 11:24:00,2023-06-06 11:24:59,1.13,1.129,1.129,1.13,1.129403808694374,1.1295,1.129,1.13,True,0.0010069960197858585,-0.00020347261654566707,0,1.127324695694885,1.1274860568785081,-1.062262147436421,-0.0,1.1248712809073858,1.1248952825055964,14.049531221703674,12.773466707359063,0,-2
2023-06-06 11:25:00,2023-06-06 11:25:59,1.13,1.129,1.129,1.13,1.129451904347187,1.1295,1.129,1.13,True,0.001006496304086861,-0.00021957523581320366,0,1.1274053762866967,1.1275608297864876,-2.514845284764995,-0.0,1.12491733781378,1.1249361254657397,21.074296832555437,16.92388176995725,0,-2
2023-06-06 11:26:00,2023-06-06 11:26:59,1.13,1.13,1.129,1.13,1.1294759521735935,1.12975,1.129,1.13,True,0.001006032282366363,-0.0001564103749352577,0,1.1274831030365924,1.1276347190585576,0.7894297986455925,0.0,1.1249654240046876,1.124986512277026,24.818574376681596,19.980800810313568,0,-1
2023-06-06 11:27:00,2023-06-06 11:27:59,1.129,1.129,1.129,1.129,1.1296129760867968,1.129,1.129,1.1296129760867968,True,0.001005601405054472,-0.0001817201281986247,0,1.127558911047575,1.1277022598812776,-1.1642748355083654,-0.0,1.125005569039467,1.1250264474782496,17.793808765829834,21.228893325022288,0,-2
2023-06-06 11:28:00,2023-06-06 11:28:59,1.13,1.13,1.13,1.13,1.1293064880433983,1.13,1.13,1.13,True,0.0010052013046934305,-0.0001256555285754936,0,1.1276305854644264,1.1277712001867723,1.3293329976931574,0.0,1.12505526486992,1.125075935563043,31.12253602457756,24.578306389029663,0,-1
2023-06-06 11:29:00,2023-06-06 11:29:59,1.129,1.131,1.129,1.131,1.129653244021699,1.13,1.129,1.131,True,0.0010762583543581857,-1.929195298189441e-05,0,1.1277008928255994,1.1278407693110861,5.8866753524751445,0.0,1.1251044662144978,1.1251348814778386,40.70698573919911,29.874443509868836,0,-1
2023-06-06 11:30:00,2023-06-06 11:30:59,1.131,1.133,1.131,1.133,1.1298266220108495,1.1320000000000001,1.131,1.133,True,0.0011422399004754583,0.00018341886850334734,0,1.1277708310683427,1.1279240783176312,12.69333036491259,12.69333036491259,1.1251730784909704,1.1252131413636313,74.04031907253244,48.6232802787697,0,2
2023-06-06 11:31:00,2023-06-06 11:31:59,1.133,1.132,1.132,1.133,1.1309133110054248,1.1324999999999998,1.132,1.133,True,0.0011320799075843619,0.00023330608658234434,0,1.1278474546929869,1.128021063773435,13.101705313536016,13.101705313536016,1.1252459831826025,1.1252806722953363,87.02015953626629,67.2558214493326,0,2
2023-06-06 11:32:00,2023-06-06 11:32:59,1.132,1.132,1.131,1.132,1.1317066555027124,1.1317499999999998,1.131,1.132,True,0.0011226456284711853,0.00025033885317933525,0,1.127934259233211,1.128123005572955,13.37395527928497,13.37395527928497,1.1253106997678501,1.1253475312774723,89.40053884651206,83.48700581843691,0,2
2023-06-06 11:33:00,2023-06-06 11:33:59,1.131,1.131,1.131,1.132,1.1317283277513561,1.1312499999999999,1.131,1.132,True,0.0011138852264375213,0.0001763853296189331,0,1.128028632403083,1.1282247195758501,9.518303787149542,9.518303787149542,1.125369797282598,1.1254037747473482,72.48398158290664,82.96822665522832,0,1
2023-06-06 11:34:00,2023-06-06 11:34:59,1.132,1.132,1.131,1.132,1.131489163875678,1.1317499999999998,1.131,1.132,True,0.001105750567406262,0.00018378162755387155,0,1.1281266759894666,1.128328986898364,9.923884453331361,9.923884453331361,1.1254332818867512,1.1254694088294641,59.48490095373177,73.78980712771681,0,2
2023-06-06 11:35:00,2023-06-06 11:35:59,1.131,1.131,1.131,1.132,1.131619581937839,1.1312499999999999,1.131,1.132,True,0.001098196955448664,0.00010599808792391473,0,1.1282278314439151,1.1284311185509202,6.51220720250376,0.0,1.1254911596789228,1.1255244395873798,50.93340388475567,60.96742880713135,0,1
2023-06-06 11:36:00,2023-06-06 11:36:59,1.131,1.132,1.131,1.132,1.1314347909689193,1.1315,1.131,1.132,True,0.0010911828872023231,0.00011360529698978316,0,1.1283294749974175,1.128532583309616,7.2421782506800625,0.0,1.1255509491348539,1.1255888730243213,50.81383778266318,53.74404754038353,0,2
2023-06-06 11:37:00,2023-06-06 11:37:59,1.131,1.132,1.131,1.132,1.1314673954844596,1.1315,1.131,1.132,True,0.0010846698238307208,0.000107321784320558,0,1.1284310291535167,1.1286328268619366,7.728825616130926,7.728825616130926,1.1256101436708255,1.125652665332537,46.776795046140116,49.508012237852974,0,2
2023-06-06 11:38:00,2023-06-06 11:38:59,1.131,1.132,1.131,1.132,1.1314836977422298,1.1315,1.131,1.132,True,0.0010786219792713757,9.216439247904194e-05,0,1.1285319280077266,1.1287314211725152,8.053257193098169,8.053257193098169,1.1256687492064392,1.1257158228914173,48.89162990290635,48.82742091056986,0,1
2023-06-06 11:39:00,2023-06-06 11:39:59,1.132,1.132,1.132,1.133,1.1314918488711148,1.13225,1.132,1.133,True,0.0010730061236091425,7.179982958590648e-05,0,1.128631674590121,1.1288331863592487,8.26954491107633,8.26954491107633,1.1257342342889622,1.1257783520168758,55.59780145043976,50.42207546649539,0,1
2023-06-06 11:40:00,2023-06-06 11:40:59,1.133,1.133,1.132,1.134,1.1318709244355574,1.133,1.132,1.134,True,0.0011392199719227752,0.00011743720287806414,0,1.1287324304746849,1.128941895579272,12.142441461080402,12.142441461080402,1.1258065304651914,1.1258502092107376,67.91649342076141,57.46864159136916,0,2
2023-06-06 11:41:00,2023-06-06 11:41:59,1.134,1.134,1.134,1.134,1.1324354622177788,1.134,1.134,1.134,True,0.0011292756882139976,0.0002035060892494093,0,1.1288371630269785,1.1290621870881463,17.186552011897334,17.186552011897334,1.1258880575252392,1.1259313016564019,84.95261678645934,69.4889705525535,0,2
2023-06-06 11:42:00,2023-06-06 11:42:59,1.133,1.134,1.133,1.134,1.1332177311088893,1.1335,1.133,1.134,True,0.0011200417104844185,0.00024294718576763096,0,1.1289496750575623,1.129187341555077,20.54929237910862,20.54929237910862,1.125963798246381,1.1260115872120595,84.27993136049967,79.04968052257347,0,2
2023-06-06 11:43:00,2023-06-06 11:43:59,1.134,1.133,1.133,1.134,1.1333588655544446,1.1335,1.133,1.134,True,0.0011114673025926665,0.00018150308698491337,0,1.1290685083063197,1.1293154659703446,16.06739979215908,16.06739979215908,1.1260387853285065,1.1260811236577106,77.33776847376411,82.19010554024105,0,1
2023-06-06 11:44:00,2023-06-06 11:44:59,1.134,1.134,1.133,1.134,1.1334294327772223,1.13375,1.133,1.134,True,0.0011035053524074683,0.00019443886132905616,0,1.129191987138332,1.1294467648429456,16.49006815279553,16.49006815279553,1.1261155138327006,1.1261599184471862,68.50953854152426,76.70907945859602,0,2
2023-06-06 11:45:00,2023-06-06 11:45:59,1.134,1.133,1.133,1.134,1.1335897163886113,1.1335,1.133,1.134,True,0.001096112112949784,0.00011742240237138215,0,1.1293193759906388,1.129577946872366,11.777066363788762,11.777066363788762,1.126188991307002,1.1262279789601495,64.33898519618684,70.06209740382508,0,1
2023-06-06 11:46:00,2023-06-06 11:46:59,1.134,1.133,1.133,1.134,1.1335448581943055,1.1335,1.133,1.134,True,0.0010892469620247915,5.408667130163717e-05,0,1.1294486614315022,1.1297081368620991,8.635065171117581,8.635065171117581,1.1262617376621562,1.1262953622540783,60.8253888888371,64.55797087551606,0,1
2023-06-06 11:47:00,2023-06-06 11:47:59,1.133,1.133,1.133,1.134,1.1335224290971526,1.1332499999999999,1.133,1.134,True,0.0010828721790230127,2.351289907978312e-06,0,1.1295783991468007,1.129834937304362,6.540397709336801,0.0,1.1263312726107915,1.1263620750674705,47.74293281053434,57.635768965186095,0,1
2023-06-06 11:48:00,2023-06-06 11:48:59,1.133,1.134,1.133,1.134,1.1333862145485762,1.1335,1.133,1.134,True,0.0010769527376642183,2.9006292465789474e-05,0,1.1297066682255812,1.1299599144120482,9.555240531062651,9.555240531062651,1.1264026032315797,1.1264380743205304,44.80712479548796,51.1251488316198,0,2
2023-06-06 11:49:00,2023-06-06 11:49:59,1.133,1.134,1.133,1.134,1.133443107274288,1.1335,1.133,1.134,True,0.0010714561135453378,3.6527536953437616e-05,0,1.1298332913188147,1.1300825985197325,11.565135745546549,11.565135745546549,1.126473224094947,1.1265133173621171,39.79354617000046,44.114534592007594,0,2
2023-06-06 11:50:00,2023-06-06 11:50:59,1.134,1.134,1.133,1.134,1.133471553637144,1.13375,1.133,1.134,True,0.0010663521054349488,3.128089579829368e-05,0,1.1299579449192736,1.1302043508548063,12.905065888535816,12.905065888535816,1.1265456298253456,1.126587811716723,45.96364838178135,43.521439782423265,0,1
2023-06-06 11:51:00,2023-06-06 11:51:59,1.133,1.134,1.133,1.134,1.1336107768185721,1.1335,1.133,1.134,True,0.0010616126693324447,1.7963918351606312e-05,0,1.13008114788704,1.1303228189823873,13.798352650528663,13.798352650528663,1.1266148275385262,1.1266615648339695,39.60981640140342,41.78900365106175,0,1
2023-06-06 11:52:00,2023-06-06 11:52:59,1.134,1.136,1.133,1.137,1.133555388409286,1.1349999999999998,1.133,1.137,True,0.0012714974786658417,0.0001371406548478064,0,1.1302019834347137,1.1304481802081678,20.53443588542008,20.53443588542008,1.1266982620903816,1.1267544845868653,57.8011996085934,47.7915547972594,0,2
2023-06-06 11:53:00,2023-06-06 11:53:59,1.136,1.138,1.136,1.139,1.1342776942046429,1.13725,1.136,1.139,True,0.0013949619444754324,0.0003364039379773456,0,1.1303250818214408,1.1305935457001073,27.110221987112723,27.110221987112723,1.1268032545073927,1.126866380262618,73.54178340735511,56.984266472450656,0,2
2023-06-06 11:54:00,2023-06-06 11:54:59,1.138,1.138,1.138,1.139,1.1357638471023215,1.13825,1.138,1.139,True,0.0013667503770129097,0.00044080702231936563,0,1.1304593137607741,1.1307605243930743,31.494079388241147,31.494079388241147,1.1269171524724932,1.126977162548562,98.004613992241,76.44919900272986,0,2
2023-06-06 11:55:00,2023-06-06 11:55:59,1.138,1.139,1.137,1.139,1.1370069235511608,1.13825,1.137,1.139,True,0.0014119824929405592,0.0005470443424792381,0,1.1306099190769243,1.1309433736597974,35.12989419914511,35.12989419914511,1.1270299171245082,1.1270967927719595,100.00000000000013,90.51546579986542,0,2
2023-06-06 11:56:00,2023-06-06 11:56:59,1.138,1.14,1.138,1.14,1.1376284617755803,1.1389999999999998,1.138,1.14,True,0.0014539837434448051,0.000648804579760955,0,1.1307766463683608,1.131142609198025,38.0822557508732,38.0822557508732,1.127149022426752,1.1272251828936315,100.00000000000013,99.33487133074709,0,2
2023-06-06 11:57:00,2023-06-06 11:57:59,1.139,1.141,1.139,1.141,1.13831423088779,1.1400000000000001,1.139,1.141,True,0.0014929849046273192,0.0007420421461448094,0,1.1309596277831928,1.1313602398588387,40.451858846044644,40.451858846044644,1.1272768928503665,1.1273622457504113,100.00000000000013,100.00000000000013,0,2
2023-06-06 11:58:00,2023-06-06 11:58:59,1.14,1.14,1.14,1.14,1.139157115443895,1.14,1.14,1.14,True,0.0014577716971539473,0.0006872290139209921,0,1.1311599338210157,1.1315908599512539,35.88413350733747,35.88413350733747,1.1274034909314574,1.1274879945489147,99.99999999999653,99.99999999999893,0,2
2023-06-06 11:59:00,2023-06-06 11:59:59,1.141,1.141,1.14,1.141,1.1395785577219475,1.14075,1.14,1.141,True,0.0014250737187858162,0.0006751784212459407,0,1.1313753968861346,1.1318352702130268,34.30097662289225,34.30097662289225,1.1275362920167165,1.1276224423643484,99.99999999999653,99.99999999999774,0,2
2023-06-06 12:00:00,2023-06-06 12:00:59,1.141,1.141,1.14,1.141,1.1401642788609738,1.14075,1.14,1.141,True,0.001394711310301123,0.0006216424057768353,0,1.1316053335495806,1.132088860657798,33.24553869992877,33.24553869992877,1.1276677716981423,1.1277555523905738,99.99999999999653,99.99999999999655,0,2
2023-06-06 12:01:00,2023-06-06 12:01:59,1.141,1.142,1.14,1.142,1.1404571394304868,1.1412499999999999,1.14,1.142,True,0.0014379462167081857,0.0006112449545414575,0,1.1318470971036891,1.132351369356801,33.88518340189731,33.88518340189731,1.1278029182484095,1.1278972881876825,100.00000000000013,99.99999999999774,0,2
2023-06-06 12:02:00,2023-06-06 12:02:59,1.141,1.142,1.141,1.142,1.1408535697152433,1.1415,1.141,1.142,True,0.0014066643440861645,0.0005596353504751413,0,1.132099233230245,1.1326208136371017,34.311613203209674,34.311613203209674,1.1279392076190722,1.1280376136783523,100.00000000000013,99.99999999999893,0,1
2023-06-06 12:03:00,2023-06-06 12:03:59,1.141,1.142,1.141,1.142,1.1411767848576218,1.1415,1.141,1.142,True,0.001377616890937145,0.0004827843035356246,0,1.1323600234336733,1.1328938696750255,34.59589973741791,34.59589973741791,1.1280741408765937,1.128176542895483,100.00000000000013,100.00000000000013,0,1
2023-06-06 12:04:00,2023-06-06 12:04:59,1.142,1.141,1.141,1.142,1.141338392428811,1.1415,1.141,1.142,True,0.001350644255870198,0.00032370469840780963,0,1.1326269465543493,1.1331678958203204,27.13191748005127,27.13191748005127,1.1282077315146375,1.1283041394835878,100.00000000000013,100.00000000000013,0,1
2023-06-06 12:05:00,2023-06-06 12:05:59,1.142,1.142,1.141,1.142,1.1414191962144056,1.14175,1.141,1.142,True,0.0013255982375937475,0.0002552185225044726,0,1.1328974211873348,1.1334425208930632,25.235557559727184,25.235557559727184,1.1283424804547904,1.1284404167026565,100.00000000000013,100.00000000000013,0,1
2023-06-06 12:06:00,2023-06-06 12:06:59,1.141,1.142,1.141,1.142,1.1415845981072028,1.1415,1.141,1.142,True,0.0013023412206227577,0.00017939054951984302,0,1.133169971040199,1.1337140180196785,23.97131761284446,23.97131761284446,1.1284734010472801,1.1285753379294958,85.25624474986363,95.0854149166213,0,1
2023-06-06 12:07:00,2023-06-06 12:07:59,1.142,1.142,1.141,1.142,1.1415422990536013,1.14175,1.141,1.142,True,0.0012807454191496957,0.00010192751867943049,0,1.1334419945299388,1.1339829049991599,23.12849098158931,23.12849098158931,1.1286055065094962,1.1287089166565656,68.49468132800085,84.58364202595489,0,1
2023-06-06 12:08:00,2023-06-06 12:08:59,1.142,1.141,1.141,1.142,1.1416461495268007,1.1415,1.141,1.142,True,0.0012606921749247094,-4.1852535967471134e-05,0,1.1337124497645492,1.1342461768749494,15.494729785304202,0.0,1.128733809927312,1.1288312159933163,35.161347994667516,62.970758024177364,0,1
2023-06-06 12:09:00,2023-06-06 12:09:59,1.142,1.141,1.141,1.142,1.1415730747634003,1.1415,1.141,1.142,True,0.0012420713052872221,-0.00015341338635075155,0,1.1339793133197493,1.1345032216150654,10.405555654447468,0.0,1.1288608366942046,1.1289522984212434,16.57176991147075,40.075933078046404,0,1
2023-06-06 12:10:00,2023-06-06 12:10:59,1.142,1.141,1.141,1.142,1.1415365373817001,1.1415,1.141,1.142,True,0.0012247804977666983,-0.00023888420953353242,0,1.1342412674674074,1.1347536000871974,7.012772900542977,0.0,1.1289865995131676,1.1290721760488929,2.0132044179869504e-13,17.24437263537952,0,1
2023-06-06 12:11:00,2023-06-06 12:11:59,1.142,1.141,1.141,1.142,1.14151826869085,1.1415,1.141,1.142,True,0.0012087247479262118,-0.0003032595508905287,0,1.1344974337773024,1.134997012297077,4.750917731273319,0.0,1.1291111109607979,1.1291908608643269,2.0132044179869504e-13,5.523923303823749,0,1
2023-06-06 12:12:00,2023-06-06 12:12:59,1.142,1.141,1.141,1.142,1.1415091343454251,1.1415,1.141,1.142,True,0.001193815837360046,-0.0003506105783840372,0,1.1347472230371898,1.1352332698530743,3.243014285093544,0.0,1.1292343834885512,1.1293083647363236,1.3605094908385146e-13,2.1114362137197386e-13,0,1
2023-06-06 12:13:00,2023-06-06 12:13:59,1.142,1.141,1.141,1.142,1.1415045671727126,1.1415,1.141,1.142,True,0.0011799718489771775,-0.0003842564758785201,0,1.134990246445132,1.1354622735216686,2.237745320973694,0.0,1.1293564294239886,1.1294246994155641,1.3605094908385146e-13,1.8938712380035935e-13,0,1
2023-06-06 12:14:00,2023-06-06 12:14:59,1.142,1.141,1.141,1.142,1.1415022835863562,1.1415,1.141,1.142,True,0.0011671167169073713,-0.0004069035976398544,0,1.1352262599834004,1.135683994944993,1.5675660115604586,0.0,1.1294772609720087,1.1295398765358073,1.3605094908385146e-13,1.6763062622874484e-13,0,1
2023-06-06 12:15:00,2023-06-06 12:15:59,1.142,1.141,1.141,1.142,1.141501141793178,1.1415,1.141,1.142,True,0.0011551798085568368,-0.0004207585322396957,0,1.1354551274641969,1.1358984617606465,1.1207798052849682,0.0,1.1295968902160682,1.1296539076150531,2.0132044179869504e-13,1.8938712380035935e-13,0,-2
2023-06-06 12:16:00,2023-06-06 12:16:59,1.141,1.141,1.141,1.142,1.1415005708965889,1.1412499999999999,1.141,1.142,True,0.0011440955365170547,-0.00042762003769738956,0,1.1356767946124218,1.1361040302363623,0.8229223344346437,0.0,1.129712841557202,1.1297668040566944,2.0132044179869504e-13,2.1114362137197386e-13,0,-2
2023-06-06 12:17:00,2023-06-06 12:17:59,1.141,1.142,1.141,1.142,1.1413752854482944,1.1415,1.141,1.142,True,0.0011338029981944,-0.0003603824258029179,0,1.135890412424392,1.1363028978339749,10.663417413235997,0.0,1.1298301267158368,1.129888527399414,4.544471490080668,1.5148238300270551,0,-1
2023-06-06 12:18:00,2023-06-06 12:18:59,1.142,1.142,1.142,1.142,1.141437642724147,1.142,1.142,1.142,True,0.0010528170697519427,-0.0003162393468551443,0,1.1360966551291833,1.1364985558716563,17.223747465770245,0.0,1.1299512199823458,1.1300090395645939,16.842286592599894,7.128919360893619,0,-1
2023-06-06 12:19:00,2023-06-06 12:19:59,1.141,1.141,1.141,1.141,1.1417188213620735,1.141,1.141,1.1417188213620735,True,0.0010490444219125104,-0.00035706464402357994,0,1.1362976055004197,1.1366834835145536,9.127257170371877,0.0,1.1300611580919742,1.130118402354996,16.842286592599894,12.743014891760183,0,-2
2023-06-06 12:20:00,2023-06-06 12:20:59,1.142,1.141,1.141,1.142,1.1413594106810367,1.1415,1.141,1.142,True,0.0010455412489187518,-0.00038183723364233887,0,1.1364905445074864,1.136862124773613,3.7295969734396337,0.0,1.130174977414442,1.1302266769584288,18.155479121462204,17.28001743555403,0,-2
2023-06-06 12:21:00,2023-06-06 12:21:59,1.141,1.142,1.141,1.143,1.1414297053405185,1.14175,1.141,1.143,True,0.001113716873995984,-0.0003259241814033264,0,1.1366763346405495,1.1370363063153177,7.766081398984021,0.0,1.1302901517685273,1.1303438244513797,16.029918042444052,17.009227918835418,0,-1
2023-06-06 12:22:00,2023-06-06 12:22:59,1.142,1.142,1.142,1.143,1.1415898526702593,1.14225,1.142,1.143,True,0.001105594240139136,-0.00028839508113095297,0,1.1368563204779334,1.137209212151306,10.457071016013614,0.0,1.1304091552335171,1.1304598062976345,31.923834354146816,22.036410506017727,0,-1
2023-06-06 12:23:00,2023-06-06 12:23:59,1.143,1.144,1.143,1.144,1.1419199263351296,1.1435,1.143,1.144,True,0.0011694803658434834,-0.00012682304233632702,0,1.1370327663146196,1.1373885036266291,18.356419575677947,0.0,1.1305394123953727,1.1305945345931805,52.567579827773706,33.50711074145489,0,-1
2023-06-06 12:24:00,2023-06-06 12:24:59,1.144,1.144,1.143,1.144,1.1427099631675648,1.14375,1.143,1.144,True,0.0011573746254260838,-2.9243500471820647e-05,0,1.1372106349706244,1.1375733076963834,23.622651948787507,23.622651948787507,1.1306708610282545,1.1307279223086713,70.58031803286315,51.69057740492792,0,2
2023-06-06 12:25:00,2023-06-06 12:25:59,1.143,1.144,1.143,1.144,1.1432299815837825,1.1435,1.143,1.144,True,0.0011461335807527843,2.262955537625901e-05,0,1.137391971333504,1.137759468652184,27.13347353086054,27.13347353086054,1.1307985141523516,1.1308599827832118,76.6539126781744,66.60060351293711,0,2
2023-06-06 12:26:00,2023-06-06 12:26:59,1.144,1.143,1.143,1.144,1.1433649907918912,1.1435,1.143,1.144,True,0.0011356954678418633,-2.598540029213588e-05,0,1.137575719992844,1.1379454206317787,20.593129652648585,0.0,1.1309248970961092,1.1309807789744235,72.12001414261873,73.11808161788547,0,1
2023-06-06 12:27:00,2023-06-06 12:27:59,1.144,1.143,1.143,1.144,1.1434324953959456,1.1435,1.143,1.144,True,0.0011260029344245792,-6.877236555928633e-05,0,1.1377605703123115,1.1381299322546035,16.232900400507276,0.0,1.131050022498138,1.131100373213484,65.9025328710422,71.55881989727847,0,-2
2023-06-06 12:28:00,2023-06-06 12:28:59,1.143,1.143,1.143,1.144,1.143,1.14325,1.143,1.144,True,0.0011170027248228157,-0.00010575802779090354,0,1.1379452512834576,1.1383103286625935,13.326080899079741,0.0,1.1311714153091017,1.131218777460116,58.92499691924669,65.64918131096924,0,-2
2023-06-06 12:29:00,2023-06-06 12:29:59,1.143,1.144,1.143,1.144,1.143125,1.1435,1.143,1.144,True,0.0011086453873354637,-6.858829452670388e-05,0,1.1381277899730255,1.1384879626876656,16.396292637450685,0.0,1.1312940877935882,1.1313459538037964,55.91658650844823,60.24803876624575,0,-1
2023-06-06 12:30:00,2023-06-06 12:30:59,1.144,1.144,1.144,1.145,1.1433125,1.14425,1.144,1.145,True,0.0011008850025257958,-5.360312086065758e-05,0,1.1383078763303456,1.1386673489085188,18.443100463031314,0.0,1.1314230023429057,1.1314718647112214,60.404235134010264,58.415272853901776,0,-1
2023-06-06 12:31:00,2023-06-06 12:31:59,1.145,1.145,1.144,1.145,1.14378125,1.1447500000000002,1.144,1.145,True,0.0010936789309168183,1.5025196061210777e-05,0,1.1384876126194323,1.1388503143969195,22.896345719621166,22.896345719621166,1.1315556092847674,1.1316064730225526,75.95411050376308,64.09164404874058,0,2
2023-06-06 12:32:00,2023-06-06 12:32:59,1.145,1.145,1.144,1.145,1.144265625,1.1447500000000002,1.144,1.145,True,0.0010869875787084822,4.665821635921894e-05,0,1.138668963508176,1.1390348425300039,25.86517589068106,25.86517589068106,1.1316868967545708,1.1317397419477013,90.32834329088085,75.56222964288479,0,2
2023-06-06 12:33:00,2023-06-06 12:33:59,1.145,1.146,1.145,1.146,1.1445078125,1.1455,1.145,1.146,True,0.001080774180229297,0.00012144763871815736,0,1.13885190301909,1.1392244806826037,29.827810822737163,29.827810822737163,1.1318243405679582,1.1318816350626495,97.20651704163811,87.8296569454274,0,2
2023-06-06 12:34:00,2023-06-06 12:34:59,1.146,1.148,1.145,1.148,1.14500390625,1.14675,1.145,1.148,True,0.0012178617387843395,0.00028915425040401026,0,1.139038191850847,1.1394254171994356,34.264572644826586,34.264572644826586,1.1319728545921577,1.1320420168033196,100.00000000000013,95.84495344417309,0,2
2023-06-06 12:35:00,2023-06-06 12:35:59,1.147,1.147,1.147,1.148,1.145876953125,1.1472499999999999,1.147,1.148,True,0.0012023001860140216,0.000303218610500461,0,1.1392318045251413,1.139637300891422,30.741571206498435,30.741571206498435,1.1321248659892507,1.132190852457018,100.00000000000013,99.0688390138795,0,2
2023-06-06 12:36:00,2023-06-06 12:36:59,1.147,1.147,1.147,1.148,1.1465634765625,1.1472499999999999,1.147,1.148,True,0.001187850172727298,0.0002853934683235116,0,1.1394345527082816,1.1398563496239367,28.39290358094634,28.39290358094634,1.1322753648351287,1.132338207158938,100.00000000000013,100.00000000000017,0,2
2023-06-06 12:37:00,2023-06-06 12:37:59,1.147,1.146,1.146,1.147,1.14690673828125,1.1465,1.146,1.147,True,0.0011744323032467849,0.00017871372213238259,0,1.1396454511661092,1.1400743907383937,21.14952909250924,0.0,1.1324169034934857,1.1324741453961626,77.27066328545835,92.42355442848624,0,1
2023-06-06 12:38:00,2023-06-06 12:38:59,1.146,1.147,1.146,1.147,1.146703369140625,1.1465,1.146,1.147,True,0.0011619728530148797,0.0001562275369345642,0,1.1398599209522515,1.1402901425541436,19.45719049453791,0.0,1.1325570338069832,1.1326186812628676,54.54132657091657,77.2706632854584,0,1
2023-06-06 12:39:00,2023-06-06 12:39:59,1.146,1.146,1.146,1.147,1.1466016845703124,1.14625,1.146,1.147,True,0.0011504033635138249,5.1786727588789844e-05,0,1.1400750317531976,1.140500896436155,13.776614455396874,0.0,1.1326932822268143,1.1327518287129883,24.496169198991158,52.10271968512208,0,1
2023-06-06 12:40:00,2023-06-06 12:40:59,1.147,1.147,1.146,1.147,1.146425842285156,1.14675,1.146,1.147,True,0.0011396602661199883,3.6107231495139096e-05,0,1.1402879640946764,1.140709699945758,13.141912897896418,0.0,1.1328331500653535,1.1328936015616153,22.320292293422938,33.78592935444361,0,1
2023-06-06 12:41:00,2023-06-06 12:41:59,1.147,1.147,1.147,1.147,1.146587921142578,1.147,1.147,1.147,True,0.001058255961397132,9.88823982408767e-06,0,1.1404988320202174,1.140917250565183,12.71877852622945,0.0,1.1329741137462952,1.1330339637351317,22.541350038499516,23.11927051030459,0,1
2023-06-06 12:42:00,2023-06-06 12:42:59,1.148,1.148,1.148,1.148,1.146793960571289,1.148,1.148,1.148,True,0.001054094821297329,4.6587605348966544e-05,0,1.1407080412927004,1.1411292518208527,15.264592150106523,0.0,1.1331236250523022,1.1331828795188617,36.69861135318697,27.18675122836986,0,2
2023-06-06 12:43:00,2023-06-06 12:43:59,1.147,1.148,1.147,1.148,1.1473969802856443,1.1475,1.147,1.148,True,0.001050230905490369,5.3670398289840365e-05,0,1.1409186465567767,1.1413398720079349,16.961801232691244,0.0,1.1332666735592445,1.1333303135534998,30.514934645366235,29.918298679017628,0,2
2023-06-06 12:44:00,2023-06-06 12:44:59,1.147,1.147,1.147,1.147,1.1474484901428221,1.147,1.147,1.1474484901428221,True,0.0010466429836696206,-2.737188623457053e-05,0,1.1411292592823559,1.1415445292598028,12.402366391965082,0.0,1.1334033235735803,1.133466330334062,19.6898802814981,28.96780876001716,0,1
2023-06-06 12:45:00,2023-06-06 12:45:59,1.148,1.148,1.147,1.148,1.1472242450714112,1.1477499999999998,1.147,1.148,True,0.0010433113419789255,-2.4563551927137255e-05,0,1.1413368942710793,1.1417482334820466,12.87462028550106,0.0,1.1335460765728482,1.1336109439625788,8.672650216526177,19.625821714463562,0,1
2023-06-06 12:46:00,2023-06-06 12:46:59,1.148,1.149,1.147,1.149,1.1474871225357055,1.14825,1.147,1.149,True,0.0011116462461232882,3.237078958965049e-05,0,1.141542563876563,1.1419532202815006,15.75814270456516,0.0,1.1336923842686408,1.1337640688982744,16.615822830793768,14.992784442939405,0,2
2023-06-06 12:47:00,2023-06-06 12:47:59,1.148,1.148,1.148,1.149,1.1478685612678527,1.14825,1.148,1.149,True,0.001103671514257347,-1.5452691467097122e-05,0,1.1417478920790318,1.1421578104355716,12.82731135669664,0.0,1.1338372361664653,1.133905719954013,26.80343845046396,17.36397049926136,0,1
2023-06-06 12:48:00,2023-06-06 12:48:59,1.149,1.147,1.147,1.149,1.1480592806339263,1.1480000000000001,1.147,1.149,True,0.0011676949775246796,-0.00012883290610511905,0,1.1419528512573018,1.1423589693360456,7.145671235186008,0.0,1.1339781591896845,1.134036011297754,25.197689980208693,22.872317087155533,0,1
2023-06-06 12:49:00,2023-06-06 12:49:59,1.147,1.148,1.147,1.148,1.1480296403169632,1.1475,1.147,1.1480296403169632,True,0.0011557167648443376,-0.0001421538190120716,0,1.1421559102966738,1.142552616090717,6.803671961510133,0.0,1.134112704869389,1.1341749564589705,15.010074360538496,22.337067597070444,0,-2
2023-06-06 12:50:00,2023-06-06 12:50:59,1.149,1.148,1.148,1.149,1.1477648201584816,1.1484999999999999,1.148,1.149,True,0.0011445941387840356,-0.0001585245892092961,0,1.1423542631936956,1.1427458809209592,6.575672445726212,0.0,1.1342558620348677,1.1343125190812693,16.378100992482583,18.861955111076654,0,-2
2023-06-06 12:51:00,2023-06-06 12:51:59,1.149,1.149,1.148,1.149,1.1481324100792407,1.14875,1.148,1.149,True,0.0011342659860137552,-0.00010730192710860231,0,1.1425500720573276,1.1429392343230131,9.574457337904938,0.0,1.1344000823131277,1.1344586631700129,25.637110442233475,19.00842859841825,0,-1
2023-06-06 12:52:00,2023-06-06 12:52:59,1.149,1.151,1.149,1.151,1.1484412050396204,1.15,1.149,1.151,True,0.0011961041298699157,5.4068780558502814e-05,0,1.1427446531901704,1.1431399071776456,15.484658856806178,0.0,1.1345553053746886,1.1346232535862317,50.46679539952552,30.827335611413925,0,2
2023-06-06 12:53:00,2023-06-06 12:53:59,1.15,1.15,1.148,1.15,1.1492206025198102,1.1494999999999997,1.148,1.15,True,0.0013249538348792157,7.360579484257286e-05,0,1.142942280183908,1.143341535327844,15.050203201884145,0.0,1.1347040088037963,1.13477625603811,52.37034979919955,42.82475188031958,0,2
2023-06-06 12:54:00,2023-06-06 12:54:59,1.149,1.15,1.149,1.15,1.149360301259905,1.1495,1.149,1.15,True,0.0013017428466735495,6.90170682820083e-05,0,1.143141907755876,1.143542532205425,14.760566098602794,0.0,1.1348512325967934,1.1349277360775318,51.74807825987085,51.52840781953204,0,2
2023-06-06 12:55:00,2023-06-06 12:55:59,1.15,1.149,1.149,1.15,1.1494301506299525,1.1495,1.149,1.15,True,0.0012801897861968593,-1.964777331923224e-05,0,1.1433422199806504,1.1437416530253013,10.364871610497175,0.0,1.1349969914764273,1.1350677586041236,40.377589953869204,48.1653393376466,0,1
2023-06-06 12:56:00,2023-06-06 12:56:59,1.15,1.15,1.149,1.15,1.1494650753149762,1.14975,1.149,1.15,True,0.0012601762300399329,-2.151459147355355e-05,0,1.143541936502976,1.1439396458970372,10.51370348677952,0.0,1.1351437875811394,1.1352163381205005,48.47654357737422,46.867403930371495,0,1
2023-06-06 12:57:00,2023-06-06 12:57:59,1.151,1.15,1.15,1.151,1.1496075376574881,1.1505,1.15,1.151,True,0.001241592213608517,-3.571631676943174e-05,0,1.1437407912000066,1.14414053808321,10.612924737634415,0.0,1.1352965857146604,1.1353634392337293,66.07265268219042,51.64226207114469,0,1
2023-06-06 12:58:00,2023-06-06 12:58:59,1.151,1.149,1.149,1.151,1.150053768828744,1.15,1.149,1.151,True,0.001295764198350766,-0.00012576842486653177,0,1.1439406646416084,1.1443389040542569,6.310809059721635,0.0,1.1354428883443652,1.135499126405533,66.70431963514939,60.41783863157142,0,-2
2023-06-06 12:59:00,2023-06-06 12:59:59,1.15,1.151,1.149,1.151,1.150026884414372,1.15025,1.149,1.151,True,0.0013460667556114256,-5.489734960322434e-05,0,1.1441397843479326,1.1445356353827192,9.384834993191937,0.0,1.1355902227886998,1.1356533639537367,62.784401565429505,65.18712462758985,0,2
2023-06-06 13:00:00,2023-06-06 13:00:59,1.151,1.151,1.15,1.151,1.150138442207186,1.15075,1.15,1.151,True,0.0013213477016391889,-2.021970553864154e-05,0,1.144337709865326,1.1447331604911812,11.434185615505477,0.0,1.1357410663430412,1.135806066799968,56.09875398407549,61.8624917282182,0,2
2023-06-06 13:01:00,2023-06-06 13:01:59,1.15,1.151,1.15,1.151,1.150444221103593,1.1505,1.15,1.151,True,0.0012983942943792547,-1.04661663901536e-05,0,1.1445354351782537,1.144928240050048,12.800419363714504,0.0,1.1358879214043045,1.1359572502148938,57.715436401935136,58.86619731714679,0,2
2023-06-06 13:02:00,2023-06-06 13:02:59,1.15,1.151,1.15,1.151,1.1504721105517965,1.1505,1.15,1.151,True,0.0012770804162093158,-1.7247650436703378e-05,0,1.1447318376141509,1.1451200557572858,13.711241862520517,0.0,1.136033315221177,1.1361069293172332,55.78475021897071,56.53298020166053,0,1
2023-06-06 13:03:00,2023-06-06 13:03:59,1.15,1.15,1.15,1.151,1.1504860552758984,1.15025,1.15,1.151,True,0.0012572889579086585,-0.00010295832750126851,0,1.1449259466857185,1.1453062704855757,8.614055810117108,0.0,1.136174774771215,1.1362451688265145,31.415092044218152,48.30509288837474,0,-2
2023-06-06 13:04:00,2023-06-06 13:04:59,1.151,1.15,1.15,1.151,1.150368027637949,1.1505,1.15,1.151,True,0.001238911175200905,-0.00016711138577115087,0,1.1451161085856472,1.145488513158548,5.215931775181502,0.0,1.1363173143257304,1.1363820328182905,21.263592088620424,36.15447811726984,0,-2
2023-06-06 13:05:00,2023-06-06 13:05:59,1.15,1.15,1.15,1.151,1.1504340138189746,1.15025,1.15,1.151,True,0.0012218460912579914,-0.00021417360725616463,0,1.1453023108720977,1.1456646629600231,2.9505157518911034,0.0,1.1364559480140315,1.1365175349793026,5.556046066511409,19.411576733116735,0,-2
2023-06-06 13:06:00,2023-06-06 13:06:59,1.151,1.15,1.15,1.151,1.1503420069094874,1.1505,1.15,1.151,True,0.0012059999418824285,-0.00024772341067586337,0,1.1454834869160604,1.145836522491819,1.4402384030308326,0.0,1.136595689824837,1.1366516888601057,11.13166652453397,12.650434893222007,0,-2
2023-06-06 13:07:00,2023-06-06 13:07:59,1.15,1.149,1.149,1.151,1.1504210034547437,1.14975,1.149,1.151,True,0.0012627142317479694,-0.00033919768665291753,0,1.1456600047039398,1.1459986793273713,-5.236242555441933,-5.236242555441933,1.1367265784832963,1.1367745576276669,5.575620458022679,7.421111016356093,0,-2
2023-06-06 13:08:00,2023-06-06 13:08:59,1.15,1.149,1.149,1.15,1.150085501727372,1.1495,1.149,1.150085501727372,True,0.0012439489294802494,-0.00039488967831449425,0,1.1458293420156556,1.14615036932773,-9.687229861090444,-9.687229861090444,1.1368536772048554,1.1368962038204264,5.575620458022679,7.427635813526517,0,-2
2023-06-06 13:09:00,2023-06-06 13:09:59,1.149,1.149,1.148,1.15,1.149792750863686,1.149,1.148,1.15,True,0.0012979525773745176,-0.0004243021531793209,0,1.1459898556716928,1.1462893474286797,-12.654554731522786,-12.654554731522786,1.1369745361381405,1.1370166396033077,1.1842378929335004e-13,3.7170803053485666,0,-2
2023-06-06 13:10:00,2023-06-06 13:10:59,1.149,1.147,1.147,1.149,1.149396375431843,1.1480000000000001,1.147,1.149396375431843,True,0.0013480988218477663,-0.0005718536747977311,0,1.1461396015501863,1.1464105027607916,-20.37397331160401,-20.37397331160401,1.1370842422462186,1.1371159765226777,1.1842378929335004e-13,1.8585401526743794,0,-2
2023-06-06 13:11:00,2023-06-06 13:11:59,1.147,1.147,1.146,1.147,1.1486981877159215,1.14675,1.146,1.1486981877159215,True,0.0013232346202872198,-0.0006510844486530072,0,1.146275052155489,1.1465082185179034,-25.520252364991496,-25.520252364991496,1.137180418940286,1.1372143250149893,1.1842378929335004e-13,1.925373440927716e-13,0,-2
2023-06-06 13:12:00,2023-06-06 13:12:59,1.147,1.146,1.146,1.147,1.1477240938579607,1.1465,1.146,1.1477240938579607,True,0.001300146433123855,-0.0007500949011306104,0,1.146391635336696,1.1465850944328995,-30.28967380796827,-30.28967380796827,1.137273151090134,1.1373017446665814,1.1842378929335004e-13,1.925373440927716e-13,-1,-2
2023-06-06 13:13:00,2023-06-06 13:13:59,1.147,1.147,1.146,1.147,1.1471120469289804,1.14675,1.146,1.1471120469289804,True,0.0012787074021864448,-0.0007190806522043982,0,1.1464883648847977,1.1466467508089742,-25.87749117027831,-25.87749117027831,1.1373674480942122,1.1373982447196502,2.176948670007976,0.7256495566694784,0,-2
2023-06-06 13:14:00,2023-06-06 13:14:59,1.147,1.147,1.146,1.147,1.1469310234644903,1.14675,1.146,1.147,True,0.0012587997306017069,-0.000672791349298418,0,1.146567557846886,1.146696001706714,-22.936036078485007,-22.936036078485007,1.137460806819643,1.137493784573186,4.53194865481679,2.2362991082750354,0,-2
2023-06-06 13:15:00,2023-06-06 13:15:59,1.146,1.147,1.146,1.147,1.146840511732245,1.1465,1.146,1.147,True,0.0012403140355587358,-0.0006176061167672572,0,1.1466317797768,1.1467334325047172,-20.975066017289468,-20.975066017289468,1.1375507490403431,1.137588373781413,5.523029904524756,4.0773090764499145,0,-2
2023-06-06 13:16:00,2023-06-06 13:16:59,1.146,1.145,1.145,1.146,1.1466702558661226,1.1455,1.145,1.1466702558661226,True,0.001294577318733112,-0.0006952816183523963,-1,1.1466826061407587,1.146754439376526,-24.79670724309593,-24.79670724309593,1.1376298460648173,1.137662121305976,3.346081234516898,4.467019931286222,0,-2
2023-06-06 13:17:00,2023-06-06 13:17:59,1.145,1.146,1.145,1.146,1.1460851279330613,1.1455,1.145,1.1460851279330613,True,0.001273536081680739,-0.0006485187408325655,0,1.1467185227586423,1.1467623714462587,-21.329659164383475,-21.329659164383475,1.1377081560542222,1.1377450852730808,0.9910812497080848,3.286730796249987,0,-2
2023-06-06 13:18:00,2023-06-06 13:18:59,1.145,1.144,1.143,1.145,1.1457925639665305,1.14425,1.143,1.1457925639665305,True,0.0013968549329892498,-0.000728057679256069,0,1.1467404471024505,1.1467513788806023,-23.105635036962397,-23.105635036962397,1.137773249028807,1.1378073232305626,1.1857181902996672e-13,1.445720828075108,0,-2
2023-06-06 13:19:00,2023-06-06 13:19:59,1.143,1.143,1.143,1.144,1.1450212819832652,1.14325,1.143,1.1450212819832652,True,0.0013685081520614384,-0.000815923377887959,0,1.1467459129915263,1.1467187011736404,-25.62208740918607,-25.62208740918607,1.1378277440633462,1.137858991656129,1.1857181902996672e-13,0.3303604165695148,0,-2
2023-06-06 13:20:00,2023-06-06 13:20:59,1.143,1.143,1.143,1.144,1.1441356409916326,1.14325,1.143,1.1441356409916326,True,0.0013421861411998992,-0.0008353240429725674,0,1.1467323070825832,1.1466691748062474,-27.29972232400185,-27.29972232400185,1.1378816968587357,1.1379101459680083,1.1857181902996672e-13,1.9273471707492718e-13,0,-2
2023-06-06 13:21:00,2023-06-06 13:21:59,1.143,1.143,1.143,1.144,1.1436928204958163,1.14325,1.143,1.144,True,0.0013177442739713272,-0.0008082251233757046,0,1.1467007409444152,1.1466067231735573,-28.4181456005457,-28.4181456005457,1.13793511281039,1.1379607912817595,1.2196584211920833e-13,1.9386605810467437e-13,0,-2
2023-06-06 13:22:00,2023-06-06 13:22:59,1.144,1.144,1.143,1.144,1.1434714102479082,1.14375,1.143,1.144,True,0.0012950482544019388,-0.0006823885052182093,0,1.1466537320589862,1.1465379544049483,-23.024620816289683,-23.024620816289683,1.137992972384416,1.1380208829107967,7.1201869523093,2.373395650769921,0,-1
2023-06-06 13:23:00,2023-06-06 13:23:59,1.144,1.143,1.143,1.144,1.1436107051239541,1.1435,1.143,1.144,True,0.0012739733790875067,-0.0006343935031652558,0,1.1465958432319674,1.1464629686718244,-22.13627244039038,-22.13627244039038,1.1380477686790984,1.1380704263644206,15.306560069952669,7.475582340754104,0,-1
2023-06-06 13:24:00,2023-06-06 13:24:59,1.143,1.142,1.141,1.143,1.143555352561977,1.14225,1.141,1.143555352561977,True,0.0013258324234383992,-0.0006378446219788554,0,1.146529405951896,1.1463750264313592,-23.570944554342972,-23.570944554342972,1.1380895819260726,1.1381095265996004,16.902402232893447,13.109716418385213,0,-2
2023-06-06 13:25:00,2023-06-06 13:25:59,1.142,1.141,1.141,1.142,1.1429026762809884,1.1415,1.141,1.1429026762809884,True,0.0013025586789070771,-0.0006733609056475572,0,1.1464522161916277,1.146272341021241,-26.078777511842766,-26.078777511842766,1.138123516434271,1.1381382875289576,9.78221528058427,13.99705919447687,0,-2
2023-06-06 13:26:00,2023-06-06 13:26:59,1.141,1.141,1.141,1.142,1.1422013381404943,1.1412499999999999,1.141,1.1422013381404943,True,0.0012809473446994209,-0.0006583428980118451,0,1.1463622786064345,1.1461570374752217,-27.750666150175963,-27.750666150175963,1.138154625723482,1.1381667622799132,1.595842162940901,9.426819892139616,0,-2
2023-06-06 13:27:00,2023-06-06 13:27:59,1.142,1.142,1.141,1.142,1.141725669070247,1.14175,1.141,1.142,True,0.001260879677220883,-0.000541680927854699,0,1.1462596580408282,1.1460360212187488,-22.878663138763237,-22.878663138763237,1.138190400591905,1.1382049039487698,11.38758061742515,7.58854602031685,0,-1
2023-06-06 13:28:00,2023-06-06 13:28:59,1.141,1.141,1.141,1.141,1.1417378345351237,1.141,1.141,1.1417378345351237,True,0.0012422454145622406,-0.0005007993888693333,0,1.1461478396297886,1.1459061918077778,-22.210761570643847,-22.210761570643847,1.138218356804921,1.1382327158497771,18.658558298665568,10.54732702634395,0,-1
2023-06-06 13:29:00,2023-06-06 13:29:59,1.141,1.141,1.141,1.141,1.1413689172675618,1.141,1.141,1.1413689172675618,True,0.0011535135992363661,-0.00044135865588797825,0,1.1460270157187833,1.1457703145061193,-21.765493858564252,-21.765493858564252,1.138246034846663,1.138260251015451,29.588117596951662,19.87808550434754,0,-1
2023-06-06 13:30:00,2023-06-06 13:30:59,1.141,1.142,1.141,1.142,1.141184458633781,1.1415,1.141,1.142,True,0.0011425483421480464,-0.0003032955893205343,0,1.1458986651124514,1.145634038452113,-15.98401332303358,-15.98401332303358,1.1382784126093828,1.138297462448133,47.72816080397562,31.991612233197696,0,-1
2023-06-06 13:31:00,2023-06-06 13:31:59,1.141,1.142,1.141,1.142,1.1413422293168904,1.1415,1.141,1.142,True,0.0011323663177088925,-0.0001886757793103785,0,1.1457663517822823,1.1454983834562344,-12.129692966013131,-12.129692966013131,1.1383104682053093,1.1383343036178033,73.79051645606854,50.36893161899869,0,-1
2023-06-06 13:32:00,2023-06-06 13:32:59,1.141,1.14,1.139,1.141,1.1414211146584452,1.14025,1.139,1.1414211146584452,True,0.001265768723586821,-0.0002311937629208775,0,1.1456323676192584,1.145355571831992,-15.647920606135713,-15.647920606135713,1.138329767029137,1.1383508777111584,78.94810362650004,66.82226029551481,0,-2
2023-06-06 13:33:00,2023-06-06 13:33:59,1.14,1.14,1.14,1.14,1.1408355573292226,1.14,1.14,1.1408355573292226,True,0.0011753566719020481,-0.00023587685340726357,0,1.1454939697256252,1.1452063903176608,-17.993405699550763,-17.993405699550763,1.138346386262678,1.1383672868881618,62.568576543277636,71.76906554194882,0,-1
2023-06-06 13:34:00,2023-06-06 13:34:59,1.139,1.14,1.139,1.14,1.1404177786646112,1.1395,1.139,1.1404177786646112,True,0.0011628311953376083,-0.00021550316100556405,0,1.145350180021643,1.1450497867561706,-19.55706242849413,-19.55706242849413,1.1383578650063328,1.1383835327897722,36.737220785606326,59.41796698512807,0,-1
2023-06-06 13:35:00,2023-06-06 13:35:59,1.139,1.138,1.138,1.14,1.1399588893323056,1.13875,1.138,1.14,True,0.0012226289670992077,-0.00031663524387980525,0,1.1451999833889068,1.1448832684341317,-24.324662685861327,-24.324662685861327,1.1383617668470658,1.1383797165431078,20.650074316888716,39.98529054859096,0,-2
2023-06-06 13:36:00,2023-06-06 13:36:59,1.139,1.139,1.138,1.139,1.1393544446661528,1.13875,1.138,1.1393544446661528,True,0.001206726898020701,-0.00028555266469067284,0,1.1450416259115193,1.144710086644162,-21.993659033406903,-21.993659033406903,1.138365629863513,1.1383858885178033,7.501977575662127,21.629757559385794,0,-1
2023-06-06 13:37:00,2023-06-06 13:37:59,1.139,1.139,1.139,1.139,1.1390522223330763,1.139,1.139,1.1390522223330763,True,0.0011205321195906508,-0.00023849002360104652,0,1.1448758562778405,1.144534562136147,-20.439656598437285,-20.439656598437285,1.1383719420041745,1.1383919990798153,11.564117768440497,13.238723220330519,0,-1
2023-06-06 13:38:00,2023-06-06 13:38:59,1.139,1.138,1.137,1.139,1.139026111166538,1.13825,1.137,1.139026111166538,True,0.0011833512539056045,-0.0002513908569503182,0,1.1447052092069936,1.14435325167693,-21.81099774731472,-21.81099774731472,1.138370728650899,1.138388098591459,14.654893548806973,11.240329630969937,0,-2
2023-06-06 13:39:00,2023-06-06 13:39:59,1.137,1.137,1.137,1.138,1.138638055583269,1.1372499999999999,1.137,1.138638055583269,True,0.0011702547357694821,-0.00030207025699958544,0,1.1445292304419616,1.144161768816744,-24.5036213223963,-24.5036213223963,1.1383595771220343,1.1383742866651758,14.654893548806973,13.624634955351551,0,-2
2023-06-06 13:40:00,2023-06-06 13:40:59,1.138,1.138,1.137,1.138,1.1379440277916344,1.13775,1.137,1.138,True,0.0011580936832145112,-0.00023726322219950937,0,1.144345499629353,1.1439670214615258,-20.945590685790908,-20.945590685790908,1.138353511678034,1.138370562419751,20.734835317635056,16.68154080508307,0,-1
2023-06-06 13:41:00,2023-06-06 13:41:59,1.138,1.137,1.137,1.138,1.1378470138958172,1.1375,1.137,1.138,True,0.0011468012772706097,-0.00023745586419047148,0,1.1441562605454394,1.1437693248545082,-20.916746581510594,-20.916746581510594,1.138345019024521,1.1383569249827385,32.89781805854298,22.762515641661736,0,-1
2023-06-06 13:42:00,2023-06-06 13:42:59,1.138,1.141,1.138,1.141,1.1376735069479085,1.1395,1.138,1.141,True,0.001350601186036995,6.358068811988717e-05,0,1.1439627926999738,1.1435843848167053,-9.497944925235913,-0.0,1.1383565113725358,1.1383832242366416,66.23115139187631,39.95460158935151,0,-1
2023-06-06 13:43:00,2023-06-06 13:43:59,1.14,1.14,1.14,1.141,1.1385867534739542,1.14025,1.14,1.141,True,0.0013255582441772176,0.00020289426094753866,0,1.1437735887583396,1.143415902798492,-4.555738965813511,-0.0,1.138375352055396,1.13839931155767,81.92042518794118,60.34979821278688,0,-1
2023-06-06 13:44:00,2023-06-06 13:44:59,1.14,1.14,1.14,1.141,1.1394183767369772,1.14025,1.14,1.141,True,0.0013023040838788529,0.0002996342543648018,0,1.1435947457784157,1.1432615342606638,-1.260934992865245,-0.0,1.1383940052687753,1.1384152388058524,100.0000000000001,82.71719219327258,0,-1
2023-06-06 13:45:00,2023-06-06 13:45:59,1.141,1.14,1.14,1.141,1.1398341883684886,1.1404999999999998,1.14,1.141,True,0.0012807109350303715,0.0003640164983618201,0,1.1434281400195396,1.1431210517633983,0.9356009891002657,0.0,1.1384149604402303,1.1384310075739534,100.0000000000001,93.97347506264718,0,-1
2023-06-06 13:46:00,2023-06-06 13:46:59,1.141,1.14,1.14,1.141,1.1401670941842443,1.1404999999999998,1.14,1.141,True,0.0012606601539567816,0.0004039935228018275,0,1.1432745958914687,1.142992465702852,2.3999583104106037,0.0,1.1384357071025166,1.1384466194388891,100.0000000000001,100.00000000000016,0,-1
2023-06-06 13:47:00,2023-06-06 13:47:59,1.14,1.139,1.139,1.14,1.140333547092122,1.1395,1.139,1.140333547092122,True,0.0012420415715312892,0.0003571659290549085,0,1.1431335307971602,1.1428672669642548,-0.4557084762303276,-0.0,1.138446297081596,1.138452125713129,93.30961905514341,97.76987301838125,0,-1
2023-06-06 13:48:00,2023-06-06 13:48:59,1.139,1.139,1.139,1.14,1.139916773546061,1.1392499999999999,1.139,1.14,True,0.001224752887850475,0.0003243072562826516,0,1.1430003988807074,1.1427438788186748,-2.359486333990951,-0.0,1.1384542941255602,1.1384575771985705,85.10992107110837,92.80651337541734,0,-1
2023-06-06 13:49:00,2023-06-06 13:49:59,1.139,1.139,1.138,1.139,1.1395833867730305,1.13875,1.138,1.1395833867730305,True,0.0012086991101468777,0.00030142572465463114,0,1.142872138849691,1.1426193322078755,-3.6286715724980354,-0.0,1.1384572364725696,1.1384629744403758,73.98756707191626,84.13570239938939,0,-1
2023-06-06 13:50:00,2023-06-06 13:50:59,1.138,1.138,1.138,1.138,1.1391666933865152,1.138,1.138,1.1391666933865152,True,0.0011937920308506802,0.0002169585020687277,0,1.1427457355287831,1.1424895822538645,-8.334732698241844,-0.0,1.138452686855927,1.1384583677295264,65.60036957767748,74.89928590690074,0,-2
2023-06-06 13:51:00,2023-06-06 13:51:59,1.138,1.139,1.138,1.139,1.1385833466932576,1.1385,1.138,1.139,True,0.0011799497429327824,0.0002332552900946509,0,1.1426176588913237,1.1423600564255516,-6.036367189155108,-0.0,1.13845315763348,1.138463757105352,63.56123807482111,67.716391574805,0,-1
2023-06-06 13:52:00,2023-06-06 13:52:59,1.138,1.138,1.137,1.138,1.1385416733466287,1.13775,1.137,1.1385416733466287,True,0.0012385247612947264,0.0001764437209637866,0,1.1424888576584376,1.1422264499403065,-8.131815362056777,-0.0,1.138446161040112,1.1384591426067912,60.497661132432974,63.2197562616439,0,-2
2023-06-06 13:53:00,2023-06-06 13:53:59,1.137,1.137,1.137,1.137,1.1381458366733144,1.137,1.137,1.1381458366733144,True,0.0012214872783450953,7.462801305091428e-05,0,1.142357653799372,1.1420854016101374,-12.190542654350438,-0.0,1.1384317713780212,1.1384446237748829,54.45150666237163,59.50346862320862,0,-2
2023-06-06 13:54:00,2023-06-06 13:54:59,1.137,1.137,1.137,1.137,1.1375729183366572,1.137,1.137,1.1375729183366572,True,0.0011342381870347313,1.6736656153337444e-05,0,1.1422215277047547,1.1419394620046688,-14.896360849212883,-0.0,1.138417524896648,1.1384302494089635,43.56660324010625,52.83859034497033,0,-2
2023-06-06 13:55:00,2023-06-06 13:55:59,1.137,1.138,1.136,1.138,1.1372864591683287,1.1372499999999999,1.136,1.138,True,0.0011960783165322504,5.838704400773021e-05,0,1.1420804948547116,1.1417923880305199,-11.220217219235273,-0.0,1.1384059077334971,1.138425968320317,29.428634932761426,42.482248278413145,0,-1
2023-06-06 13:56:00,2023-06-06 13:56:59,1.137,1.138,1.137,1.138,1.1372682295841643,1.1375,1.137,1.138,True,0.0011820727224942248,9.385744526903728e-05,0,1.1419364414426156,1.1416471453096684,-8.769454799250205,-0.0,1.1383968937261986,1.1384217298295676,27.23979062786974,33.411676266912515,0,-1
2023-06-06 13:57:00,2023-06-06 13:57:59,1.138,1.138,1.137,1.138,1.137384114792082,1.13775,1.137,1.138,True,0.0011690675280303438,0.00012358651074137277,0,1.141791793376142,1.141506056132808,-7.135613185926829,-0.0,1.1383904569727041,1.1384175335128555,30.050419969432806,28.906281843354705,0,-1
2023-06-06 13:58:00,2023-06-06 13:58:59,1.138,1.138,1.137,1.138,1.137567057396041,1.13775,1.137,1.138,True,0.0011569912760281686,0.00014806707860761498,0,1.141648924754475,1.141369205092139,-6.046385443711237,-0.0,1.138384084266508,1.1384133789505384,40.06121565076415,32.45047541602228,0,-1
2023-06-06 13:59:00,2023-06-06 13:59:59,1.138,1.137,1.137,1.138,1.1376585286980205,1.1375,1.137,1.138,True,0.0011457776134547201,9.924203382586901e-05,0,1.141509064923307,1.1412349144437073,-10.341549945185555,-0.0,1.1383752874081348,1.1383993154783938,41.787440051449934,37.29969189054901,0,-2
2023-06-06 14:00:00,2023-06-06 14:00:59,1.136,1.136,1.135,1.137,1.1375792643490104,1.1360000000000001,1.135,1.1375792643490104,True,0.0012067934982079548,5.052783475298708e-06,0,1.1413719896835073,1.1410932693915548,-16.12053428233235,-0.0,1.1383516527075563,1.1383754416925391,26.767210285710334,36.20528866264152,0,-2
2023-06-06 14:01:00,2023-06-06 14:01:59,1.135,1.136,1.135,1.136,1.1367896321745052,1.1355,1.135,1.1367896321745052,True,0.0011920225340502357,-4.5673730228738786e-05,0,1.141232629537531,1.1409433754695921,-19.973190507096884,-19.973190507096884,1.1383232780537498,1.1383518054567925,11.746980519970734,26.76721028571038,0,-2
2023-06-06 14:02:00,2023-06-06 14:02:59,1.135,1.134,1.134,1.136,1.1361448160872527,1.13475,1.134,1.1361448160872527,True,0.0012497352101895048,-0.00020309102504465827,0,1.1410880025035615,1.14078286978853,-25.873188046661276,-25.873188046661276,1.1382877230482398,1.1383085039099587,9.473903143468003e-14,12.838063601893767,0,-2
2023-06-06 14:03:00,2023-06-06 14:03:59,1.135,1.134,1.134,1.135,1.1354474080436263,1.1345,1.134,1.1354474080436263,True,0.0012318969808902626,-0.0002849450262897362,0,1.1409354361460458,1.1406133953686988,-29.806519739704207,-29.806519739704207,1.1382500342616901,1.1382656332242875,9.473903143468003e-14,3.9156601733236873,0,-2
2023-06-06 14:04:00,2023-06-06 14:04:59,1.134,1.134,1.134,1.135,1.1349737040218133,1.13425,1.134,1.135,True,0.0012153329108266805,-0.00031380475110270325,0,1.1407744157573723,1.140436307306645,-32.428740868399494,-32.428740868399494,1.1382102329257529,1.1382231891126031,9.473903143468003e-14,1.4112168224124212e-13,0,-2
2023-06-06 14:05:00,2023-06-06 14:05:59,1.134,1.132,1.132,1.135,1.1346118520109068,1.1332499999999999,1.132,1.135,True,0.0013428091314819258,-0.00044373683403712964,0,1.1406053615320086,1.1402475789194935,-35.9692743131495,-35.9692743131495,1.1381608773742529,1.1381612668328758,9.473903143468003e-14,1.4112168224124212e-13,0,-2
2023-06-06 14:06:00,2023-06-06 14:06:59,1.133,1.132,1.132,1.133,1.1339309260054533,1.1324999999999998,1.132,1.1339309260054533,True,0.0013183227649475105,-0.0004953142797493692,0,1.1404264702257512,1.1400458351023743,-38.32962994298283,-38.32962994298283,1.1381045502362006,1.1380999606952351,9.473903143468003e-14,1.4112168224124212e-13,0,-2
2023-06-06 14:07:00,2023-06-06 14:07:59,1.133,1.132,1.132,1.133,1.1332154630027267,1.1324999999999998,1.132,1.1332154630027267,True,0.001295585424594125,-0.0004931086554587597,0,1.1402361526640628,1.1398352283228421,-39.903200362871715,-39.903200362871715,1.1380487835671838,1.1380392645689144,9.473903143468003e-14,1.4112168224124212e-13,0,-2
2023-06-06 14:08:00,2023-06-06 14:08:59,1.133,1.132,1.132,1.133,1.1328577315013633,1.1324999999999998,1.132,1.133,True,0.001274472179980267,-0.0004554245826640076,0,1.1400356904934525,1.1396190886571533,-40.95224730946431,-40.95224730946431,1.137993571790396,1.137979172384149,9.473903143468003e-14,1.4112168224124212e-13,0,-2
2023-06-06 14:09:00,2023-06-06 14:09:59,1.132,1.132,1.132,1.133,1.1326788657506817,1.13225,1.132,1.133,True,0.0012548670242673989,-0.0003957509944598294,0,1.139827389575303,1.1393983605933802,-41.65161194052604,-41.65161194052604,1.1379364218223322,1.1379196781315704,9.473903143468003e-14,1.4112168224124212e-13,0,-1
2023-06-06 14:10:00,2023-06-06 14:10:59,1.132,1.132,1.131,1.133,1.1324644328753408,1.132,1.131,1.133,True,0.001308090808248299,-0.00032389360964991303,0,1.1396128750843417,1.1391738192149146,-42.117855027900525,-42.117855027900525,1.1378773529484782,1.1378607758616044,9.473903143468003e-14,1.4112168224124212e-13,0,-1
2023-06-06 14:11:00,2023-06-06 14:11:59,1.132,1.131,1.131,1.132,1.1322322164376704,1.1315,1.131,1.1322322164376704,True,0.001286084321944841,-0.0003154278999693066,0,1.1393933471496283,1.1389443856478898,-43.342342804674885,-43.342342804674885,1.1378138967002347,1.1377925094351207,9.473903143468003e-14,1.4112168224124212e-13,0,-2
2023-06-06 14:12:00,2023-06-06 14:12:59,1.132,1.131,1.131,1.132,1.1318661082188353,1.1315,1.131,1.132,True,0.0012656497275202016,-0.000279240529011209,0,1.1391688663987591,1.1387126745846723,-44.15866798919113,-44.15866798919113,1.1377510718574464,1.1377249222765622,9.473903143468003e-14,1.4112168224124212e-13,0,-1
2023-06-06 14:13:00,2023-06-06 14:13:59,1.132,1.131,1.131,1.132,1.1316830541094176,1.1315,1.131,1.132,True,0.0012466747469830363,-0.00022629909161448955,0,1.1389407704917158,1.1384807602169955,-44.70288477886863,-44.70288477886863,1.1376888721374718,1.1376580076270442,9.473903143468003e-14,1.4112168224124212e-13,0,-1
2023-06-06 14:14:00,2023-06-06 14:14:59,1.132,1.132,1.132,1.133,1.1315915270547088,1.13225,1.132,1.133,True,0.0013004836936271053,-9.596170340492056e-05,0,1.1387107653543558,1.138255422763082,-32.124164706073266,-32.124164706073266,1.1376347540067506,1.1376017090436905,31.433378585774012,10.477792861924781,0,-1
2023-06-06 14:15:00,2023-06-06 14:15:59,1.133,1.133,1.132,1.133,1.1319207635273543,1.13275,1.132,1.133,True,0.0012790205726537485,7.871932570178378e-05,0,1.138483094058719,1.1380402399459315,-17.52484652352127,-0.0,1.1375861494892705,1.137555920894002,64.76671191910735,32.06669683496053,0,-1
2023-06-06 14:16:00,2023-06-06 14:16:59,1.133,1.133,1.132,1.133,1.132335381763677,1.13275,1.132,1.133,True,0.0012590905317499174,0.00020552710447237568,0,1.1382616670023253,1.1378345283286833,-7.791967735153271,-0.0,1.13753802859883,1.1375105883477932,98.10004525244068,64.7667119191074,0,-1
2023-06-06 14:17:00,2023-06-06 14:17:59,1.132,1.132,1.132,1.133,1.1325426908818383,1.13225,1.132,1.133,True,0.00124058406519636,0.00022678296788984078,0,1.1380480976655043,1.1376342543224538,-7.887669131549963,-0.0,1.1374854113988415,1.1374557566229395,94.46123771376199,85.77599829510338,0,-1
2023-06-06 14:18:00,2023-06-06 14:18:59,1.133,1.133,1.132,1.133,1.1323963454409192,1.13275,1.132,1.133,True,0.0012233994891109135,0.00031561454119846764,0,1.137841175993979,1.1374430660100197,-2.5766039050009937,-0.0,1.13743829287746,1.137411420736144,94.46123771376199,95.67417355998826,0,-1
2023-06-06 14:19:00,2023-06-06 14:19:59,1.133,1.133,1.132,1.133,1.1325731727204595,1.13275,1.132,1.133,True,0.001207442382745856,0.00037506080562492786,0,1.1376421210019994,1.1372603426833519,0.9641062460316476,0.0,1.1373916431970872,1.1373675260024512,94.46123771376199,94.46123771376203,0,-1
2023-06-06 14:20:00,2023-06-06 14:20:59,1.133,1.133,1.132,1.133,1.1326615863602298,1.13275,1.132,1.133,True,0.0011926250696925884,0.00041222720818273866,0,1.1374512318426757,1.1370855375758495,3.3245796800534038,3.3245796800534038,1.1373454576926385,1.1373240680322776,100.00000000000007,96.30749180917472,0,-1
2023-06-06 14:21:00,2023-06-06 14:21:59,1.132,1.133,1.132,1.134,1.132705793180115,1.1327499999999997,1.132,1.134,True,0.0012502947075716893,0.0004326472783673838,0,1.1372683847092626,1.136918165886918,4.898228636067913,4.898228636067913,1.137299731745448,1.1372810424797175,99.99999999999727,98.15374590458647,0,-1
2023-06-06 14:22:00,2023-06-06 14:22:59,1.134,1.134,1.133,1.134,1.1327278965900573,1.13375,1.133,1.134,True,0.0012324165141737037,0.0005091885782200138,0,1.1370932752980902,1.1367646559919486,11.056828399519866,11.056828399519866,1.137264411031563,1.1372483952908645,99.99999999999727,99.99999999999824,0,2
2023-06-06 14:23:00,2023-06-06 14:23:59,1.134,1.133,1.133,1.134,1.1332389482950287,1.1335,1.133,1.134,True,0.0012158153345898598,0.00048060323745939245,0,1.1369289656450194,1.1366213975601154,7.707790538474633,7.707790538474633,1.1372269542053783,1.1372061227009056,97.62714630338881,99.2090487677945,0,2
2023-06-06 14:24:00,2023-06-06 14:24:59,1.134,1.133,1.133,1.134,1.1333694741475142,1.1335,1.133,1.134,True,0.001200399953547719,0.0004531204990673697,0,1.1367751816025673,1.1364871930824962,5.475098631111145,5.475098631111145,1.1371898700839318,1.1371642707337324,95.25429260678315,97.6271463033898,0,2
2023-06-06 14:25:00,2023-06-06 14:25:59,1.132,1.133,1.132,1.133,1.133434737073757,1.1324999999999998,1.132,1.133434737073757,True,0.0011860856711514614,0.0004268447571561288,0,1.1366311873425317,1.136354176568676,3.986637359535486,3.986637359535486,1.1371432047099623,1.1371228352040434,84.38728171609101,92.42290687542105,0,2
2023-06-06 14:26:00,2023-06-06 14:26:59,1.132,1.133,1.132,1.133,1.1329673685368784,1.1324999999999998,1.132,1.133,True,0.0011727938374977937,0.00040183221320731224,0,1.1364926819556038,1.1362230079818525,2.994329845151711,0.0,1.137097003668072,1.1370818119681823,75.89312452200734,85.17823294829388,0,2
2023-06-06 14:27:00,2023-06-06 14:27:59,1.132,1.133,1.132,1.133,1.1327336842684392,1.1324999999999998,1.132,1.133,True,0.0011604514205336737,0.00037810332499466754,0,1.1363578449687282,1.1360941942369478,2.332791502229199,0.0,1.1370512623380415,1.1370411969237226,61.87591287162627,74.05210636990824,0,2
2023-06-06 14:28:00,2023-06-06 14:28:59,1.132,1.132,1.132,1.132,1.1326168421342195,1.132,1.132,1.1326168421342195,True,0.0011489906047812764,0.00028708099804318184,0,1.136226019602838,1.135964687743193,-5.441953553146526,-0.0,1.137001001021245,1.1369910357603026,46.42302383866798,61.39735374410056,0,1
2023-06-06 14:29:00,2023-06-06 14:29:59,1.132,1.132,1.132,1.133,1.1323084210671097,1.13225,1.132,1.133,True,0.001138348418725479,0.00022474084456501663,0,1.1360953536730154,1.1358372396615357,-10.625116923397009,-0.0,1.1369537273792425,1.1369413737129364,37.26601012874503,48.52164894634646,0,1
2023-06-06 14:30:00,2023-06-06 14:30:59,1.132,1.132,1.132,1.133,1.1322792105335548,1.13225,1.132,1.133,True,0.0011284663888165242,0.0001833766161016717,0,1.1359662966672754,1.1357122866115754,-14.080559170230664,-0.0,1.1369069241217375,1.1368922058152953,33.63205087511949,39.1070282808442,0,1
2023-06-06 14:31:00,2023-06-06 14:31:59,1.132,1.132,1.132,1.132,1.1322646052667773,1.132,1.132,1.1322646052667773,True,0.001047861646758201,0.00015713174432824511,0,1.1358392916394253,1.1355884399625564,-16.384187334786432,-0.0,1.1368580990060984,1.1368435271504664,29.778033222868384,33.558698075577674,0,1
2023-06-06 14:32:00,2023-06-06 14:32:59,1.132,1.132,1.132,1.133,1.1321323026333885,1.13225,1.132,1.133,True,0.0010444429577040517,0.00014158379905029514,0,1.1357138658009907,1.1354680293763644,-17.919939444490282,-0.0,1.1368122472746944,1.1367953328504619,28.262773426759775,30.557619174915917,0,1
2023-06-06 14:33:00,2023-06-06 14:33:59,1.132,1.132,1.132,1.132,1.1321911513166942,1.132,1.132,1.1321911513166942,True,0.0009698398892966194,0.00013341865799844908,0,1.1355909475886774,1.1353494349054079,-18.94377418429285,-0.0,1.1367643642172347,1.136747618095731,21.580664255688728,26.540490301772333,0,2
2023-06-06 14:34:00,2023-06-06 14:34:59,1.133,1.133,1.132,1.133,1.132095575658347,1.13275,1.132,1.133,True,0.0009719941829182974,0.00019874692624350255,0,1.1354701912470426,1.1352382297565389,-6.305571456882738,-0.0,1.1367244202946751,1.1367103283634352,48.14610969127684,32.66318245790848,0,2
2023-06-06 14:35:00,2023-06-06 14:35:59,1.132,1.131,1.131,1.133,1.1324227878291735,1.13175,1.131,1.133,True,0.0010454231698527048,0.000102619056984258,0,1.1353542105017906,1.1351267441950346,-11.09144672281888,-0.0,1.136674923575325,1.1366535091757393,46.402279593461564,38.70968451347574,0,1
2023-06-06 14:36:00,2023-06-06 14:36:59,1.132,1.13,1.13,1.132,1.1320863939145869,1.1309999999999998,1.13,1.1320863939145869,True,0.0011136072291489402,-2.5175315301876732e-05,0,1.1352404773484126,1.1350106569746046,-16.789243284246652,-0.0,1.136618456674078,1.136587305104339,39.77508003181436,44.77448977218429,0,1
2023-06-06 14:37:00,2023-06-06 14:37:59,1.131,1.131,1.13,1.131,1.1315431969572933,1.13075,1.13,1.1315431969572933,True,0.001105492427066881,-3.052138496863438e-05,0,1.1351255671615086,1.1348900280516616,-14.4560155308152,-0.0,1.136560064070356,1.1365317100286738,10.050218838794445,32.07585948802349,0,-2
2023-06-06 14:38:00,2023-06-06 14:38:59,1.13,1.13,1.13,1.131,1.1311465984786466,1.13025,1.13,1.1311465984786466,True,0.001097957253704969,-9.355387726702933e-05,0,1.135007797606585,1.1347632205253537,-15.851610731305101,-0.0,1.1364972773631883,1.136466717889085,8.052817671947803e-14,16.60843295686966,0,-2
2023-06-06 14:39:00,2023-06-06 14:39:59,1.131,1.13,1.13,1.131,1.1306982992393233,1.1305,1.13,1.131,True,0.001090960307011765,-0.0001223282078455872,0,1.1348855090659695,1.1346341338415171,-16.7820075316317,-0.0,1.1364376029615646,1.1364023724374523,6.025481172720062,5.358566670504892,0,-2
2023-06-06 14:40:00,2023-06-06 14:40:59,1.131,1.13,1.13,1.131,1.1305991496196617,1.1305,1.13,1.131,True,0.0010844631422252183,-0.00012746195991018665,0,1.1347598214537433,1.1345041384328602,-17.402272065182764,-0.0,1.1363785223350813,1.1363386672390698,12.050962345440036,6.025481172720089,0,-2
2023-06-06 14:41:00,2023-06-06 14:41:59,1.131,1.131,1.13,1.131,1.1305495748098309,1.13075,1.13,1.131,True,0.0010784300606377106,-4.830132955316725e-05,0,1.1346319799433018,1.1343760347513765,-11.509728755089036,-0.0,1.1363225171377174,1.1362855461720145,24.408987917530368,14.161810478563519,0,-1
2023-06-06 14:42:00,2023-06-06 14:42:59,1.13,1.13,1.13,1.131,1.1306497874049155,1.13025,1.13,1.131,True,0.0010728279134493107,-5.525994910054229e-05,0,1.1345040073473391,1.1342468688357563,-11.74632998475051,-0.0,1.1362620940816206,1.1362230034240342,24.386263218570207,20.282071160513567,0,-2
2023-06-06 14:43:00,2023-06-06 14:43:59,1.131,1.13,1.13,1.131,1.1304498937024579,1.1305,1.13,1.131,True,0.001067625919631511,-4.8923223301449575e-05,0,1.1343754380915478,1.1341194680971411,-11.904064137858164,-0.0,1.1362047598121516,1.1361610829919542,30.658329916764938,26.48452701762187,0,-2
2023-06-06 14:44:00,2023-06-06 14:44:59,1.13,1.13,1.13,1.131,1.130474946851229,1.13025,1.13,1.131,True,0.0010627954968006968,-3.419528114164414e-05,0,1.1342474530943445,1.1339926159334826,-12.009220239929931,-0.0,1.1361455084707373,1.1360997786835765,27.2792590918696,27.441284075734945,0,-1
2023-06-06 14:45:00,2023-06-06 14:45:59,1.13,1.129,1.129,1.13,1.1303624734256146,1.1295,1.129,1.1303624734256146,True,0.0010583101041720677,-8.321901481759706e-05,0,1.1341200345139135,1.133861920209892,-15.862840472908502,-0.0,1.1360793840083419,1.1360291341195607,21.52535177066049,26.487646926431708,0,-2
2023-06-06 14:46:00,2023-06-06 14:46:59,1.129,1.13,1.129,1.13,1.1299312367128072,1.1295,1.129,1.13,True,0.0010541450967311977,-3.398036798761507e-05,0,1.1339909773619028,1.1337290951361914,-11.933535549821947,-0.0,1.1360139175007962,1.1359691427352865,9.476653052296493,19.42708797160889,0,-1
2023-06-06 14:47:00,2023-06-06 14:47:59,1.129,1.129,1.129,1.13,1.1297156183564034,1.1292499999999999,1.129,1.13,True,0.0010502775898218186,-6.0510177875261126e-05,0,1.1338600362490472,1.133593789665568,-13.00738610995392,-0.0,1.1359466148390966,1.1358997980314527,0.49769830510150115,10.499901042686192,0,-2
2023-06-06 14:48:00,2023-06-06 14:48:59,1.129,1.129,1.129,1.13,1.1294828091782017,1.1292499999999999,1.129,1.13,True,0.0010466863334059665,-6.616525945307011e-05,0,1.1337269129573075,1.1334574597004248,-13.72328648337524,-0.0,1.135879981855623,1.1358311433246722,0.24884915255078977,3.4077335033162917,0,-2
2023-06-06 14:49:00,2023-06-06 14:49:59,1.129,1.129,1.129,1.13,1.1293664045891008,1.1292499999999999,1.129,1.13,True,0.0010433515953055324,-5.796226362124175e-05,0,1.1335921863288663,1.1333212585120847,-14.200553398989456,-0.0,1.1358140118869104,1.1357631717493022,1.2245857934909983e-13,0.24884915255083462,0,-1
2023-06-06 14:50:00,2023-06-06 14:50:59,1.129,1.13,1.129,1.13,1.1293082022945504,1.1295,1.129,1.13,True,0.0010402550527837007,2.7498166549446692e-05,0,1.1334567224204755,1.1331878084614904,-8.12836929263009,-0.0,1.135751185897986,1.135705826756772,18.363268390304494,6.204039180951832,0,-1
2023-06-06 14:51:00,2023-06-06 14:51:59,1.129,1.128,1.128,1.129,1.129404101147275,1.1284999999999998,1.128,1.129404101147275,True,0.0011088082632991507,-4.6688286542025375e-05,0,1.133322265440983,1.1330505789467926,-11.532512315220359,-0.0,1.1356790347945236,1.1356291518636696,18.363268390304494,12.242178926869734,0,-2
2023-06-06 14:52:00,2023-06-06 14:52:59,1.128,1.128,1.128,1.128,1.1289520505736375,1.128,1.128,1.1289520505736375,True,0.001029607673063497,-8.354143355231115e-05,0,1.1331864221938877,1.1329078848421041,-13.80194099694721,-0.0,1.1356026264881105,1.1355532399048271,18.36326839030445,18.363268390304512,0,-2
2023-06-06 14:53:00,2023-06-06 14:53:59,1.129,1.129,1.128,1.129,1.1284760252868187,1.1287500000000001,1.128,1.129,True,0.0010274928392732551,-2.589500148587583e-05,0,1.1330471535179958,1.1327670132581926,-10.08487776541768,-0.0,1.1355344411499204,1.135488033537615,28.423278445652148,21.716605075420393,0,-1
2023-06-06 14:54:00,2023-06-06 14:54:59,1.128,1.128,1.128,1.128,1.1286130126434095,1.128,1.128,1.1286130126434095,True,0.0010255290650394591,-4.6840485445462723e-05,0,1.132907083388094,1.1326233972889848,-11.015906163510742,-0.0,1.1354594715862396,1.1354135257412208,45.39549832185413,30.72734838593694,0,-2
2023-06-06 14:55:00,2023-06-06 14:55:59,1.129,1.129,1.128,1.129,1.1283065063217048,1.1287500000000001,1.128,1.129,True,0.0010237055603937915,1.9561691897777757e-05,0,1.1327652403385393,1.132483751801811,-7.322296466076281,-0.0,1.1353927106749337,1.1353497095646912,78.72883165518746,50.84920280756461,0,-1
2023-06-06 14:56:00,2023-06-06 14:56:59,1.128,1.128,1.128,1.129,1.1285282531608525,1.12825,1.128,1.129,True,0.0010220123060799573,2.2806893343785446e-06,0,1.132624496070175,1.1323447598878829,-8.165536361900493,-0.0,1.1353216389269245,1.1352765781262366,76.91154741960497,67.01195913221555,0,-2
2023-06-06 14:57:00,2023-06-06 14:57:59,1.128,1.128,1.128,1.128,1.1283891265804262,1.128,1.128,1.1283891265804262,True,0.000949011427074246,2.3953597584657274e-07,0,1.1324846279790288,1.132205520903244,-8.72769629244997,-0.0,1.1352487867982983,1.1352041743637864,83.35805383647666,79.66614430375638,0,-2
2023-06-06 14:58:00,2023-06-06 14:58:59,1.129,1.129,1.129,1.129,1.128194563290213,1.129,1.129,1.129,True,0.0009526534679975222,7.671409276685005e-05,0,1.1323450744411363,1.132073903789072,-4.674743610717712,-0.0,1.1351866098152308,1.1351424412855398,83.35805383647666,81.20921836418613,0,-1
2023-06-06 14:59:00,2023-06-06 14:59:59,1.128,1.129,1.128,1.129,1.1285972816451064,1.1284999999999998,1.128,1.129,True,0.0009560353631405643,0.0001318212321125237,0,1.132209489115104,1.131945759928761,-1.9727751562295381,-0.0,1.1351200763842335,1.1350813224667782,84.81157190239934,83.84255985845091,0,2
2023-06-06 15:00:00,2023-06-06 15:00:59,1.128,1.128,1.128,1.129,1.1285486408225531,1.12825,1.128,1.129,True,0.0009591756943448177,0.00010185283697241253,0,1.1320776245219324,1.131819514522933,-4.484883932445577,-0.0,1.1350517174152361,1.1350108615467107,86.93267775873869,85.0341011658716,0,1
2023-06-06 15:01:00,2023-06-06 15:01:59,1.128,1.129,1.128,1.129,1.1283993204112766,1.1284999999999998,1.128,1.129,True,0.0009620917161773387,0.00015520259101268596,0,1.1319485695224327,1.1316973452272783,-1.6928640016647378,-0.0,1.134986526197174,1.1349510519790817,83.12158104262488,84.95527690125435,0,2
2023-06-06 15:02:00,2023-06-06 15:02:59,1.128,1.128,1.128,1.129,1.1284496602056382,1.12825,1.128,1.129,True,0.0009647994507361082,0.00012262853484633286,0,1.1318229573748555,1.131577508027253,-3.6529863981279362,-0.0,1.1349194960857594,1.1348818872827724,81.83751290608882,83.96392390248417,0,1
2023-06-06 15:03:00,2023-06-06 15:03:59,1.129,1.129,1.128,1.129,1.128349830102819,1.1287500000000001,1.128,1.129,True,0.0009673137756835371,0.00017290726099491397,0,1.1317002327010544,1.1314637596448849,-1.0569530443328077,-0.0,1.1348581080650055,1.1348233610411527,89.63101409000912,84.86336934624097,0,2
2023-06-06 15:04:00,2023-06-06 15:04:59,1.129,1.129,1.128,1.129,1.1285499150514096,1.1287500000000001,1.128,1.129,True,0.0009696485059918639,0.0002056417088847247,0,1.1315819961729696,1.1313555854663488,0.6737358581972828,0.0,1.134797330870329,1.134765417150196,93.44211080612293,88.30354593407365,0,2
2023-06-06 15:05:00,2023-06-06 15:05:59,1.128,1.129,1.128,1.129,1.1286499575257047,1.1284999999999998,1.128,1.129,True,0.0009718164698495959,0.00022522779233985772,0,1.1314687908196592,1.131250826821729,1.8275284598840074,0.0,1.134734670861669,1.134708049815368,96.8923676338163,93.32183084331615,0,2
2023-06-06 15:06:00,2023-06-06 15:06:59,1.129,1.129,1.129,1.129,1.1285749787628523,1.129,1.129,1.129,True,0.0009024010077174819,0.00023506596166673844,0,1.1313598088206942,1.131152906538423,2.5967235276751595,0.0,1.1346776094600604,1.1346512532997923,96.8923676338163,95.74228202458522,0,2
2023-06-06 15:07:00,2023-06-06 15:07:59,1.129,1.128,1.128,1.129,1.128787489381426,1.1284999999999998,1.128,1.129,True,0.0009093723643090983,0.0001692048826461008,0,1.1312563576795587,1.1310576114506163,-2.2429076193127386,-0.0,1.134616140709214,1.1345850716749188,89.34089140385034,94.37520889049436,0,1
2023-06-06 15:08:00,2023-06-06 15:08:59,1.129,1.129,1.128,1.129,1.128643744690713,1.1287500000000001,1.128,1.129,True,0.0009158457668584564,0.00019422555455563787,0,1.1311569845650875,1.1309667522892002,-0.05107422755733637,-0.0,1.1345577711499182,1.1345294988224321,88.65745730235513,91.63023878000729,0,2
2023-06-06 15:09:00,2023-06-06 15:09:59,1.128,1.129,1.128,1.129,1.1286968723453565,1.1284999999999998,1.128,1.129,True,0.0009218567835114317,0.0002079921519123571,0,1.1310618684271438,1.1308782936884336,1.410148033612927,0.0,1.1344974948200683,1.1344744789336518,79.87676679017314,85.95837183212622,0,2
2023-06-06 15:10:00,2023-06-06 15:10:59,1.129,1.128,1.128,1.129,1.1285984361726782,1.1284999999999998,1.128,1.129,True,0.0009274384418320518,0.00014495354583674198,0,1.1309700810577887,1.1307923319860227,-2.583748501416281,-0.0,1.1344378182546946,1.134410056257695,78.64755250795713,82.39392553349516,0,1
2023-06-06 15:11:00,2023-06-06 15:11:59,1.129,1.129,1.128,1.129,1.128549218086339,1.1287500000000001,1.128,1.129,True,0.0009326214102726275,0.00017199452761758197,0,1.1308812065219058,1.1307106411638088,-0.24608608278776956,-0.0,1.1343812230481802,1.134356224852146,79.15842157484468,79.22758029099168,0,2
2023-06-06 15:12:00,2023-06-06 15:12:59,1.129,1.128,1.128,1.129,1.1286496090431695,1.1284999999999998,1.128,1.129,True,0.0009374341666817335,0.00011863697105495181,0,1.1307959238428573,1.130631158055659,-2.8442197752876694,-0.0,1.13432270341586,1.1342929788337166,75.57480075303663,77.79359161194618,0,1
2023-06-06 15:13:00,2023-06-06 15:13:59,1.128,1.129,1.128,1.129,1.1285748045215847,1.1284999999999998,1.128,1.129,True,0.0009419031547759034,0.0001526441077991062,0,1.1307135409492581,1.1305539584349669,-0.40441890281542925,-0.0,1.1342647660684386,1.1342403123776597,71.99117993122859,75.57480075303668,0,2
2023-06-06 15:14:00,2023-06-06 15:14:59,1.129,1.128,1.128,1.129,1.1285374022607924,1.1284999999999998,1.128,1.129,True,0.0009460529294347753,0.00010421627014529315,0,1.1306337496921126,1.1304790862915064,-2.5107074717012807,-0.0,1.1342074052120363,1.1341782197171855,61.73424079522048,69.76674049316195,0,1
2023-06-06 15:15:00,2023-06-06 15:15:59,1.129,1.129,1.128,1.13,1.128518701130396,1.129,1.128,1.13,True,0.0010213348630465772,0.00014163871723203508,0,1.1305564179918095,1.1304099908214988,-0.17357998034826494,-0.0,1.1341555902348022,1.1341266951428852,74.09855212921052,69.27465761855325,0,2
2023-06-06 15:16:00,2023-06-06 15:16:59,1.13,1.13,1.129,1.13,1.128759350565198,1.12975,1.129,1.13,True,0.001019810944257528,0.00023265456308657455,0,1.1304832044066542,1.1303510632331293,4.2947074482130105,4.2947074482130105,1.1341117535160479,1.1340856334996725,86.46286346320056,74.09855212921057,0,2
2023-06-06 15:17:00,2023-06-06 15:17:59,1.13,1.13,1.129,1.13,1.1292546752825992,1.12975,1.129,1.13,True,0.0010183958768105537,0.0002852824833703847,0,1.1304171338198916,1.1303005451954034,7.2735657339205275,7.2735657339205275,1.1340683529835498,1.134044980430024,100.00000000000007,86.85380519747044,0,2
2023-06-06 15:18:00,2023-06-06 15:18:59,1.13,1.13,1.129,1.13,1.1295023376412996,1.12975,1.129,1.13,True,0.001017081885609792,0.00031026278109557283,0,1.1303588395076474,1.1302569946635033,9.259471257725544,9.259471257725544,1.1340253842971464,1.1340047318685313,100.00000000000004,95.48762115440029,1,2
2023-06-06 15:19:00,2023-06-06 15:19:59,1.13,1.13,1.129,1.131,1.12962616882065,1.13,1.129,1.131,True,0.00108729032235195,0.00031573992861381507,0,1.1303079170855752,1.130220943766769,10.583408273595545,10.583408273595545,1.1339853307220504,1.1339648837902374,100.00000000000004,100.00000000000011,0,2
2023-06-06 15:20:00,2023-06-06 15:20:59,1.13,1.13,1.129,1.131,1.129813084410325,1.13,1.129,1.131,True,0.0011524838707553822,0.00030784628598133504,0,1.130264430426172,1.1301910447330328,11.466032950842212,11.466032950842212,1.1339456756899902,1.133925432210235,100.00000000000004,100.00000000000011,0,2
2023-06-06 15:21:00,2023-06-06 15:21:59,1.131,1.131,1.13,1.131,1.1299065422051624,1.13075,1.13,1.131,True,0.0011415921657014344,0.00035973124904148287,0,1.1302277375796024,1.1301713400410653,16.015263005745226,16.015263005745226,1.1339138779219307,1.1338963234320236,100.00000000000007,100.00000000000011,0,2
2023-06-06 15:22:00,2023-06-06 15:22:59,1.131,1.13,1.13,1.131,1.1303282711025813,1.1305,1.13,1.131,True,0.0011314784395799113,0.0003102052082174725,0,1.1301995388103339,1.130158081355341,12.051606212589618,12.051606212589618,1.133879908987384,1.1338575540446403,94.41293210783026,98.13764403594352,0,1
2023-06-06 15:23:00,2023-06-06 15:23:59,1.131,1.131,1.13,1.131,1.1304141355512907,1.13075,1.13,1.131,True,0.0011220871224670685,0.00033397386678359384,0,1.1301788100828374,1.1301517038902142,13.24922813021012,13.24922813021012,1.1338487656143754,1.1338291206710618,91.83964650905061,95.41752620562704,0,2
2023-06-06 15:24:00,2023-06-06 15:24:59,1.131,1.131,1.13,1.131,1.1305820677756453,1.13075,1.13,1.131,True,0.0011133666137194288,0.0003349459359311661,0,1.1301652569865257,1.13015078781465,14.04764274195712,14.04764274195712,1.1338179321256752,1.1338009702166234,89.21821169191234,91.82359676959781,0,2
2023-06-06 15:25:00,2023-06-06 15:25:59,1.131,1.131,1.13,1.131,1.1306660338878225,1.13075,1.13,1.131,True,0.0011052689984537632,0.000320588817736198,0,1.1301580224005878,1.1301541778147484,14.579919149788452,14.579919149788452,1.1337874054378576,1.1337730998662092,92.18384476694389,91.080567655969,0,2
2023-06-06 15:26:00,2023-06-06 15:26:59,1.132,1.132,1.131,1.132,1.1307080169439112,1.1317499999999998,1.131,1.132,True,0.0010977497842784866,0.00036501353422691257,1,1.130156100107668,1.130167795822958,18.400282565088375,18.400282565088375,1.1337671327469336,1.1337554570814707,94.75713036572354,92.05306227485998,0,2
2023-06-06 15:27:00,2023-06-06 15:27:59,1.132,1.132,1.131,1.132,1.1312290084719554,1.1317499999999998,1.131,1.132,True,0.0010907676568300154,0.0003762805581428295,0,1.1301619479653129,1.1301893729798642,20.947191508621657,20.947191508621657,1.1337470617743273,1.1337379898468292,97.3785651828618,94.77318010517645,0,2
2023-06-06 15:28:00,2023-06-06 15:28:59,1.131,1.132,1.131,1.132,1.1314895042359776,1.1315,1.131,1.132,True,0.0010842842527707208,0.0003649899167924902,0,1.1301756604725886,1.1302153531224037,22.64513080431051,22.64513080431051,1.133724702950702,1.1337206964155175,93.33074391653992,95.15547982170847,0,2
2023-06-06 15:29:00,2023-06-06 15:29:59,1.131,1.133,1.131,1.133,1.1314947521179888,1.1320000000000001,1.131,1.133,True,0.0011496925204299553,0.00040759750772772336,0,1.130195506797496,1.1302480520468223,26.51933250518914,26.51933250518914,1.133707541727312,1.1337135253069055,91.22816112531898,93.97915674157362,0,2
2023-06-06 15:30:00,2023-06-06 15:30:59,1.132,1.132,1.132,1.133,1.1317473760589944,1.13225,1.132,1.133,True,0.0011390001975421092,0.0003453306394411935,0,1.1302217794221592,1.1302875316319352,20.90555253896295,20.90555253896295,1.1336930388245525,1.1336964753038516,91.22816112531898,91.92902205572602,0,1
2023-06-06 15:31:00,2023-06-06 15:31:59,1.132,1.132,1.132,1.133,1.1319986880294972,1.13225,1.132,1.133,True,0.0011290716120033952,0.0002860625015816919,0,1.1302546555270472,1.1303320788069593,17.16303256147883,17.16303256147883,1.1336786802292833,1.1336795949525695,97.89741720877912,93.45124648647243,0,1
2023-06-06 15:32:00,2023-06-06 15:32:59,1.133,1.133,1.132,1.133,1.1321243440147486,1.13275,1.132,1.133,True,0.001119852211146018,0.0002994985409284076,0,1.1302933671670032,1.1303837406218962,18.64475565479397,18.64475565479397,1.133669439629987,1.133672832813738,100.00000000000007,96.37519277803278,0,2
2023-06-06 15:33:00,2023-06-06 15:33:59,1.132,1.133,1.132,1.134,1.1324371720073743,1.1327499999999997,1.132,1.134,True,0.001182719910349874,0.00029027639994957314,0,1.1303385538944497,1.1304406493878798,19.63257105033739,19.63257105033739,1.1336602909769522,1.13366613795987,99.99999999999095,99.29913906959011,0,2
2023-06-06 15:34:00,2023-06-06 15:34:59,1.134,1.134,1.133,1.134,1.1325935860036869,1.13375,1.133,1.134,True,0.001169668488182018,0.00033491661500010866,0,1.1303896016411648,1.130508159724132,23.118616884105677,23.118616884105677,1.133661183604047,1.1336694599702195,99.99999999999095,99.99999999999405,0,2
2023-06-06 15:35:00,2023-06-06 15:35:59,1.133,1.133,1.133,1.134,1.1331717930018435,1.1332499999999999,1.133,1.134,True,0.0011575493104547232,0.00027468657773871235,0,1.1304488806826485,1.130580123026779,18.39721552440534,18.39721552440534,1.1336570922249023,1.1336627986769834,84.36891341256597,94.78963780418269,0,1
2023-06-06 15:36:00,2023-06-06 15:36:59,1.134,1.134,1.133,1.134,1.1332108965009215,1.13375,1.133,1.134,True,0.0011462957882793778,0.00028605330705881856,0,1.1305145018547138,1.1306585289681303,18.540336649215433,18.540336649215433,1.1336580166803758,1.1336661539140283,72.1033823863619,85.49076526630633,0,2
2023-06-06 15:37:00,2023-06-06 15:37:59,1.134,1.134,1.133,1.134,1.1334804482504608,1.13375,1.133,1.134,True,0.0011358460891165573,0.00027416074038398965,0,1.130586515411422,1.1307414692961024,18.635750732422167,18.635750732422167,1.1336589319372874,1.13366947576563,59.837851360148726,72.10338238635892,0,2
2023-06-06 15:38:00,2023-06-06 15:38:59,1.133,1.134,1.133,1.134,1.1336152241252304,1.1335,1.133,1.134,True,0.0011261427970367954,0.00024731666943028944,0,1.1306639923537622,1.1308256952538294,18.69936012122666,18.69936012122666,1.133657350524976,1.133672764563982,54.54776167657044,62.162998474360414,0,1
2023-06-06 15:39:00,2023-06-06 15:39:59,1.133,1.133,1.132,1.133,1.1335576120626152,1.13275,1.132,1.1335576120626152,True,0.0011885611686770245,0.00014303602637393519,0,1.1307448438037957,1.1309052097196635,12.006109900573506,12.006109900573506,1.1336483221615434,1.1336660703892159,33.47995936945029,49.28852413538988,0,1
2023-06-06 15:40:00,2023-06-06 15:40:59,1.132,1.132,1.132,1.133,1.1331538060313076,1.13225,1.132,1.1331538060313076,True,0.001175092513771531,-6.8612712043128465e-06,0,1.1308250267617297,1.1309770387092677,3.3217327302581907,0.0,1.1336344085081946,1.1336494925743978,12.412157062330143,33.47995936945035,0,1
2023-06-06 15:41:00,2023-06-06 15:41:59,1.131,1.131,1.131,1.132,1.1327019030156538,1.1312499999999999,1.131,1.1327019030156538,True,0.0011625859056449853,-0.00017950984753554717,0,1.1309010327354987,1.131035462982666,-5.3221685949147215,-5.3221685949147215,1.1336106830504016,1.1336231294642047,7.105427357601002e-14,15.297372143926891,0,1
2023-06-06 15:42:00,2023-06-06 15:42:59,1.13,1.131,1.13,1.131,1.131975951507827,1.1305,1.13,1.131975951507827,True,0.0011509726266703516,-0.0002902517474416698,0,1.1309682478590823,1.1310777869784794,-11.084769478363327,-11.084769478363327,1.1335797309802482,1.1335970286735162,7.105427357601002e-14,4.137385687443484,0,1
2023-06-06 15:43:00,2023-06-06 15:43:59,1.131,1.131,1.131,1.131,1.1312379757539135,1.131,1.131,1.1312379757539135,True,0.001068760296193898,-0.00035552312023056124,0,1.131023017418781,1.1311105752566344,-14.926503400662398,-14.926503400662398,1.1335540620152706,1.1335711875921877,3.8509038481777016,1.2836346160593364,0,1
2023-06-06 15:44:00,2023-06-06 15:44:59,1.13,1.131,1.13,1.131,1.1311189878769567,1.1305,1.13,1.1311189878769567,True,0.0010638488464657704,-0.00038788540794135987,0,1.1310667963377077,1.1311322005030267,-17.487659348861783,-17.487659348861783,1.1335236733385017,1.1335456036360465,4.888103992826157,2.913002613668032,0,1
2023-06-06 15:45:00,2023-06-06 15:45:59,1.13,1.131,1.13,1.131,1.1308094939384783,1.1305,1.13,1.131,True,0.0010592882145753662,-0.0003968846817569658,0,1.1310994984203673,1.131144888643819,-19.19509664766137,-19.19509664766137,1.133493587036626,1.133520274246633,5.925304137474618,4.888103992826214,0,1
2023-06-06 15:46:00,2023-06-06 15:46:59,1.131,1.13,1.13,1.131,1.1306547469692392,1.1305,1.13,1.131,True,0.0010550533421057051,-0.00045829845644713334,0,1.1311221935320932,1.1311504534843821,-23.730790288260785,-23.730790288260785,1.1334638001009383,1.133485246642189,3.1116004339454477,4.641669521415463,-1,-2
2023-06-06 15:47:00,2023-06-06 15:47:59,1.13,1.13,1.13,1.131,1.1305773734846196,1.13025,1.13,1.131,True,0.0010511209605267341,-0.0004815227863795683,0,1.1311363235082377,1.1311486566539894,-26.754586048660393,-26.754586048660393,1.133431821990481,1.1334505675711224,2.0744002892969924,3.703768286905742,0,-2
2023-06-06 15:48:00,2023-06-06 15:48:59,1.131,1.129,1.129,1.131,1.1304136867423098,1.13,1.129,1.131,True,0.0011188980347748244,-0.0005467990151145277,-1,1.1311424900811136,1.1311393609905827,-30.7705114684902,-30.7705114684902,1.1333976745079888,1.1334062833166834,1.0372001446485315,2.0744002892970466,0,-2
2023-06-06 15:49:00,2023-06-06 15:49:59,1.13,1.129,1.129,1.13,1.130206843371155,1.1295,1.129,1.130206843371155,True,0.0011104053180051863,-0.0005668681526174775,0,1.131140925535848,1.1311207946896116,-33.44779508171007,-33.44779508171007,1.1333588916770636,1.133362439701592,7.075821410277665e-14,1.0372001446485875,0,-2
2023-06-06 15:50:00,2023-06-06 15:50:59,1.129,1.129,1.129,1.13,1.1298534216855773,1.1292499999999999,1.129,1.13,True,0.0011025192238619508,-0.0005558829594072764,0,1.1311308601127297,1.1310933416691928,-35.23265082385665,-35.23265082385665,1.1333180071827644,1.133319032341377,7.075821410277665e-14,0.3457333815496137,0,-2
2023-06-06 15:51:00,2023-06-06 15:51:59,1.13,1.131,1.13,1.131,1.1295517108427886,1.1305,1.13,1.131,True,0.0011666249935860973,-0.0003872629823464313,0,1.1311121008909613,1.1310676567583027,-20.241467251702066,-20.241467251702066,1.1332899673102992,1.1332959573927066,11.814642516099974,3.938214172033428,0,-1
2023-06-06 15:52:00,2023-06-06 15:52:59,1.131,1.131,1.131,1.131,1.1300258554213944,1.131,1.131,1.131,True,0.001083294636901376,-0.00026080857586836977,0,1.131089878824632,1.1310469706500148,-10.247344870265678,-10.247344870265678,1.133267181565918,1.1332731120455155,33.21331517037218,15.00931922882413,0,-1
2023-06-06 15:53:00,2023-06-06 15:53:59,1.131,1.131,1.13,1.131,1.1305129277106971,1.13075,1.13,1.131,True,0.0010773450199798571,-0.00016686723641555896,0,1.1310684247373233,1.1310286467970059,-3.5845966159747533,-3.5845966159747533,1.1332421349831727,1.133250494015212,57.11906085576678,34.04900618074637,0,-1
2023-06-06 15:54:00,2023-06-06 15:54:59,1.131,1.13,1.13,1.131,1.1306314638553485,1.1305,1.13,1.131,True,0.0010718203756955897,-0.00016646335678424431,0,1.1310485357671647,1.1310105932194432,-5.530873176091795,-5.530873176091795,1.133214850057967,1.13321815079118,71.01353210401959,53.781969376719566,0,-2
2023-06-06 15:55:00,2023-06-06 15:55:59,1.131,1.13,1.13,1.132,1.1305657319276743,1.13075,1.13,1.132,True,0.001138118920288762,-0.0001577092362098335,0,1.131029564493304,1.1309945915642474,-6.828390882836494,-6.828390882836494,1.1331903241867436,1.1331861293902727,79.63714722630054,69.25658006202902,0,-2
2023-06-06 15:56:00,2023-06-06 15:56:59,1.131,1.13,1.13,1.131,1.130657865963837,1.1305,1.13,1.131,True,0.0011282532831252867,-0.00014369198692696224,0,1.1310120780287758,1.1309785999244673,-7.693402687332956,-7.693402687332956,1.1331635547918506,1.13315442661027,81.73332551765874,77.46133494932634,0,-2
2023-06-06 15:57:00,2023-06-06 15:57:59,1.131,1.131,1.131,1.131,1.1305789329819187,1.131,1.131,1.131,True,0.0011190923343306312,-5.8095281970408264e-05,0,1.1309953389766216,1.130966156421282,-1.2059298020864517,-0.0,1.133142026883474,1.1331329895295708,89.35754508663938,83.57600594353295,0,-1
2023-06-06 15:58:00,2023-06-06 15:58:59,1.131,1.13,1.13,1.131,1.1307894664909592,1.1305,1.13,1.131,True,0.0011105857390213084,-6.711139278115657e-05,0,1.130980747698952,1.1309531612349233,-3.0516919663378275,-0.0,1.1331157380587629,1.1331018155044008,84.84349612805666,85.31145557745164,0,-2
2023-06-06 15:59:00,2023-06-06 15:59:59,1.131,1.13,1.13,1.131,1.1306447332454796,1.1305,1.13,1.131,True,0.0011026867576626514,-6.821178212890753e-05,0,1.1309669544669378,1.1309398208653207,-4.282200075838745,-4.282200075838745,1.1330897108143971,1.1330709516685362,84.34981096927429,86.18361739465684,0,-2
2023-06-06 16:00:00,2023-06-06 16:00:59,1.131,1.131,1.131,1.132,1.1305723666227399,1.1312499999999999,1.131,1.132,True,0.0011667805606867478,4.537784749731818e-06,0,1.1309533876661295,1.1309314460572437,0.5995095977500142,0.0,1.1330714052341544,1.1330503451842722,84.34981096927429,84.51437268886848,0,-1
2023-06-06 16:01:00,2023-06-06 16:01:59,1.131,1.132,1.131,1.132,1.1309111833113699,1.1315,1.131,1.132,True,0.0011548676634948294,0.00012175989332909503,0,1.1309424168616868,1.1309287533966326,7.3639209149834315,0.0,1.1330557693611778,1.1330398939884088,92.17490548463718,86.95817580772865,0,2
2023-06-06 16:02:00,2023-06-06 16:02:59,1.132,1.132,1.131,1.132,1.131205591655685,1.1317499999999998,1.131,1.132,True,0.001143805687530905,0.00019370160784177125,0,1.1309355851291598,1.130932268071063,11.873528459805705,11.873528459805705,1.1330427766312159,1.133029546784544,100.00000000000007,92.17490548463724,1,2
2023-06-06 16:03:00,2023-06-06 16:03:59,1.132,1.132,1.131,1.133,1.1314777958278424,1.132,1.131,1.133,True,0.0012049624241358403,0.00023282187777131947,0,1.1309339266001115,1.1309423609754872,14.879933489687218,14.879933489687218,1.1330324007443382,1.1330193025379316,100.00000000000007,97.39163516154582,0,2
2023-06-06 16:04:00,2023-06-06 16:04:59,1.133,1.132,1.132,1.133,1.1317388979139211,1.1324999999999998,1.132,1.133,True,0.0011903222509832884,0.00024858554140554177,0,1.1309381437877994,1.130960994250322,16.884203509608227,16.884203509608227,1.133027103224494,1.1330091602241212,100.00000000000007,100.00000000000011,0,2
2023-06-06 16:05:00,2023-06-06 16:05:59,1.133,1.133,1.132,1.133,1.1321194489569604,1.13275,1.132,1.133,True,0.00117672780448449,0.0003167062623714917,0,1.130949569019061,1.1309879388406274,21.66666337312917,21.66666337312917,1.1330243459784792,1.1330090690776127,100.00000000000007,100.00000000000011,0,2
2023-06-06 16:06:00,2023-06-06 16:06:59,1.133,1.133,1.132,1.133,1.1324347244784803,1.13275,1.132,1.133,True,0.001164104389878463,0.00034653044229975775,0,1.1309687539298443,1.1310212421195083,24.854969948809796,24.854969948809796,1.133021616167748,1.1330089788380344,100.00000000000007,100.00000000000011,0,2
2023-06-06 16:07:00,2023-06-06 16:07:59,1.133,1.133,1.132,1.133,1.1325923622392402,1.13275,1.132,1.133,True,0.001152382647744295,0.0003496899273036153,0,1.1309949980246765,1.131059323142713,26.98050766593022,26.98050766593022,1.1330189135193127,1.1330088894963624,100.00000000000006,100.00000000000011,0,2
2023-06-06 16:08:00,2023-06-06 16:08:59,1.133,1.132,1.132,1.133,1.13267118111962,1.1324999999999998,1.132,1.133,True,0.001141498172905425,0.0002663256654421846,0,1.1310271605836948,1.1310991891754405,18.09905556786468,18.09905556786468,1.1330137502007125,1.132998850794906,93.49922022956862,97.8330734098563,0,1
2023-06-06 16:09:00,2023-06-06 16:09:59,1.133,1.134,1.133,1.135,1.13258559055981,1.13375,1.133,1.135,True,0.0012742483034121883,0.0003360435060739459,1,1.1310631748795676,1.1311487633646689,20.078100011578286,20.078100011578286,1.1330210760693622,1.133008812478539,93.49922022956862,95.66614681971248,0,2
2023-06-06 16:10:00,2023-06-06 16:10:59,1.134,1.133,1.133,1.135,1.1331677952799049,1.13375,1.133,1.135,True,0.001326087710311318,0.00029534049521833655,0,1.1311059691221184,1.1312056407221254,15.904181418495142,15.904181418495142,1.1330283290437964,1.1330087247921854,93.49922022956862,93.49922022956866,0,1
2023-06-06 16:11:00,2023-06-06 16:11:59,1.133,1.133,1.133,1.133,1.1334588976399524,1.133,1.133,1.1334588976399524,True,0.0012313671595747951,0.00025316374577352685,0,1.131155804922122,1.1312627318785302,13.121569023106375,13.121569023106375,1.1330280471627636,1.1330086379783328,86.23460226094794,91.07768090669511,0,1
2023-06-06 16:12:00,2023-06-06 16:12:59,1.134,1.134,1.134,1.134,1.1332294488199763,1.134,1.134,1.134,True,0.0012148409338908733,0.0002800859291984591,0,1.131209268400326,1.1313264607177682,14.700603379269452,14.700603379269452,1.1330377183352733,1.1330185022770558,81.54801652959374,87.09394634003682,0,2
2023-06-06 16:13:00,2023-06-06 16:13:59,1.133,1.134,1.133,1.134,1.1336147244099881,1.1335,1.133,1.134,True,0.0011994951528986602,0.0002814452251834786,0,1.131267864559047,1.1313915476720378,15.753292950044838,15.753292950044838,1.1330423181528329,1.1330282684235529,63.8791204133638,77.22057973463522,0,2
2023-06-06 16:14:00,2023-06-06 16:14:59,1.133,1.134,1.133,1.134,1.1335573622049941,1.1335,1.133,1.134,True,0.0011852454991201767,0.00026575679987717385,0,1.1313297061155423,1.1314572573140989,16.455085997228437,16.455085997228437,1.1330468722010634,1.1330379373944628,57.44641831924917,67.62451842073563,0,2
2023-06-06 16:15:00,2023-06-06 16:15:59,1.133,1.133,1.133,1.134,1.1335286811024972,1.1332499999999999,1.133,1.134,True,0.001172013677754442,0.00017074556194156818,0,1.1313934817148206,1.1315212910987464,10.238979060350857,0.0,1.1330488933731921,1.1330375599079507,31.22080241930125,50.848780383971466,0,1
2023-06-06 16:16:00,2023-06-06 16:16:59,1.134,1.133,1.133,1.134,1.1333893405512485,1.1335,1.133,1.134,True,0.0011597269864862595,9.700816838180025e-05,0,1.1314573864067834,1.1315852813950729,6.094907769099137,0.0,1.1330533819963444,1.1330371861775235,20.995300478808584,36.554173739119726,0,1
2023-06-06 16:17:00,2023-06-06 16:17:59,1.133,1.133,1.133,1.134,1.1334446702756242,1.1332499999999999,1.133,1.134,True,0.0011483179160229474,4.017724425441039e-05,0,1.131521333900928,1.1316470831453878,3.332193574931324,0.0,1.1330553383943907,1.1330368161658069,7.860066978642007,20.025389958917337,0,1
2023-06-06 16:18:00,2023-06-06 16:18:59,1.133,1.133,1.133,1.133,1.133347335137812,1.133,1.133,1.133347335137812,True,0.001066295207735594,-3.2371328290039907e-06,0,1.1315842085231578,1.1317050225464391,1.4903841121527819,0.0,1.1330547877636008,1.1330364498357988,5.438935276610789,11.431434244687184,0,1
2023-06-06 16:19:00,2023-06-06 16:19:59,1.133,1.132,1.132,1.133,1.1331736675689061,1.1324999999999998,1.132,1.1331736675689061,True,0.001061559835754488,-0.00010459422806431663,0,1.1316446155347983,1.131756093035113,-5.792004491862642,-5.792004491862642,1.133049267487346,1.1330261369021093,8.052817671947803e-14,4.433000751751016,0,1
2023-06-06 16:20:00,2023-06-06 16:20:59,1.133,1.132,1.132,1.134,1.132836833784453,1.1327499999999997,1.132,1.134,True,0.001128591276057739,-0.00017012014295839626,0,1.1317003542849555,1.1318031204487677,-10.646930227872929,-10.646930227872929,1.1330462897014022,1.1330159265846753,3.918372470863607,3.1191025824915495,0,1
2023-06-06 16:21:00,2023-06-06 16:21:59,1.132,1.132,1.132,1.132,1.1327934168922265,1.132,1.132,1.1327934168922265,True,0.0010479776134821861,-0.0002092603758645326,0,1.1317517373668615,1.1318414962653587,-13.88354738521312,-13.88354738521312,1.1330358788586021,1.1330058178624398,3.918372470863607,2.6122483139091552,0,1
2023-06-06 16:22:00,2023-06-06 16:22:59,1.132,1.132,1.132,1.133,1.1323967084461133,1.13225,1.132,1.133,True,0.0010445506410906094,-0.00022924249146763726,0,1.1317966168161102,1.1318745125856913,-16.041292156773245,-16.041292156773245,1.1330280591684667,1.132995809724505,7.257237794190279,5.031327578639221,0,1
2023-06-06 16:23:00,2023-06-06 16:23:59,1.133,1.132,1.132,1.133,1.1323233542230566,1.1324999999999998,1.132,1.133,True,0.0010413684524412882,-0.00023556686809540664,0,1.1318355647009006,1.1319047980757253,-17.479788671146665,-17.479788671146665,1.1330228048483824,1.1329859011700323,9.93983382081021,7.038481361954755,0,-2
2023-06-06 16:24:00,2023-06-06 16:24:59,1.133,1.132,1.132,1.133,1.1324116771115282,1.1324999999999998,1.132,1.133,True,0.0010384135629812042,-0.00023239254780934503,0,1.131870181388313,1.1319327257731915,-18.438786347395613,-18.438786347395613,1.13301760281009,1.1329760912081415,17.542582933957195,11.57988484965262,0,-2
2023-06-06 16:25:00,2023-06-06 16:25:59,1.132,1.132,1.132,1.133,1.1324558385557641,1.13225,1.132,1.133,True,0.0010356697370539833,-0.00022284013329014246,0,1.1319014535807521,1.1319568902844164,-19.078118131561578,-19.078118131561578,1.1330099649711836,1.1329663788578117,17.84065022909451,15.107688994620696,0,-2
2023-06-06 16:26:00,2023-06-06 16:26:59,1.132,1.131,1.131,1.132,1.132352919277882,1.1315,1.131,1.132352919277882,True,0.0010331218986929767,-0.0002778005774641694,0,1.1319291719325841,1.131972780420805,-25.200967336140465,-25.200967336140465,1.132994940444107,1.1329468128990274,11.239681731611057,15.540971631554314,-1,-2
2023-06-06 16:27:00,2023-06-06 16:27:59,1.131,1.131,1.131,1.131,1.1319264596389411,1.131,1.131,1.1319264596389411,True,0.000959327477357764,-0.000302977967353247,0,1.1319509761766946,1.1319786165287282,-29.282866805859726,-29.282866805859726,1.1329750902904343,1.1329274416264004,3.6369326184640713,10.905754859723272,0,-2
2023-06-06 16:28:00,2023-06-06 16:28:59,1.132,1.131,1.131,1.132,1.1314632298194707,1.1315,1.131,1.132,True,0.0009622326575464874,-0.0003072746295910906,0,1.1319647963527113,1.13197992751916,-32.0041331190059,-32.0041331190059,1.1329604127751065,1.1329082631027545,8.073172456840634,7.649928935638646,0,-2
2023-06-06 16:29:00,2023-06-06 16:29:59,1.131,1.132,1.131,1.132,1.1314816149097353,1.1315,1.131,1.132,True,0.0009649303248645875,-0.00022880524939503083,0,1.1319723619359356,1.1319776668579793,-19.27142655039289,-19.27142655039289,1.1329458813047075,1.132899225658946,16.146344913681187,9.285483329662023,0,-1
2023-06-06 16:30:00,2023-06-06 16:30:59,1.131,1.131,1.131,1.132,1.1314908074548677,1.1312499999999999,1.131,1.132,True,0.0009674353016599662,-0.00023711750169199672,0,1.1319750143969574,1.1319708944550395,-17.798896181687617,-17.798896181687617,1.1329290068638647,1.1328803278911954,21.92490861974304,15.381475330088344,0,-2
2023-06-06 16:31:00,2023-06-06 16:31:59,1.132,1.133,1.132,1.133,1.1313704037274337,1.1324999999999998,1.132,1.133,True,0.0010411899229699688,-9.506211648277573e-05,0,1.1319729544259984,1.131969192721301,-6.58350779350188,-0.0,1.132924738138851,1.132881518658447,43.79645327220792,27.289235601877436,0,-1
2023-06-06 16:32:00,2023-06-06 16:32:59,1.133,1.133,1.132,1.133,1.1319352018637168,1.13275,1.132,1.133,True,0.001038247785614979,8.448988907830838e-07,0,1.1319710735736497,1.131973210102654,0.8934177986219467,0.0,1.1329229994509022,1.1328826975772686,69.0566141487007,44.925992013550605,0,-1
2023-06-06 16:33:00,2023-06-06 16:33:59,1.132,1.132,1.132,1.132,1.1323426009318585,1.132,1.132,1.1323426009318585,True,0.0010355158009282028,-5.963256799344583e-06,0,1.1319721418381519,1.1319765568224318,0.2985986616599945,0.0,1.132913815376764,1.1328739145167983,84.16340546297296,65.67215762796059,0,-2
2023-06-06 16:34:00,2023-06-06 16:34:59,1.132,1.132,1.132,1.132,1.132171300465929,1.132,1.132,1.132171300465929,True,0.0009615503865761882,-1.0293078126800532e-05,0,1.1319743493302918,1.1319793525635782,-0.09794742964797365,-0.0,1.132904722686448,1.1328652188499644,75.10404337400162,76.10802099522516,0,-2
2023-06-06 16:35:00,2023-06-06 16:35:59,1.132,1.132,1.132,1.133,1.1320856502329644,1.13225,1.132,1.133,True,0.0009642967875350399,-1.280937525495927e-05,0,1.131976850946935,1.1319834105994817,-0.36231149051995004,-0.0,1.1328982080328514,1.1328566097071786,66.93211785229126,75.39985556308868,0,-2
2023-06-06 16:36:00,2023-06-06 16:36:59,1.133,1.133,1.133,1.133,1.1321678251164822,1.133,1.133,1.133,True,0.0009668470169968308,5.4552144970706096e-05,0,1.1319801307732085,1.1319935804040817,4.638701442874179,4.638701442874179,1.1328992208882458,1.1328580364762615,79.38009616529048,73.80541913052785,1,2
2023-06-06 16:37:00,2023-06-06 16:37:59,1.133,1.133,1.133,1.133,1.132583912558241,1.133,1.133,1.133,True,0.0008977865157827714,9.540692514905892e-05,0,1.1319868555886452,1.1320084922714833,7.97271006513693,7.97271006513693,1.1329002236654773,1.132859449048637,91.82807447828971,79.38009616529054,0,2
2023-06-06 16:38:00,2023-06-06 16:38:59,1.134,1.134,1.134,1.134,1.1327919562791204,1.134,1.134,1.134,True,0.0009050874789411371,0.00018570565236612896,0,1.1319976739300643,1.1320338963504737,13.793849912168909,13.793849912168909,1.132911166713582,1.1328707978143222,100.00000000000007,90.40272354786015,0,2
2023-06-06 16:39:00,2023-06-06 16:39:59,1.134,1.134,1.133,1.134,1.1333959781395602,1.13375,1.133,1.134,True,0.000911866944731048,0.00023504255489163007,0,1.132015785140269,1.1320656714565709,17.674609810190233,17.674609810190233,1.1329195133134469,1.1328820336569658,96.64719170286435,96.15842206038478,0,2
2023-06-06 16:40:00,2023-06-06 16:40:59,1.133,1.134,1.133,1.134,1.13357298906978,1.1335,1.133,1.134,True,0.0009181621629645366,0.0002552975146379585,0,1.13204072829842,1.1321005292402284,20.261783075537778,20.261783075537778,1.1329252893003778,1.1328931577001802,89.99241324618713,95.54653498301725,0,2
2023-06-06 16:41:00,2023-06-06 16:41:59,1.133,1.134,1.133,1.134,1.13353649453489,1.1335,1.133,1.134,True,0.0009240077227527762,0.0002554238894895142,0,1.1320706287693243,1.1321375748761424,21.986565252436137,21.986565252436137,1.1329310078148018,1.1329041710563972,82.3120475509726,89.65055083334143,0,2
2023-06-06 16:42:00,2023-06-06 16:42:59,1.133,1.134,1.133,1.134,1.133518247267445,1.1335,1.133,1.134,True,0.0009294357425561414,0.00024211382545731276,0,1.1321041018227334,1.1321760888510652,23.136420037035037,23.136420037035037,1.132936669428585,1.1329150748269803,77.98449015289377,83.42965031668457,0,2
2023-06-06 16:43:00,2023-06-06 16:43:59,1.133,1.134,1.133,1.134,1.1335091236337225,1.1335,1.133,1.134,True,0.0009344760466592662,0.00022031899920055037,0,1.1321400953368994,1.1322154946127896,23.90298989343431,23.90298989343431,1.1329422747079025,1.1329258701023337,76.95890291435643,79.085146872741,0,2
2023-06-06 16:44:00,2023-06-06 16:44:59,1.134,1.135,1.134,1.135,1.1335045618168613,1.1345,1.134,1.135,True,0.0009391563290407553,0.0002622287817305205,0,1.1321777949748446,1.1322621931825672,28.318780790524045,28.318780790524045,1.1329577744620527,1.1329465082107681,84.63926860957096,79.86088722560713,0,2
2023-06-06 16:45:00,2023-06-06 16:45:59,1.135,1.134,1.134,1.135,1.1340022809084307,1.1345,1.134,1.135,True,0.0009435023055378522,0.00020587289451075308,0,1.1322199940787059,1.1323143130295614,20.68910912360238,20.68910912360238,1.1329731199897934,1.1329569907161336,92.31963430478551,84.63926860957105,0,1
2023-06-06 16:46:00,2023-06-06 16:46:59,1.134,1.133,1.133,1.135,1.1342511404542153,1.13375,1.133,1.135,True,0.0010189664265708629,8.817938897790487e-05,0,1.1322671535541335,1.1323651976910574,9.98587694950394,9.98587694950394,1.1329808501391487,1.1329574186692069,82.59480983797424,86.517904250777,0,1
2023-06-06 16:47:00,2023-06-06 16:47:59,1.134,1.131,1.13,1.134,1.1340005702271077,1.13225,1.13,1.1340005702271077,True,0.0012318973961015158,-0.00013260196118991085,0,1.1323161756225955,1.1324044691642348,-2.574228406780506,-0.0,1.1329735779984607,1.1329379418665282,49.2614765046409,74.72530688246697,0,1
2023-06-06 16:48:00,2023-06-06 16:48:59,1.132,1.131,1.131,1.132,1.1331252851135538,1.1315,1.131,1.1331252851135538,True,0.0012153332963799712,-0.0002727607764755077,0,1.132360322393415,1.1324291822509096,-10.947631977636803,-10.947631977636803,1.1329589155308142,1.1329186588628812,15.928143171307568,49.261476504640996,0,-2
2023-06-06 16:49:00,2023-06-06 16:49:59,1.132,1.132,1.132,1.132,1.1323126425567769,1.132,1.132,1.1323126425567769,True,0.0011999523466385367,-0.0002854850578670535,0,1.1323947523221622,1.1324456943911843,-10.49662734336242,-10.49662734336242,1.1329493740827463,1.1329095179786735,5.458536603230201,23.549385426392984,-1,-2
2023-06-06 16:50:00,2023-06-06 16:50:59,1.133,1.133,1.133,1.134,1.1321563212783885,1.1332499999999999,1.133,1.134,True,0.001257098607592927,-0.00021478161971851272,0,1.1324202233566731,1.1324642129071727,-5.855927056631096,-5.855927056631096,1.1329523653854057,1.1329104182972936,22.23054913885298,14.539076304463675,0,-1
2023-06-06 16:51:00,2023-06-06 16:51:59,1.132,1.133,1.132,1.133,1.1327031606391942,1.1324999999999998,1.132,1.133,True,0.0012387344213362975,-0.00016153481176003578,0,1.132442218131923,1.1324790382025587,-2.7621268654768727,-0.0,1.132947864237292,1.1329113096575194,32.84888685524728,20.179324199110244,1,-1
2023-06-06 16:52:00,2023-06-06 16:52:59,1.133,1.132,1.132,1.133,1.132601580319597,1.1324999999999998,1.132,1.133,True,0.001221681962669427,-0.00019027262088326685,0,1.1324606281672407,1.132490854082099,-4.961465482617136,-4.961465482617136,1.132943407876722,1.1329022418997332,38.00868796841145,31.029374654170663,-1,-2
2023-06-06 16:53:00,2023-06-06 16:53:59,1.133,1.133,1.132,1.133,1.1325507901597984,1.13275,1.132,1.133,True,0.001205847536764476,-0.0001332722193820303,0,1.1324757411246698,1.1325019348237466,-2.0131166948829105,-0.0,1.1329414834202371,1.1329032146171487,34.123619727916406,34.993731517191804,0,-1
2023-06-06 16:54:00,2023-06-06 16:54:59,1.132,1.132,1.132,1.132,1.1326503950798992,1.132,1.132,1.1326503950798992,True,0.0011911441412813073,-0.00016032391161888715,0,1.1324888379742082,1.1325072149628912,-3.840744145281249,-3.840744145281249,1.132932115426006,1.1328942274070277,30.175882362932345,34.10273001975349,0,-2
2023-06-06 16:55:00,2023-06-06 16:55:59,1.132,1.131,1.131,1.132,1.1323251975399495,1.1315,1.131,1.1323251975399495,True,0.0011774909883326347,-0.00024024153638169574,0,1.1324980264685496,1.1325044614877897,-7.923742176439291,-7.923742176439291,1.1329178655212695,1.132875379373127,22.51599579883066,28.938499296559893,0,-2
2023-06-06 16:56:00,2023-06-06 16:56:59,1.132,1.131,1.131,1.132,1.1319125987699747,1.1315,1.131,1.132,True,0.0011648130605945817,-0.00028178680696156285,0,1.1325012439781694,1.1324954019834625,-10.64574086387799,-10.64574086387799,1.13290375740663,1.1328567188818521,12.587502655995536,21.7597936059196,0,-2
2023-06-06 16:57:00,2023-06-06 16:57:59,1.131,1.132,1.131,1.132,1.1317062993849873,1.1315,1.131,1.132,True,0.0011530406991235324,-0.0002276263893710635,0,1.1324983229808159,1.1324814398558123,-7.4927523621683605,-7.4927523621683605,1.1328897896712407,1.1328481943158635,8.875353456877901,14.659617303901456,0,-1
2023-06-06 16:58:00,2023-06-06 16:58:59,1.131,1.131,1.131,1.131,1.1316031496924936,1.131,1.131,1.1316031496924936,True,0.0011421092206147009,-0.00025079222905230355,0,1.132489881418314,1.1324602831216533,-8.85596494165872,-8.85596494165872,1.132870985793915,1.1328298043226708,5.91690230458529,9.126586139153,0,-2
2023-06-06 16:59:00,2023-06-06 16:59:59,1.131,1.131,1.131,1.131,1.1313015748462467,1.131,1.131,1.1313015748462467,True,0.0010605299905707937,-0.00025393087699370127,0,1.1324750822699836,1.132433607180889,-9.764773327985623,-9.764773327985623,1.1328523690198462,1.132811597314485,2.958451152292678,5.91690230458538,0,-2
2023-06-06 17:00:00,2023-06-06 17:00:59,1.132,1.131,1.131,1.132,1.1311507874231235,1.1315,1.131,1.132,True,0.0010562064198157291,-0.00024356583248698205,0,1.1324543447254363,1.132406199487005,-10.370645585536892,-10.370645585536892,1.1328389126116885,1.1327935714705597,11.858865095240665,6.911406184039635,0,-2
2023-06-06 17:01:00,2023-06-06 17:01:59,1.132,1.132,1.131,1.132,1.1313253937115617,1.1317499999999998,1.131,1.132,True,0.0010521916755431692,-0.00015596651970596246,0,1.1324302721062207,1.1323801189905371,-5.25247282618075,-0.0,1.1328280776603283,1.1327856752370218,29.29932028266063,14.705545510064747,0,-1
2023-06-06 17:02:00,2023-06-06 17:02:59,1.131,1.131,1.131,1.131,1.1315376968557809,1.131,1.131,1.1315376968557809,True,0.0010484636987186493,-0.00015925413646816468,0,1.132405195548379,1.1323501165482714,-6.313011610247898,-0.0,1.1328098878328623,1.1327679073242156,34.02152144088472,25.059902272928763,0,-2
2023-06-06 17:03:00,2023-06-06 17:03:59,1.131,1.132,1.131,1.132,1.1312688484278905,1.1315,1.131,1.132,True,0.0010450020059530236,-8.37524642534924e-05,0,1.1323776560483252,1.1323206627108906,-2.608070545167955,-0.0,1.1327968541230826,1.132760266455318,37.87340133991278,33.731414354486134,0,-1
2023-06-06 17:04:00,2023-06-06 17:04:59,1.131,1.132,1.131,1.132,1.1313844242139453,1.1315,1.131,1.132,True,0.001041787576956371,-2.9135665649951132e-05,0,1.1323491593796078,1.1322918428786413,-0.1381098351146619,-0.0,1.1327839501019574,1.1327527016149666,40.53773237241168,37.47755171773648,0,-1
2023-06-06 17:05:00,2023-06-06 17:05:59,1.132,1.132,1.131,1.132,1.1314422121069727,1.1317499999999998,1.131,1.132,True,0.0010388027500309082,9.573808470564554e-06,0,1.1323205011291244,1.132265435203655,1.5085306382542,0.0,1.1327736620412414,1.1327452120466583,63.064629942993825,47.158587885106186,0,-1
2023-06-06 17:06:00,2023-06-06 17:06:59,1.132,1.132,1.131,1.132,1.1315961060534863,1.1317499999999998,1.131,1.132,True,0.0010360311250286925,3.624510325678026e-05,0,1.1322929681663896,1.1322411078217796,2.606290953833444,0.0,1.1327634763492889,1.1327377970014179,74.6029836775314,59.40178199764572,0,-1
2023-06-06 17:07:00,2023-06-06 17:07:59,1.132,1.13,1.13,1.132,1.1316730530267431,1.1309999999999998,1.13,1.132,True,0.0011048860446695003,-8.326617293828053e-05,-1,1.1322670379940845,1.1322134393834127,-5.510019686116152,-0.0,1.1327459293209377,1.1327105552402097,65.19111182491515,67.61957514848022,0,-2
2023-06-06 17:08:00,2023-06-06 17:08:59,1.13,1.13,1.13,1.13,1.1313365265133715,1.13,1.13,1.1313365265133715,True,0.0010259656129073932,-0.00015464434193422383,0,1.1322402386887485,1.1321764692792204,-10.920893446082545,-10.920893446082545,1.1327186066411272,1.1326835845413021,37.94201309610893,59.24536953285192,0,-2
2023-06-06 17:09:00,2023-06-06 17:09:59,1.13,1.13,1.13,1.131,1.1306682632566858,1.13025,1.13,1.131,True,0.001024110926271159,-0.0001914457689867401,0,1.1322083539839845,1.1321341448282065,-14.528142619393478,-14.528142619393478,1.1326940433909667,1.1326568822075578,17.71026699319992,40.28113063807476,0,-2
2023-06-06 17:10:00,2023-06-06 17:10:59,1.131,1.131,1.131,1.131,1.130459131628343,1.131,1.131,1.131,True,0.0010223887172517985,-0.000135355971839129,0,1.1321712494060954,1.132093041050628,-9.877598653045617,-9.877598653045617,1.1326771872378227,1.132640395817433,33.13867973007715,29.596986606462092,0,-1
2023-06-06 17:11:00,2023-06-06 17:11:59,1.131,1.132,1.131,1.133,1.1307295658141716,1.13175,1.131,1.133,True,0.0010922180945909558,-2.150648271862692e-05,0,1.1321321452283617,1.132058326131055,-2.3692187002798306,-0.0,1.1326679614941628,1.132634023719747,66.47201306341049,39.10698659556261,0,-1
2023-06-06 17:12:00,2023-06-06 17:12:59,1.133,1.133,1.132,1.133,1.1312397829070857,1.13275,1.132,1.133,True,0.001085631087834467,0.00012460991832542978,0,1.1320952356797085,1.1320357404490513,5.60994356322437,5.60994356322437,1.1326687777977036,1.1326376652747743,92.78799377084663,64.13289552144484,0,-1
2023-06-06 17:13:00,2023-06-06 17:13:59,1.132,1.132,1.132,1.132,1.1319948914535427,1.132,1.132,1.132,True,0.0010795145815605844,0.0001476812355729737,0,1.13206548806438,1.1320177133652847,5.615390647439227,5.615390647439227,1.1326621232922538,1.1326313203466671,91.63362287325278,83.63120990250339,0,-1
2023-06-06 17:14:00,2023-06-06 17:14:59,1.132,1.132,1.132,1.132,1.1319974457267712,1.132,1.132,1.132,True,0.0010024063971633998,0.00015849460075011357,0,1.1320416007148324,1.1320033989829348,5.619022036915801,5.619022036915801,1.1326555350007885,1.132625038552173,83.26724574650547,89.22962079686839,0,2
2023-06-06 17:15:00,2023-06-06 17:15:59,1.133,1.132,1.132,1.133,1.1319987228633854,1.1324999999999998,1.132,1.133,True,0.0010022345116517365,0.00016063855994667036,0,1.1320224998488837,1.1319955363801384,5.62144296323352,5.62144296323352,1.1326539873888404,1.1326188192630966,79.87622729719834,84.92569863898562,0,2
2023-06-06 17:16:00,2023-06-06 17:16:59,1.132,1.131,1.131,1.132,1.1322493614316926,1.1315,1.131,1.1322493614316926,True,0.0010020749036766046,8.82475277862507e-05,0,1.132009018114511,1.131985946191109,0.4695714650904321,0.0,1.13264250492726,1.1326027116087374,74.16617379602695,79.10321561324368,0,-2
2023-06-06 17:17:00,2023-06-06 17:17:59,1.131,1.133,1.131,1.133,1.1318746807158462,1.1320000000000001,1.131,1.133,True,0.0010733552676997044,0.0001764877597552552,0,1.13199748215281,1.131978492191917,5.015577806094797,5.015577806094797,1.1326361118434065,1.1326066647270585,73.48863706147614,75.84367938490057,1,2
2023-06-06 17:18:00,2023-06-06 17:18:59,1.133,1.134,1.132,1.134,1.1319373403579231,1.1332499999999999,1.132,1.134,True,0.0011395441771497258,0.000295759643081656,1,1.1319879871723635,1.1319813475016995,10.362519479170068,10.362519479170068,1.132642220183273,1.1326205287596252,76.87965551078327,74.84482212276221,0,2
2023-06-06 17:19:00,2023-06-06 17:19:59,1.133,1.133,1.132,1.134,1.1325936701789616,1.133,1.132,1.134,True,0.0012010053073533168,0.0002921136447800835,0,1.1319846673370315,1.131990584546611,9.461882775518745,9.461882775518745,1.1326457801814496,1.1326243045928628,88.37926085157449,79.58251780794473,0,2
2023-06-06 17:20:00,2023-06-06 17:20:59,1.133,1.132,1.132,1.133,1.1327968350894808,1.1324999999999998,1.132,1.133,True,0.0011866477853995166,0.00020868425086043295,0,1.1319876259418211,1.1320013520687857,5.315503516942137,0.0,1.1326443296323805,1.132618092606864,89.82689521085955,85.0286038577392,0,1
2023-06-06 17:21:00,2023-06-06 17:21:59,1.132,1.132,1.132,1.133,1.1326484175447402,1.13225,1.132,1.133,True,0.0011733158007281306,0.000145648978438142,0,1.1319944890053033,1.132011535403954,2.551250677891069,0.0,1.1326404059544464,1.1326119424316714,79.79010859050716,85.99875488431383,0,1
2023-06-06 17:22:00,2023-06-06 17:22:59,1.132,1.133,1.132,1.133,1.13244920877237,1.1324999999999998,1.132,1.133,True,0.001160936100676129,0.00016696291928289313,0,1.1320030122046285,1.132022904201941,4.415106865433728,0.0,1.1326390088802727,1.1326158037010081,73.65252858028136,81.08984412721611,0,2
2023-06-06 17:23:00,2023-06-06 17:23:59,1.134,1.133,1.133,1.134,1.1324746043861849,1.1335,1.133,1.134,True,0.0011494406649135405,0.00017301023508482552,0,1.1320129582032847,1.1320419893845624,5.657677657128836,0.0,1.1326475759560908,1.1326196265497543,81.24880808229443,78.23048175102774,0,2
2023-06-06 17:24:00,2023-06-06 17:24:59,1.134,1.133,1.133,1.134,1.1329873021930923,1.1335,1.133,1.134,True,0.0011387663317054225,0.0001686332326230481,0,1.1320274737939235,1.1320670187864235,6.486058184925575,6.486058184925575,1.1326560577873734,1.1326234113602045,91.28559470264678,82.06231045507428,0,2
2023-06-06 17:25:00,2023-06-06 17:25:59,1.134,1.133,1.133,1.134,1.1332436510965462,1.1335,1.133,1.134,True,0.0011288544508693131,0.00015743778820621687,0,1.1320472462901734,1.1320965563855805,7.038311870123401,7.038311870123401,1.1326644552223248,1.1326271585108492,100.0,90.84480092831383,0,2
2023-06-06 17:26:00,2023-06-06 17:26:59,1.134,1.133,1.133,1.134,1.1333718255482732,1.1335,1.133,1.134,True,0.0011196505615214973,0.00014207962365740792,0,1.1320719013378768,1.1321294406608304,7.406480993588616,7.406480993588616,1.1326727691007097,1.1326308683764128,100.0,97.09519823421569,0,1
2023-06-06 17:27:00,2023-06-06 17:27:59,1.134,1.135,1.133,1.135,1.1334359127741367,1.13425,1.133,1.135,True,0.001182532664269962,0.00026163057376845744,0,1.1321006709993535,1.1321698799742033,14.780335179007622,14.780335179007622,1.1326884629405036,1.1326544418254036,100.00000000000004,100.00000000000011,0,2
2023-06-06 17:28:00,2023-06-06 17:28:59,1.134,1.134,1.134,1.134,1.1338429563870682,1.134,1.134,1.134,True,0.0011694946168221156,0.00025689536502795,0,1.1321352754867784,1.1322142746996602,13.476536230573267,13.476536230573267,1.1327015130604987,1.1326678304639568,94.68697915492727,98.22899305164253,0,2
2023-06-06 17:29:00,2023-06-06 17:29:59,1.134,1.134,1.134,1.135,1.133921478193534,1.13425,1.134,1.135,True,0.001157387858477687,0.00024016995868764526,0,1.1321747750932192,1.1322631942197048,12.607336931617034,12.607336931617034,1.1327169208907426,1.1326810858822258,92.65222947290492,95.77973620927752,0,2
2023-06-06 17:30:00,2023-06-06 17:30:59,1.135,1.134,1.134,1.135,1.1340857390967671,1.1345,1.134,1.135,True,0.0011461458685864316,0.00021605134494504815,0,1.1322189846564619,1.132317055768284,12.027870732312877,12.027870732312877,1.1327346629714317,1.1326942094057857,92.65222947290492,93.33047936691247,0,1
2023-06-06 17:31:00,2023-06-06 17:31:59,1.134,1.134,1.134,1.135,1.1342928695483836,1.13425,1.134,1.135,True,0.001135706877973123,0.00018788293594010477,0,1.132268020212373,1.1323727233973144,11.641559932776772,11.641559932776772,1.1327497409518155,1.1327072023470217,90.73252972045948,92.01232955542321,0,1
2023-06-06 17:32:00,2023-06-06 17:32:59,1.134,1.134,1.134,1.134,1.1342714347741918,1.134,1.134,1.1342714347741918,True,0.0010545849581178998,0.00015805416675187633,0,1.1323203718048438,1.1324277157611835,11.384019399752702,11.384019399752702,1.1327621813403546,1.1327200660052603,78.42934350054827,87.27136756463766,0,1
2023-06-06 17:33:00,2023-06-06 17:33:59,1.134,1.134,1.134,1.134,1.1341357173870958,1.134,1.134,1.1341357173870958,True,0.0009792574611094784,0.00012823312712024386,0,1.1323740437830137,1.1324817991779437,11.212325711069994,11.212325711069994,1.1327744979439331,1.1327328016668996,64.09140759861468,77.7510936065409,0,1
2023-06-06 17:34:00,2023-06-06 17:34:59,1.134,1.135,1.134,1.135,1.1340678586935478,1.1345,1.134,1.135,True,0.000980739071030238,0.0001681180570673184,0,1.1324279214804787,1.1325382264362305,16.47141202069207,16.47141202069207,1.1327916671186204,1.1327553608542937,66.83004211935315,69.78359773950547,0,2
2023-06-06 17:35:00,2023-06-06 17:35:59,1.135,1.134,1.134,1.135,1.134283929346774,1.1345,1.134,1.135,True,0.0009821148516709433,0.00011386194264340099,0,1.1324830739583547,1.132596111866434,11.487659601619924,11.487659601619924,1.1328086654557485,1.1327677453234053,76.00704972950989,68.97616648249267,0,1
2023-06-06 17:36:00,2023-06-06 17:36:59,1.134,1.135,1.134,1.135,1.1343919646733869,1.1345,1.134,1.135,True,0.000983392362265884,0.00013813371006916625,0,1.1325395929123945,1.1326547481700322,12.75733174908649,12.75733174908649,1.1328254946551939,1.1327899568127247,79.8969776161622,74.24468982167518,0,2
2023-06-06 17:37:00,2023-06-06 17:37:59,1.135,1.135,1.135,1.136,1.1344459823366935,1.13525,1.135,1.136,True,0.0009845786221040272,0.00014328945120652766,0,1.1325971705412134,1.1327187191317327,13.603779847397533,13.603779847397533,1.1328496190864854,1.1328119472922,84.39106369294198,80.09836367953812,0,2
2023-06-06 17:38:00,2023-06-06 17:38:59,1.136,1.134,1.134,1.136,1.1348479911683467,1.1349999999999998,1.134,1.136,True,0.0010571087205251681,6.704924337623216e-05,0,1.132657944836473,1.1327847359325793,7.847795845650829,7.847795845650829,1.1328710159114954,1.132823768712178,77.13615640826114,80.47473257245521,0,1
2023-06-06 17:39:00,2023-06-06 17:39:59,1.134,1.134,1.134,1.134,1.1349239955841732,1.134,1.134,1.1349239955841732,True,0.0009816009547733704,1.0069052983694067e-05,0,1.1327213403845262,1.1328450494280482,4.010473177819691,0.0,1.1328822495840178,1.1328354725060867,54.25083109020907,71.92601706380415,0,1
2023-06-06 17:40:00,2023-06-06 17:40:59,1.134,1.135,1.134,1.136,1.1344619977920867,1.13475,1.134,1.136,True,0.0010543437437181297,3.665433702095173e-05,0,1.1327831949062872,1.1329056046539625,6.7266336355937,6.7266336355937,1.1329008341652713,1.1328570100930908,33.89949996474305,55.09549582107118,0,2
2023-06-06 17:41:00,2023-06-06 17:41:59,1.135,1.137,1.135,1.137,1.1346059988960433,1.1360000000000001,1.135,1.137,True,0.0011218906191668347,0.0001845852181620825,0,1.1328443997801247,1.1329745110520393,13.764520082694979,13.764520082694979,1.1329316716362636,1.1328982338732592,42.47821490821926,43.54284865439055,0,2
2023-06-06 17:42:00,2023-06-06 17:42:59,1.137,1.137,1.136,1.138,1.1353029994480217,1.137,1.136,1.138,True,0.0011846127177977752,0.0002668837270641789,0,1.132909455416082,1.1330563806789846,18.456444380762505,18.456444380762505,1.1329721525155048,1.1329390474665602,75.81154824155259,50.72975437150507,0,2
2023-06-06 17:43:00,2023-06-06 17:43:59,1.137,1.138,1.137,1.139,1.136151499724011,1.13775,1.137,1.139,True,0.0012428546665265057,0.0003711895631034219,0,1.1329829180475333,1.1331530404320753,23.281845495613837,23.281845495613837,1.1330196932864947,1.1329894052032112,96.1628793670186,71.48421417226358,0,2
2023-06-06 17:44:00,2023-06-06 17:44:59,1.138,1.138,1.138,1.14,1.1369507498620055,1.1384999999999998,1.138,1.14,True,0.0012969364760603268,0.00041586323831335433,0,1.1330679792398044,1.1332658271643916,26.49877957218139,26.49877957218139,1.1330742237015543,1.133039261867856,100.00000000000007,90.65814253619051,0,2
2023-06-06 17:45:00,2023-06-06 17:45:59,1.139,1.14,1.139,1.14,1.1377253749310028,1.1395,1.139,1.14,True,0.0013471552991988751,0.0005564410359806455,0,1.1331669032020981,1.133397398007403,30.909116655372415,30.909116655372415,1.1331381617741756,1.1331085229437976,100.00000000000007,98.72095978900633,0,2
2023-06-06 17:46:00,2023-06-06 17:46:59,1.14,1.138,1.138,1.14,1.1386126874655014,1.1389999999999998,1.138,1.14,True,0.0013937870635418127,0.0004775179389886631,0,1.1332821506047506,1.133539424465229,24.17747226687578,24.17747226687578,1.1331964885226913,1.1331571943572922,93.75208338380769,97.91736112793603,0,1
2023-06-06 17:47:00,2023-06-06 17:47:59,1.138,1.138,1.138,1.139,1.1388063437327505,1.13825,1.138,1.139,True,0.001365659416145977,0.00039658751618959617,0,1.13341078753499,1.1336835624519892,19.68970934121137,19.68970934121137,1.133246772218983,1.1332053814781151,78.9043378108384,90.88547373154881,0,1
2023-06-06 17:48:00,2023-06-06 17:48:59,1.138,1.137,1.137,1.139,1.1385281718663753,1.13775,1.137,1.139,True,0.001410969457849836,0.000248773988233576,0,1.1335471749934896,1.1338249433887215,12.875826092767547,12.875826092767547,1.13329158045561,1.1332431388763429,58.79180533700329,77.14940884388322,0,1
2023-06-06 17:49:00,2023-06-06 17:49:59,1.138,1.138,1.137,1.138,1.1381390859331877,1.13775,1.137,1.1381390859331877,True,0.0013816144965748398,0.00020109170662564778,0,1.1336860591911055,1.1339631836569983,11.458793519914117,11.458793519914117,1.1333359428391363,1.133290470827822,44.92718947936055,60.87444420906752,0,1
2023-06-06 17:50:00,2023-06-06 17:50:59,1.138,1.138,1.137,1.139,1.137944542966594,1.138,1.137,1.139,True,0.001425784889676637,0.00015138843659584554,0,1.133824621424052,1.134099718045525,10.514105138011836,0.0,1.1333823513681,1.1333373318146098,41.23676415456787,48.31858632364401,0,1
2023-06-06 17:51:00,2023-06-06 17:51:59,1.138,1.138,1.137,1.139,1.137972271483297,1.138,1.137,1.139,True,0.0014668002546997345,0.00010236294627881154,0,1.1339621697347884,1.1342339726118227,9.884312883410317,0.0,1.1334282981206563,1.133383726522922,42.81112573064102,42.99169312152325,0,1
2023-06-06 17:52:00,2023-06-06 17:52:59,1.138,1.137,1.137,1.138,1.1379861357416483,1.1375,1.137,1.138,True,0.0014334573793640313,-1.2761745991376116e-05,0,1.1340980711733055,1.1343620805972143,4.735443594208817,0.0,1.133468812567217,1.1334197093435896,38.32747312433329,40.7917876698475,0,1
2023-06-06 17:53:00,2023-06-06 17:53:59,1.137,1.137,1.137,1.138,1.137743067870824,1.1372499999999999,1.137,1.138,True,0.0014024961379808783,-9.686046795944468e-05,0,1.13423007588526,1.134482755113348,1.3028640680744914,0.0,1.1335064363227672,1.1334553341262406,23.532310688761914,34.89030318124551,0,1
2023-06-06 17:54:00,2023-06-06 17:54:59,1.137,1.138,1.137,1.138,1.137496533935412,1.1375,1.137,1.138,True,0.0013737464138393791,-8.839452125536818e-05,0,1.134356415499304,1.134598464517211,3.800653189642773,0.0,1.1335461732747794,1.1335005546821983,11.28715579466261,24.382313202586044,0,1
2023-06-06 17:55:00,2023-06-06 17:55:59,1.137,1.138,1.137,1.138,1.137498266967706,1.1375,1.137,1.138,True,0.0013470502414222728,-8.888989735785012e-05,0,1.1344774400082573,1.1347094709637018,5.465845937354956,0.0,1.1335855148342342,1.1335453252823755,5.100015082944208,13.30649385545635,0,1
2023-06-06 17:56:00,2023-06-06 17:56:59,1.137,1.138,1.137,1.138,1.137499133483853,1.1375,1.137,1.138,True,0.0013222609384635313,-9.501167524185233e-05,0,1.1345934554859796,1.1348160131165053,6.57597443582975,0.0,1.1336244649353862,1.133589650403944,7.650022624416277,8.012397834007805,0,1
2023-06-06 17:57:00,2023-06-06 17:57:59,1.137,1.138,1.137,1.138,1.1374995667419263,1.1375,1.137,1.138,True,0.0012992423000018425,-0.00010434111767826208,0,1.1347047343012424,1.1349183095070212,7.316060101479614,0.0,1.1336630274733426,1.1336335344795267,7.650022624416277,6.80002011059236,0,1
2023-06-06 17:58:00,2023-06-06 17:58:59,1.138,1.137,1.137,1.14,1.1374997833709632,1.138,1.137,1.14,True,0.0014207249928588459,-0.0001837266162422399,0,1.134811521904132,1.1350199918487343,0.9714344180549972,0.0,1.1337061814288316,1.1336670316488846,13.60298546372735,9.634343570853408,0,1
2023-06-06 17:59:00,2023-06-06 17:59:59,1.137,1.138,1.137,1.138,1.1377498916854816,1.1375,1.137,1.138,True,0.0013906732076546348,-0.00016739843382637676,0,1.1349157568764332,1.1351170625647744,2.8130681570466365,0.0,1.1337439308673507,1.133710145761831,11.05297792225528,10.768662003466408,0,1
2023-06-06 18:00:00,2023-06-06 18:00:59,1.137,1.138,1.137,1.138,1.1376249458427408,1.1375,1.137,1.138,True,0.0013627679785364387,-0.00015821965371995992,0,1.135016409720604,1.1352098365071472,4.040823983041065,0.0,1.1337813046895662,1.1337528308786287,8.502970380783234,11.052977922255394,0,1
2023-06-06 18:01:00,2023-06-06 18:01:59,1.137,1.138,1.136,1.138,1.1375624729213705,1.1372499999999999,1.136,1.138,True,0.0014082845514981218,-0.0001538169717583849,0,1.1351131231138756,1.1352968757756214,4.859327867037351,0.0,1.1338158190707646,1.133795091267896,9.237055564881302e-14,6.518649434346308,0,1
2023-06-06 18:02:00,2023-06-06 18:02:59,1.138,1.138,1.137,1.138,1.1374062364606852,1.13775,1.137,1.138,True,0.0013791213692482482,-0.00015244872513969906,0,1.1352049994447486,1.1353822334447934,5.404997123034875,0.0,1.1338549651496623,1.1338369311557777,14.499307794884333,7.667426058555992,0,1
2023-06-06 18:03:00,2023-06-06 18:03:59,1.137,1.138,1.137,1.138,1.1375781182303426,1.1375,1.137,1.138,True,0.001352041271444794,-0.0001528548694640819,0,1.1352936164447711,1.135463966268757,5.768776627033219,0.0,1.1338912341531482,1.1338783547263669,19.384281126202033,11.294529640362258,0,1
2023-06-06 18:04:00,2023-06-06 18:04:59,1.138,1.138,1.137,1.138,1.1375390591151713,1.13775,1.137,1.138,True,0.0013268954663415865,-0.00015414041782960998,0,1.1353787913567641,1.1355439997183696,6.011296296365451,0.0,1.1339296298332164,1.1339193661221245,31.574634202267294,21.81940770778466,0,1
2023-06-06 18:05:00,2023-06-06 18:05:59,1.137,1.137,1.136,1.137,1.1376445295575857,1.1367500000000001,1.136,1.1376445295575857,True,0.0013749743616029019,-0.00022425658007654966,0,1.135461395537567,1.135615285060563,-2.6485679332757,-0.0,1.1339576932179605,1.1339500191955363,17.075326407383056,22.678080578617568,0,-2
2023-06-06 18:06:00,2023-06-06 18:06:59,1.137,1.138,1.136,1.138,1.137197264778793,1.1372499999999999,1.136,1.138,True,0.0014196190500598376,-0.00019821677833180675,0,1.135538340299065,1.1356826243947389,-0.029273575258528695,-0.0,1.1339904524894235,1.1339903175119985,22.127565162936005,23.592508590862224,0,-2
2023-06-06 18:07:00,2023-06-06 18:07:59,1.137,1.138,1.137,1.138,1.1372236323893965,1.1375,1.137,1.138,True,0.0013896462607698413,-0.00017942614561400642,0,1.135610482346902,1.1357481102554727,1.7169226634195809,0.0,1.1340253733601755,1.1340302148501875,24.51841481052146,21.24043546028028,0,-2
2023-06-06 18:08:00,2023-06-06 18:08:59,1.138,1.137,1.136,1.138,1.1373618161946983,1.1372499999999999,1.136,1.138,True,0.0014332429564291385,-0.0002344444715718843,0,1.1356792963011872,1.135809972295018,-3.4001843948056205,-3.4001843948056205,1.1340574591973878,1.1340597649511808,33.64961122374295,26.765197065733577,0,-2
2023-06-06 18:09:00,2023-06-06 18:09:59,1.136,1.135,1.135,1.136,1.137305908097349,1.1355,1.135,1.137305908097349,True,0.0014737256023984859,-0.0004029010003052155,0,1.1357446342981026,1.135856549974214,-12.26999104574196,-12.26999104574196,1.1340718128372147,1.1340691205238058,23.71239913687228,27.29347505704567,0,-2
2023-06-06 18:10:00,2023-06-06 18:10:59,1.136,1.136,1.135,1.136,1.1364029540486746,1.13575,1.135,1.1364029540486746,True,0.0014398880593700146,-0.00043076336211416485,0,1.1358005921361582,1.1358924898624714,-12.510308811021027,-12.510308811021027,1.1340885112169439,1.1340883332549123,12.315182415830927,23.225730925482157,0,-2
2023-06-06 18:11:00,2023-06-06 18:11:59,1.135,1.136,1.135,1.136,1.1360764770243374,1.1355,1.135,1.1360764770243374,True,0.00140846748370072,-0.00043434446936960126,0,1.1358465409993148,1.1359180926913912,-12.670520654540397,-12.670520654540397,1.134102555881452,1.134107354814565,4.199941930362436,13.40917449435532,-1,-2
2023-06-06 18:12:00,2023-06-06 18:12:59,1.135,1.134,1.134,1.136,1.1357882385121687,1.13475,1.134,1.136,True,0.001450719806293526,-0.0005584999411605502,0,1.135882316845353,1.1359302356205656,-17.463695604229542,-17.463695604229542,1.1341089981114871,1.134106286607455,4.199941930362436,6.905022092185372,0,-2
2023-06-06 18:13:00,2023-06-06 18:13:59,1.135,1.135,1.134,1.136,1.1352691192560842,1.135,1.134,1.136,True,0.0014899541058439885,-0.000548409981017723,0,1.1359062762329593,1.1359334134284709,-15.891774406269747,-15.891774406269747,1.13411786380192,1.1341151792780275,4.546562996394813,4.3154822857066675,0,-2
2023-06-06 18:14:00,2023-06-06 18:14:59,1.135,1.136,1.135,1.136,1.135134559628042,1.1355,1.135,1.136,True,0.0014549573839979814,-0.00045108389496005655,0,1.135919844830715,1.1359329416619437,-11.033601049990587,-11.033601049990587,1.1341316164009059,1.134133933713072,13.789108979864077,7.511871302207214,0,-1
2023-06-06 18:15:00,2023-06-06 18:15:59,1.137,1.137,1.136,1.137,1.135317279814021,1.1367500000000001,1.136,1.137,True,0.0014224604279981336,-0.00030099026214215434,0,1.1359263932463293,1.1359381761259508,-4.726262228810448,-4.726262228810448,1.134157669969056,1.1341624517855788,37.81724192672688,18.71763796766203,0,-1
2023-06-06 18:16:00,2023-06-06 18:16:59,1.137,1.136,1.136,1.137,1.1360336399070106,1.1364999999999998,1.136,1.137,True,0.0013922846831411321,-0.00026017113728055,0,1.13593228468614,1.1359461519655314,-3.939374548037584,-3.939374548037584,1.134180976735533,1.1341807358474139,56.39267112065395,35.99967400908174,0,-1
2023-06-06 18:17:00,2023-06-06 18:17:59,1.136,1.137,1.136,1.137,1.136266819953505,1.1364999999999998,1.136,1.137,True,0.0013642643486310591,-0.00015426639600630722,0,1.1359392183258357,1.1359562313866385,-0.3549002271296118,-0.0,1.134204051593886,1.1342087882270415,68.24020547200051,54.15003950646055,0,-1
2023-06-06 18:18:00,2023-06-06 18:18:59,1.137,1.136,1.136,1.137,1.1363834099767525,1.1364999999999998,1.136,1.137,True,0.0013382454665859915,-0.00014792771169457,0,1.135947724856237,1.135967897816727,-1.256656574311151,-0.0,1.1342268968516582,1.1342266112297574,70.51662631659245,65.0498343030824,0,-2
2023-06-06 18:19:00,2023-06-06 18:19:59,1.137,1.136,1.136,1.137,1.1364417049883762,1.1364999999999998,1.136,1.137,True,0.0013140850761155715,-0.00013743318193640795,0,1.135957811336482,1.13598073366603,-1.8578274724321773,-0.0,1.1342495147934328,1.1342442568891629,74.71514384547838,71.15732521135722,0,-1
2023-06-06 18:20:00,2023-06-06 18:20:59,1.136,1.136,1.136,1.136,1.136470852494188,1.136,1.136,1.136470852494188,True,0.0012202218563930306,-0.00012449857314076747,0,1.135969272501256,1.1359909716079957,-2.2586080711795304,-0.0,1.1342669325566823,1.1342617269698676,71.45069563843337,72.22748860016817,0,-1
2023-06-06 18:21:00,2023-06-06 18:21:59,1.137,1.136,1.136,1.137,1.136235426247094,1.1364999999999998,1.136,1.137,True,0.0012044917237935362,-0.00011036385311234632,0,1.1359801220546257,1.1360025244878074,-2.5257951370111016,-0.0,1.1342891521332328,1.1342790232189237,75.3924452943296,73.85276159274723,0,-1
2023-06-06 18:22:00,2023-06-06 18:22:59,1.137,1.136,1.136,1.137,1.1363677131235468,1.1364999999999998,1.136,1.137,True,0.0011898851720940058,-9.590765863424178e-05,0,1.1359913232712167,1.1360150333623913,-2.70391984756548,-0.0,1.1343111506194692,1.1342961473659992,79.33419495022584,75.3924452943297,0,-1
2023-06-06 18:23:00,2023-06-06 18:23:59,1.136,1.135,1.135,1.137,1.1364338565617733,1.1357499999999998,1.135,1.137,True,0.001247750516944434,-0.00015030751935188178,0,1.1360031783168039,1.1360230632766013,-7.546439871503608,-7.546439871503608,1.1343254675287282,1.1343031508747952,78.14533031817537,77.62399018757702,0,-2
2023-06-06 18:24:00,2023-06-06 18:24:59,1.136,1.135,1.135,1.136,1.1360919282808866,1.1355,1.135,1.1360919282808866,True,0.0012300540514483952,-0.00017796565626293387,0,1.1360131207967026,1.136025796514193,-10.774786554129022,-10.774786554129022,1.1343371544189895,1.1343100846969365,61.80529528402934,73.0949401841436,0,-2
2023-06-06 18:25:00,2023-06-06 18:25:59,1.136,1.137,1.135,1.137,1.1357959641404434,1.13625,1.135,1.137,True,0.0012850501906306528,-4.9659242890331024e-05,0,1.1360194586554477,1.136029486685716,-2.5040609790673045,-0.0,1.1343561877083528,1.134336850023335,59.43794115014694,66.4628555841173,0,-1
2023-06-06 18:26:00,2023-06-06 18:26:59,1.136,1.136,1.135,1.137,1.1360229820702217,1.1360000000000001,1.135,1.137,True,0.001336118034157035,-3.191087884413615e-05,0,1.1360244726705817,1.1360321896736854,-1.6473240292960867,-0.0,1.1343725440495631,1.1343533987793217,63.95059266566719,61.73127636661459,0,-1
2023-06-06 18:27:00,2023-06-06 18:27:59,1.136,1.136,1.135,1.136,1.136011491035111,1.13575,1.135,1.136011491035111,True,0.0013121096031458103,-1.781501547677716e-05,0,1.1360283311721335,1.1360323816338622,-1.0761660627819367,-0.0,1.1343862500789208,1.1343697828710697,60.1591203069486,61.18255137425434,0,-1
2023-06-06 18:28:00,2023-06-06 18:28:59,1.135,1.135,1.135,1.135,1.1358807455175555,1.135,1.135,1.1358807455175555,True,0.0012898160600639589,-7.525582393960186e-05,0,1.1360303564029979,1.1360254495295496,-4.6850499160414785,-4.6850499160414785,1.1343923570433097,1.134376053688273,32.28017099348001,52.129961322032024,0,-2
2023-06-06 18:29:00,2023-06-06 18:29:59,1.135,1.135,1.135,1.136,1.1354403727587776,1.13525,1.135,1.136,True,0.0012691149129165254,-0.00010767401034194723,0,1.1360279029662739,1.1360146714266377,-7.090972484881171,-7.090972484881171,1.1344008908040728,1.1343822621092852,17.948372589719522,36.7958879633828,0,-2
2023-06-06 18:30:00,2023-06-06 18:30:59,1.135,1.135,1.135,1.136,1.1353451863793889,1.13525,1.135,1.136,True,0.0012498924191367657,-0.00012228300087100059,0,1.136021287196456,1.1360009392912294,-8.69492086410763,-8.69492086410763,1.1344093396517936,1.1343884087549638,15.667153070466222,21.96523221788868,0,-2
2023-06-06 18:31:00,2023-06-06 18:31:59,1.135,1.135,1.135,1.135,1.1352975931896945,1.135,1.135,1.1352975931896945,True,0.0011606143891984254,-0.00012452224151260512,0,1.1360111132438426,1.1359832603764481,-9.76421978359194,-9.76421978359194,1.1344152168691886,1.134394494239989,17.51996209705567,17.04516258574723,0,-2
2023-06-06 18:32:00,2023-06-06 18:32:59,1.136,1.135,1.135,1.136,1.1351487965948472,1.1355,1.135,1.136,True,0.0011491419328271014,-0.00011846022123238726,0,1.1359971868101455,1.1359660259623996,-10.477085729914812,-10.477085729914812,1.1344260107311868,1.1344005191729245,28.241863085312758,20.47632608427831,0,-1
2023-06-06 18:33:00,2023-06-06 18:33:59,1.135,1.135,1.135,1.135,1.1353243982974237,1.135,1.135,1.1353243982974237,True,0.0010670603661965942,-0.0001071099495422,0,1.1359816063862727,1.1359458292215798,-10.952329694130057,-10.952329694130057,1.134431722067195,1.1344064841562784,26.563904167026035,24.108576449798246,0,-1
2023-06-06 18:34:00,2023-06-06 18:34:59,1.134,1.135,1.134,1.135,1.135162199148712,1.1345,1.134,1.135162199148712,True,0.0010622703400397025,-9.267539207814303e-05,0,1.1359637178039264,1.1359200082594485,-11.269159003606887,-11.269159003606887,1.1344324014496108,1.1344123897865641,24.711095140436587,26.505620797591884,0,-1
2023-06-06 18:35:00,2023-06-06 18:35:59,1.134,1.134,1.134,1.135,1.134831099574356,1.13425,1.134,1.135,True,0.0010578224586083032,-0.00014531495342523108,0,1.1359418630316875,1.1358882212017194,-17.3395070037664,-17.3395070037664,1.1344305865098137,1.1344082864056033,6.15561761694642,19.143538974803104,0,-2
2023-06-06 18:36:00,2023-06-06 18:36:59,1.135,1.135,1.134,1.135,1.1345405497871779,1.13475,1.134,1.135,True,0.0010536922829934325,-0.00010157647094985683,0,1.1359150421167035,1.135855385619722,-11.94526290882834,-11.94526290882834,1.134433764753497,1.13441417410306,14.442113111079555,15.102941956154277,0,-1
2023-06-06 18:37:00,2023-06-06 18:37:59,1.135,1.135,1.134,1.135,1.134645274893589,1.13475,1.134,1.135,True,0.001049857119922481,-6.589599083095716e-05,0,1.1358852138682127,1.1358219498142061,-8.34910017886964,-8.34910017886964,1.1344369113728652,1.1344200032164624,28.884226222159043,16.493985650061763,0,-1
2023-06-06 18:38:00,2023-06-06 18:38:59,1.134,1.134,1.134,1.135,1.1346976374467945,1.13425,1.134,1.135,True,0.0010462958970708831,-0.0001054910799294554,0,1.1358535818412094,1.1357848403219444,-11.47305239553701,-11.47305239553701,1.1344350515582098,1.1344158240799802,33.45325522674276,25.593198186660544,0,-2
2023-06-06 18:39:00,2023-06-06 18:39:59,1.135,1.134,1.134,1.135,1.1344738187233974,1.1345,1.134,1.135,True,0.0010429890472801137,-0.00012323273128100117,0,1.135819211081577,1.1357468083867197,-13.555687206648592,-13.555687206648592,1.1344356978113619,1.1344116865269456,33.45018346903925,31.929221639313777,0,-2
2023-06-06 18:40:00,2023-06-06 18:40:59,1.135,1.134,1.134,1.135,1.1344869093616987,1.1345,1.134,1.135,True,0.0010399184010458278,-0.00012584770591210156,0,1.1357830097341484,1.1357083111451847,-14.944110414056311,-14.944110414056311,1.1344363376341344,1.1344075901435928,35.80431400812895,34.23591756797041,0,-2
2023-06-06 18:41:00,2023-06-06 18:41:59,1.135,1.134,1.134,1.135,1.1344934546808494,1.1345,1.134,1.135,True,0.0010370670866854195,-0.00011835994831524703,0,1.1357456604396665,1.1356697116967365,-15.86972588566146,-15.86972588566146,1.1344369710905111,1.1344035345202734,48.03152865371442,39.09534204362763,0,-1
2023-06-06 18:42:00,2023-06-06 18:42:59,1.135,1.135,1.134,1.135,1.1344967273404247,1.13475,1.134,1.135,True,0.001034419437636469,-3.591198079731187e-05,0,1.1357076860682014,1.1356330118791984,-7.1666730060438155,-0.0,1.1344400858060284,1.1344094695001712,62.10416671151898,48.64666979112088,0,-1
2023-06-06 18:43:00,2023-06-06 18:43:59,1.135,1.135,1.134,1.135,1.1346233636702123,1.13475,1.134,1.135,True,0.0010319609063767293,2.2785514888228726e-05,0,1.1356703489737,1.1355980594542125,-1.3646377529653861,-0.0,1.1344431695293515,1.1344153454255426,73.81960247253029,61.31843261258799,0,-1
2023-06-06 18:44:00,2023-06-06 18:44:59,1.135,1.135,1.134,1.135,1.134686681835106,1.13475,1.134,1.135,True,0.0010296779844926852,6.345500487282721e-05,0,1.1356342042139562,1.1355647225744778,2.5033857490869025,0.0,1.1344462225688605,1.1344211628839949,85.53503823354164,73.81960247253039,0,-1
2023-06-06 18:45:00,2023-06-06 18:45:59,1.135,1.136,1.135,1.136,1.134718340917553,1.1355,1.135,1.136,True,0.0010275581284574856,0.0001591106887563245,0,1.135599463394217,1.135538032148927,10.600600717888355,10.600600717888355,1.134456707916434,1.1344368727060448,90.35669215569443,83.2371109539222,0,-1
2023-06-06 18:46:00,2023-06-06 18:46:59,1.135,1.136,1.135,1.136,1.1351091704587764,1.1355,1.135,1.136,True,0.0010255896907105145,0.00021719068413095607,0,1.135568747771572,1.1355167576482004,15.998744030422657,15.998744030422657,1.1344670889321908,1.1344524262114573,95.17834607784728,90.35669215569453,0,-1
2023-06-06 18:47:00,2023-06-06 18:47:59,1.136,1.135,1.135,1.136,1.1353045852293882,1.1355,1.135,1.136,True,0.0010237618556597557,0.0001794431477400801,0,1.1355427527098862,1.1354998931088758,10.00222254008142,10.00222254008142,1.1344773666542587,1.1344578747068657,100.00000000000007,95.17834607784734,0,-2
2023-06-06 18:48:00,2023-06-06 18:48:59,1.135,1.135,1.135,1.135,1.135402292614694,1.135,1.135,1.135402292614694,True,0.000950636008826916,0.00014971342608206112,0,1.135521322909381,1.1354831857401184,6.004541546520599,6.004541546520599,1.1344825669860572,1.1344632689883893,87.24361431755733,94.14065346513497,0,-2
2023-06-06 18:49:00,2023-06-06 18:49:59,1.136,1.137,1.136,1.137,1.135201146307347,1.1364999999999998,1.136,1.137,True,0.0010255905796249935,0.00026340069798119195,0,1.1355022543247497,1.1354770083383687,12.335986148596085,12.335986148596085,1.134502640946395,1.1344885100929825,87.24361431755733,91.49574287837167,1,2
2023-06-06 18:50:00,2023-06-06 18:50:59,1.136,1.137,1.136,1.137,1.1358505731536734,1.1364999999999998,1.136,1.137,True,0.001023762681080359,0.0003271342209388139,0,1.1354896313315592,1.1354791636372426,16.5569492166464,16.5569492166464,1.1345225151658338,1.1345135000423061,87.24361431755733,87.24361431755743,0,2
2023-06-06 18:51:00,2023-06-06 18:51:59,1.136,1.137,1.136,1.137,1.1361752865768366,1.1364999999999998,1.136,1.137,True,0.0010220653467174843,0.00035517551420983644,0,1.1354843974844009,1.1354878645422752,19.370924595346622,19.370924595346622,1.1345421916318454,1.1345382413354175,100.00000000000007,91.49574287837167,0,2
2023-06-06 18:52:00,2023-06-06 18:52:59,1.137,1.137,1.137,1.137,1.1363376432884182,1.137,1.137,1.137,True,0.0009490606790948069,0.0003583018131379034,0,1.135486131013338,1.1355050896833403,21.246908181146765,21.246908181146765,1.1345666474365037,1.1345627364465078,100.00000000000007,95.74787143918591,0,2
2023-06-06 18:53:00,2023-06-06 18:53:59,1.137,1.137,1.137,1.137,1.1366688216442091,1.137,1.137,1.137,True,0.000881270630588035,0.0003445944585253775,0,1.1354956103483391,1.135528907832595,22.49756390501352,22.49756390501352,1.134590859899822,1.1345869878251496,100.00000000000007,100.00000000000016,0,2
2023-06-06 18:54:00,2023-06-06 18:54:59,1.137,1.137,1.137,1.137,1.1368344108221047,1.137,1.137,1.137,True,0.0008183227284031754,0.000320056460633436,0,1.135512259090467,1.1355577532857297,23.33133438759137,23.33133438759137,1.1346148314431073,1.134610997896541,100.00000000000007,100.00000000000016,0,2
2023-06-06 18:55:00,2023-06-06 18:55:59,1.137,1.136,1.136,1.138,1.1369172054110523,1.13675,1.136,1.138,True,0.0009027282478029486,0.0002205238566074041,0,1.1355350061880982,1.1355886435942133,12.971468415016467,12.971468415016467,1.1346360769013848,1.1346248188129935,93.71589876233249,97.90529958744429,0,1
2023-06-06 18:56:00,2023-06-06 18:56:59,1.136,1.136,1.136,1.136,1.1368336027055261,1.136,1.136,1.1368336027055261,True,0.0008382476586741666,0.00014518514437707528,0,1.1355618248911556,1.135615786093728,6.0648910999665375,6.0648910999665375,1.1346496482755004,1.134638502207889,71.66065706899002,88.45885194377428,0,1
2023-06-06 18:57:00,2023-06-06 18:57:59,1.136,1.136,1.136,1.136,1.136416801352763,1.136,1.136,1.136416801352763,True,0.0007783728259117262,8.863404127824876e-05,0,1.1355888054924417,1.135639791690473,1.4605062232665773,0.0,1.1346630846110675,1.1346520494496017,49.60541537564751,71.66065706899009,0,1
2023-06-06 18:58:00,2023-06-06 18:58:59,1.137,1.137,1.137,1.137,1.1362084006763813,1.137,1.137,1.137,True,0.0007942033383466109,0.00011519545166526195,0,1.1356142985914572,1.135668023941149,6.6689142858144095,6.6689142858144095,1.1346863375005096,1.1346754121416456,47.660495173195535,56.30885587261111,0,2
2023-06-06 18:59:00,2023-06-06 18:59:59,1.136,1.135,1.135,1.136,1.1366042003381907,1.1355,1.135,1.1366042003381907,True,0.0008803316713218531,-1.160326675907268e-05,0,1.135641161266303,1.1356890985677282,-1.2163510662759833,-0.0,1.134694433644783,1.1346786418715795,36.38240353320468,44.54943802734933,0,1
2023-06-06 19:00:00,2023-06-06 19:00:59,1.136,1.136,1.136,1.137,1.1360521001690953,1.13625,1.136,1.137,True,0.0009603079805131494,-2.6127769650130983e-05,0,1.1356651299170155,1.1357095391497674,-1.2579853198231135,-0.0,1.1347099119169743,1.1346917897136533,35.5863672385534,39.8764219816513,0,1
2023-06-06 19:01:00,2023-06-06 19:01:59,1.136,1.135,1.135,1.137,1.1361510500845475,1.1357499999999998,1.135,1.137,True,0.0010345716961907816,-0.00010451163425499602,0,1.1356873345333915,1.1357259097682184,-4.8364976568595,-0.0,1.1347202610521288,1.1346948564826715,14.168395712338283,28.712388828032214,0,-2
2023-06-06 19:02:00,2023-06-06 19:02:59,1.135,1.135,1.135,1.136,1.1359505250422737,1.13525,1.135,1.136,True,0.0010321022893200035,-0.0001519211957213929,0,1.135706622150805,1.1357355332241295,-7.222172548217095,-7.222172548217095,1.134725532086436,1.1346978927365754,14.168395712338283,21.30771955441008,0,-2
2023-06-06 19:03:00,2023-06-06 19:03:59,1.135,1.134,1.134,1.136,1.135600262521137,1.13475,1.134,1.136,True,0.0011012378400828604,-0.0002454997234264314,-1,1.1357210776874673,1.1357363480326486,-11.849130796148337,-11.849130796148337,1.1347257755482625,1.1346909485302412,3.686340366998748,10.674377263891863,-1,-2
2023-06-06 19:04:00,2023-06-06 19:04:59,1.134,1.134,1.134,1.134,1.1351751312605685,1.134,1.134,1.1351751312605685,True,0.001022577994362656,-0.0002957541717767562,0,1.1357287128600582,1.1357250763430768,-14.933769628102496,-14.933769628102496,1.134718553901016,1.1346840734204875,8.704148513061227e-14,5.951578693112464,0,-2
2023-06-06 19:05:00,2023-06-06 19:05:59,1.134,1.135,1.134,1.136,1.1345875656302842,1.13475,1.134,1.136,True,0.0010923938519081806,-0.0002466876618806191,0,1.1357268946015677,1.135709512001935,-10.908863559450722,-10.908863559450722,1.1347188667975234,1.1346872169685422,7.548979762619581,3.7451067098728967,0,-1
2023-06-06 19:06:00,2023-06-06 19:06:59,1.136,1.135,1.135,1.136,1.134668782815142,1.1355,1.135,1.136,True,0.0010857942910575884,-0.00020377877140437576,0,1.1357182033017514,1.1356958206115544,-8.225592847016202,-8.225592847016202,1.1347266392671997,1.134690329237512,21.60211896520049,9.717032909273478,0,-1
2023-06-06 19:07:00,2023-06-06 19:07:59,1.135,1.135,1.135,1.135,1.135084391407571,1.135,1.135,1.135084391407571,True,0.0010082375559820464,-0.00016644479195995461,0,1.135707011956653,1.1356802672142459,-6.436745705393186,-6.436745705393186,1.1347293592744914,1.1346934105386313,31.867344578520814,20.33948110211372,0,-1
2023-06-06 19:08:00,2023-06-06 19:08:59,1.134,1.134,1.134,1.134,1.1350421957037855,1.134,1.134,1.1350421957037855,True,0.001007649159126194,-0.0002026910646155875,0,1.1356936395854496,1.1356564934951694,-10.071122673001902,-10.071122673001902,1.1347221019682776,1.1346865109312816,28.577013816805348,27.34882578684231,0,-2
2023-06-06 19:09:00,2023-06-06 19:09:59,1.134,1.135,1.134,1.135,1.1345210978518927,1.1345,1.134,1.135,True,0.001007102790617188,-0.00014740805771042335,0,1.1356750665403097,1.1356298415036825,-6.4483609577590215,-6.4483609577590215,1.134719891998444,1.1346896302254976,24.06921341243073,28.17119060258572,0,-1
2023-06-06 19:10:00,2023-06-06 19:10:59,1.134,1.134,1.134,1.134,1.1345105489259464,1.134,1.134,1.1345105489259464,True,0.001006595448430254,-0.00017233285476640092,0,1.1356524540219963,1.135597675757358,-8.169058163581823,-8.169058163581823,1.134712728893982,1.1346827682332041,19.5395855538971,24.061937594377813,0,-2
2023-06-06 19:11:00,2023-06-06 19:11:59,1.134,1.134,1.134,1.135,1.1342552744629733,1.13425,1.134,1.135,True,0.0010061243449709582,-0.00017914259156886505,0,1.1356250648896773,1.135563104950167,-9.31618963413036,-9.31618963413036,1.1347081246263802,1.1346759745194408,23.683585277003587,22.430794747777227,0,-2
2023-06-06 19:12:00,2023-06-06 19:12:59,1.135,1.133,1.133,1.135,1.1342526372314867,1.134,1.133,1.135,True,0.0010771154631873186,-0.0002422135949607674,0,1.1355940849199224,1.135525162548278,-13.41070163669876,-13.41070163669876,1.1347010786101972,1.1346592981560633,24.169251657789715,22.464140829563558,0,-2
2023-06-06 19:13:00,2023-06-06 19:13:59,1.133,1.134,1.133,1.134,1.1341263186157433,1.1335,1.133,1.1341263186157433,True,0.001071607215816788,-0.0002012891622402045,0,1.1355596237341004,1.135481395459667,-10.461325756830952,-10.461325756830952,1.13468912757925,1.134652737975406,22.349129862359817,23.40065559905113,0,-1
2023-06-06 19:14:00,2023-06-06 19:14:59,1.133,1.133,1.133,1.133,1.1338131593078717,1.133,1.133,1.1338131593078717,True,0.0010664924146870096,-0.0002317801418250028,0,1.1355205095968839,1.1354299123112774,-11.859212887021279,-11.859212887021279,1.1346723203396554,1.1346362928214218,13.946481138349307,20.154954219499704,0,-2
2023-06-06 19:15:00,2023-06-06 19:15:59,1.133,1.133,1.133,1.135,1.1334065796539359,1.1335,1.133,1.135,True,0.001133171527923652,-0.00023812454376503272,0,1.1354752109540809,1.1353761380156413,-12.791137640481502,-12.791137640481502,1.1346606554606538,1.1346200113008107,15.172423419282216,17.156011473330537,0,-2
2023-06-06 19:16:00,2023-06-06 19:16:59,1.133,1.133,1.133,1.133,1.133453289826968,1.133,1.133,1.133453289826968,True,0.001052230704500534,-0.00022818381861213247,0,1.1354256744848612,1.1353174983007879,-13.412420809454979,-13.412420809454979,1.1346441315257219,1.1346038917853798,15.440210596525795,14.853038384719197,0,-2
2023-06-06 19:17:00,2023-06-06 19:17:59,1.133,1.133,1.133,1.134,1.133226644913484,1.1332499999999999,1.133,1.134,True,0.0010484999398933453,-0.00020778803353148888,0,1.1353715863928246,1.1352571456038394,-13.82660958877063,-13.82660958877063,1.134630259570242,1.1345879326631372,25.30888616956913,18.64050672845914,0,-1
2023-06-06 19:18:00,2023-06-06 19:18:59,1.134,1.134,1.134,1.134,1.133238322456742,1.134,1.134,1.134,True,0.0010450356584723842,-0.00011263778694016609,0,1.135314365998332,1.1352010041453238,-7.3066109067134235,-7.3066109067134235,1.1346239883307372,1.134582082586887,39.727516783474904,26.8255378498567,0,-1
2023-06-06 19:19:00,2023-06-06 19:19:59,1.133,1.133,1.133,1.133,1.133619161228371,1.133,1.133,1.133619161228371,True,0.0010418188257243488,-0.00011038750318334133,0,1.135257685071828,1.135141702351087,-8.06003444919704,-8.06003444919704,1.1346078292428692,1.1345663404715947,46.11844963574839,37.051617529597564,0,-2
2023-06-06 19:20:00,2023-06-06 19:20:59,1.134,1.134,1.133,1.134,1.1333095806141855,1.13375,1.133,1.134,True,0.0010388317667440303,-3.097784078602496e-05,0,1.1351996937114575,1.1350854650732842,-3.6421189969548777,-0.0,1.1345992936285123,1.1345607052430216,68.53522027041322,51.46039556321225,0,-1
2023-06-06 19:21:00,2023-06-06 19:21:59,1.134,1.134,1.134,1.135,1.1335297903070929,1.13425,1.134,1.135,True,0.0010360580691194646,2.6231537638444222e-05,0,1.1351425793923708,1.135035456890086,-0.6968420287934336,-0.0,1.1345958180700197,1.1345551260863747,76.19297552991544,63.61554847869244,0,-1
2023-06-06 19:22:00,2023-06-06 19:22:59,1.135,1.134,1.134,1.135,1.1338898951535463,1.1345,1.134,1.135,True,0.0010334824927537964,6.647634153613292e-05,0,1.1350890181412283,1.1349924112920613,1.2666759499808649,0.0,1.1345948646563877,1.1345496024437243,98.95211287437492,81.22676955823461,0,-1
2023-06-06 19:23:00,2023-06-06 19:23:59,1.135,1.134,1.133,1.135,1.1341949475767732,1.13425,1.133,1.135,True,0.0011025194575570968,9.383758631324247e-05,0,1.1350407147166448,1.1349534274590225,2.575687935830395,0.0,1.1345914331672695,1.1345441337626923,96.09524266012932,90.41344368813998,0,-1
2023-06-06 19:24:00,2023-06-06 19:24:59,1.133,1.134,1.132,1.134,1.1342224737883866,1.1332499999999999,1.132,1.1342224737883866,True,0.001166625210588733,0.0001114875474507687,0,1.1349970710878337,1.1349110478892097,3.4483625930634147,3.4483625930634147,1.1345780855735654,1.1345387194963967,78.09303287063466,91.04679613504639,0,-1
2023-06-06 19:25:00,2023-06-06 19:25:59,1.133,1.132,1.132,1.134,1.1337362368941932,1.1327499999999997,1.132,1.134,True,0.0012261519812609666,-1.52584584324465e-05,0,1.1349540594885217,1.1348628550691395,-6.129416409750689,-6.129416409750689,1.1345598956673608,1.1345134586058854,53.93289767816284,76.04039106964237,0,-2
2023-06-06 19:26:00,2023-06-06 19:26:59,1.133,1.133,1.133,1.133,1.1332431184470964,1.133,1.133,1.1332431184470964,True,0.0012099982683137626,-2.3931042797118753e-05,0,1.1349084572788306,1.1348121313561228,-6.269206996177168,-6.269206996177168,1.1345443743174368,1.1344983993162745,38.16456947751855,56.730166675438774,0,-2
2023-06-06 19:27:00,2023-06-06 19:27:59,1.133,1.133,1.133,1.133,1.1331215592235482,1.133,1.133,1.1331215592235482,True,0.0011235698205770653,-2.4408521799957478e-05,0,1.1348602943174768,1.1347597630719046,-6.36240072046148,-6.36240072046148,1.1345290074088057,1.1344834898703413,36.49369372649815,42.86372029405994,0,-1
2023-06-06 19:28:00,2023-06-06 19:28:59,1.133,1.134,1.133,1.134,1.1330607796117742,1.1335,1.133,1.134,True,0.0011147434048215529,4.904510273640863e-05,0,1.1348100286946907,1.134709889839068,-1.4515309924875766,-0.0,1.134518768529116,1.1344786790258603,48.99763677172721,41.21863332524806,0,-1
2023-06-06 19:29:00,2023-06-06 19:29:59,1.133,1.132,1.132,1.133,1.1332803898058872,1.1324999999999998,1.132,1.1332803898058872,True,0.0011779760187628707,-3.879482828014649e-05,0,1.1347599592668793,1.1346554620976816,-5.720952051042936,-5.720952051042936,1.1344986812800701,1.134454015552966,41.45981690106271,42.31704913309611,0,-2
2023-06-06 19:30:00,2023-06-06 19:30:59,1.132,1.131,1.131,1.133,1.1328901949029435,1.13175,1.131,1.133,True,0.0012366920174226657,-0.00015833737981523128,0,1.1347077106822805,1.1345926761942733,-10.815519271593992,-10.815519271593992,1.1344713312175818,1.1344196472390062,27.79956910824444,39.41900759367821,0,-2
2023-06-06 19:31:00,2023-06-06 19:31:59,1.131,1.132,1.131,1.132,1.1323200974514718,1.1315,1.131,1.1323200974514718,True,0.0012197854447496101,-0.0001556080622536442,0,1.1346501934382769,1.1345220253633272,-9.841627683408845,-9.841627683408845,1.1344417657328298,1.134395571147076,6.122427922153871,25.127271310487103,0,-2
2023-06-06 19:32:00,2023-06-06 19:32:59,1.132,1.132,1.132,1.132,1.1319100487257359,1.132,1.132,1.132,True,0.001132657912981781,-0.00014226615368541872,0,1.134586109400802,1.1344490976911874,-9.19236662461875,-9.19236662461875,1.1344174695563838,1.1343717346182494,9.21946484645168,14.380487292283426,0,-1
2023-06-06 19:33:00,2023-06-06 19:33:59,1.132,1.131,1.13,1.132,1.1319550243628678,1.1312499999999999,1.13,1.132,True,0.0011946109191973682,-0.0001910010619227061,0,1.1345176035459947,1.1343697320097519,-11.707562550158869,-11.707562550158869,1.13438595244637,1.1343381850200578,10.379529505768689,8.573807424791509,0,-2
2023-06-06 19:34:00,2023-06-06 19:34:59,1.131,1.13,1.13,1.131,1.1316025121814337,1.1305,1.13,1.1316025121814337,True,0.001180710139254707,-0.00027737059614602586,0,1.1344436677778733,1.1342806963737004,-15.616364986286783,-15.616364986286783,1.1343472862528738,1.1342950189999577,10.379529505768689,9.992841285996448,0,-2
2023-06-06 19:35:00,2023-06-06 19:35:59,1.13,1.131,1.13,1.131,1.1310512560907169,1.1305,1.13,1.1310512560907169,True,0.001167802272165093,-0.0002465985452315732,0,1.134362182075787,1.134184658393525,-13.459544925506087,-13.459544925506087,1.1343090047976214,1.1342622327412517,1.1600646593171149,7.306374556951593,0,-1
2023-06-06 19:36:00,2023-06-06 19:36:59,1.13,1.131,1.13,1.131,1.1307756280453585,1.1305,1.13,1.131,True,0.0011558163955818802,-0.00020964129454643997,0,1.134273420234656,1.1340837663412526,-12.021664884985626,-12.021664884985626,1.1342711042523714,1.1342297727139756,1.0643338062739834e-13,3.846531388362066,0,-1
2023-06-06 19:37:00,2023-06-06 19:37:59,1.131,1.13,1.129,1.131,1.1306378140226792,1.13025,1.129,1.131,True,0.0012161152244688888,-0.00023857358506959082,0,1.1341785932879545,1.1339780296047897,-14.04352804943015,-14.04352804943015,1.1342310932647857,1.1341876854232893,1.0643338062739834e-13,0.38668821977253853,0,-2
2023-06-06 19:38:00,2023-06-06 19:38:59,1.129,1.13,1.129,1.13,1.1304439070113395,1.1295,1.129,1.1304439070113395,True,0.001200678422721103,-0.00023984554374629368,0,1.1340783114463722,1.1338640582832533,-15.391436825726501,-15.391436825726501,1.134184017709912,1.1341460169116149,1.0643338062739834e-13,2.0238132157778132e-13,0,-2
2023-06-06 19:39:00,2023-06-06 19:39:59,1.129,1.13,1.129,1.13,1.1299719535056698,1.1295,1.129,1.13,True,0.001186344249669588,-0.0002227855582294827,0,1.1339711848648129,1.1337443857794485,-16.29004267659073,-16.29004267659073,1.1341374105685198,1.134104763011997,1.0643338062739834e-13,2.0238132157778132e-13,0,-2
2023-06-06 19:40:00,2023-06-06 19:40:59,1.13,1.13,1.129,1.13,1.1297359767528348,1.12975,1.129,1.13,True,0.0011730339461217523,-0.00019427563661921464,0,1.1338577853221308,1.1336227610412595,-16.889113243833556,-16.889113243833556,1.1340937547419674,1.1340639195989421,5.269737031467505,1.7565790104893353,0,-1
2023-06-06 19:41:00,2023-06-06 19:41:59,1.129,1.13,1.129,1.13,1.1297429883764174,1.1295,1.129,1.13,True,0.001160674378541619,-0.00015932583340036314,0,1.1337402731816952,1.1334987185043919,-17.288493621995435,-17.288493621995435,1.1340480457395596,1.1340234825880073,8.286414742713854,4.518717258060584,0,-1
2023-06-06 19:42:00,2023-06-06 19:42:59,1.13,1.129,1.129,1.13,1.1296214941882088,1.1295,1.129,1.13,True,0.0011491976372172096,-0.00019009292918254926,0,1.1336194958430437,1.1333736234813392,-21.305357824634882,-21.305357824634882,1.1340027915530964,1.133973497686634,12.80105549535555,8.7857357565124,0,-2
2023-06-06 19:43:00,2023-06-06 19:43:59,1.129,1.129,1.127,1.13,1.1295607470941045,1.12875,1.127,1.13,True,0.0012813978059874013,-0.00019308484772585202,0,1.1334965596621915,1.1332434123158046,-23.983267293061182,-23.983267293061182,1.1339505249704784,1.1339240101474635,7.5313184638881525,9.539596233985948,0,-2
2023-06-06 19:44:00,2023-06-06 19:44:59,1.129,1.127,1.126,1.129,1.1291553735470523,1.12775,1.126,1.1291553735470523,True,0.001404155105559738,-0.00031481254946204664,0,1.133369985988998,1.1331032054989203,-29.238395187268047,-29.238395187268047,1.1338888282046031,1.1338551145241056,4.514640752641804,8.282338237295264,0,-2
2023-06-06 19:45:00,2023-06-06 19:45:59,1.128,1.129,1.127,1.129,1.1284526867735263,1.12825,1.127,1.129,True,0.001446715455162614,-0.00023304155045910388,0,1.1332365957439592,1.1329595215350343,-21.46969310803587,-21.46969310803587,1.1338327204612737,1.1338068049268508,11.34122201849758,7.795727078342607,0,-1
2023-06-06 19:46:00,2023-06-06 19:46:59,1.13,1.129,1.129,1.13,1.1283513433867631,1.1295,1.129,1.13,True,0.0014148072083652768,-0.0001601361439939209,0,1.1330980586394968,1.1328226621429867,-16.29055838854775,-16.29055838854775,1.1337896088148929,1.133758976022106,44.67455535183092,20.176806040990197,0,-1
2023-06-06 19:47:00,2023-06-06 19:47:59,1.13,1.129,1.129,1.13,1.1289256716933815,1.1295,1.129,1.13,True,0.0013851781220534634,-9.5974471698236e-05,0,1.1329603603912417,1.1326921147853162,-12.837801908888999,-12.837801908888999,1.1337469261401178,1.1337116230268611,78.00788868516425,44.67455535183101,0,-1
2023-06-06 19:48:00,2023-06-06 19:48:59,1.129,1.129,1.128,1.129,1.1292128358466909,1.1287500000000001,1.128,1.1292128358466909,True,0.0013576653990496526,-4.018992633718745e-05,0,1.132826237588279,1.1325622868328085,-10.53596425578317,-0.0,1.1336972054820071,1.1336647412056984,92.34697811969166,71.67647405222904,0,-1
2023-06-06 19:49:00,2023-06-06 19:49:59,1.128,1.127,1.126,1.128,1.1289814179233455,1.1272499999999999,1.126,1.1289814179233455,True,0.001474975013403257,-0.00012940330315952845,0,1.1326942622105436,1.1324236244356691,-15.444336037440237,-15.444336037440237,1.1336330541836788,1.1335984253728058,72.75633845949224,81.03706842144949,0,-2
2023-06-06 19:50:00,2023-06-06 19:50:59,1.126,1.125,1.125,1.126,1.1281157089616727,1.1255,1.125,1.1281157089616727,True,0.0015124767981601673,-0.00030814550613498496,0,1.1325589433231062,1.1322669511285857,-21.560219621802933,-21.560219621802933,1.1335521282714034,1.1335128689014347,43.321405448827825,69.47490734267068,0,-2
2023-06-06 19:51:00,2023-06-06 19:51:59,1.125,1.127,1.125,1.128,1.1268078544808362,1.12625,1.125,1.128,True,0.0016187284554344333,-0.0002619568667735115,0,1.132412947225846,1.1321023184485417,-17.462481313740355,-17.462481313740355,1.133479470278653,1.1334480642357487,32.59039855289793,49.55604748707276,0,-1
2023-06-06 19:52:00,2023-06-06 19:52:59,1.128,1.127,1.126,1.128,1.1265289272404182,1.1272499999999999,1.126,1.128,True,0.0016459621371891168,-0.00020913250031059667,0,1.1322576328371938,1.1319394099169218,-14.73065577503197,-14.73065577503197,1.133417485499761,1.133383904392607,46.85568791262395,40.92249730478333,0,-1
2023-06-06 19:53:00,2023-06-06 19:53:59,1.127,1.128,1.127,1.128,1.1268894636202091,1.1275,1.127,1.128,True,0.0015998219845327433,-8.547677000298815e-05,0,1.1320985213770578,1.1317806918111222,-9.470844124342726,-0.0,1.133358605047027,1.133330333204621,74.02809856607739,51.15806167719986,0,-1
2023-06-06 19:54:00,2023-06-06 19:54:59,1.127,1.127,1.127,1.128,1.1271947318101045,1.12725,1.127,1.128,True,0.0015569775570661109,-5.858158782748486e-05,0,1.1319396065940899,1.131624646566171,-8.904361504530748,-0.0,1.1332978229072557,1.1332673448145252,88.18333035865129,69.6890389457843,0,-1
2023-06-06 19:55:00,2023-06-06 19:55:59,1.128,1.127,1.127,1.128,1.1272223659050522,1.1275,1.127,1.128,True,0.0015171934458470952,-2.6785528888707876e-05,0,1.1317821265801304,1.1314734915855582,-8.526706424656098,-0.0,1.133240133127084,1.1332049831745796,92.59466008815252,84.93536300429383,0,-1
2023-06-06 19:56:00,2023-06-06 19:56:59,1.127,1.127,1.127,1.127,1.127361182952526,1.127,1.127,1.127361182952526,True,0.0014088224854294455,6.795250224004255e-06,0,1.1316278090828442,1.131323793296633,-8.274936371406326,-0.0,1.1331780422501976,1.1331432420484644,89.7045040366768,90.16083149449362,0,-1
2023-06-06 19:57:00,2023-06-06 19:57:59,1.128,1.128,1.128,1.128,1.1271805914762631,1.128,1.128,1.128,True,0.0013796208793273343,0.0001085825313985316,0,1.1314758011897386,1.131183130024243,-3.6795315085891716,-0.0,1.133126519441738,1.1330920655106687,93.93330102034126,92.07748838172363,0,-1
2023-06-06 19:58:00,2023-06-06 19:58:59,1.127,1.127,1.127,1.127,1.1275902957381314,1.127,1.127,1.1275902957381314,True,0.0013525051022325167,0.00011257722816970751,0,1.1313294656069908,1.1310436841200853,-4.617188233032394,-0.0,1.1330655590492829,1.1330314479433983,87.051318951859,90.22970800295911,0,-1
2023-06-06 19:59:00,2023-06-06 19:59:59,1.128,1.128,1.128,1.128,1.1272951478690656,1.128,1.128,1.128,True,0.0013273261663587575,0.00019012572932739467,0,1.131186574863538,1.1309130144691613,-1.3626350740057944,-0.0,1.1330151554766532,1.1329813837847575,92.2039973605457,91.06287244424875,0,-1
2023-06-06 20:00:00,2023-06-06 20:00:59,1.127,1.128,1.127,1.129,1.1276475739345329,1.1277499999999998,1.127,1.129,True,0.001375374297333132,0.000242865409303121,0,1.1310497946663496,1.1307884356910296,0.8070670320119433,0.0,1.1329627658699204,1.132931817776949,90.31128767471877,89.85553466237458,0,-1
2023-06-06 20:01:00,2023-06-06 20:01:59,1.127,1.129,1.127,1.129,1.1276987869672663,1.1280000000000001,1.127,1.129,True,0.001419990418952194,0.0003453724365493683,0,1.1309191151786895,1.1306712223086512,5.674348092801765,5.674348092801765,1.1329133851149957,1.1328926952120042,98.1072903141732,93.54085844981266,0,2
2023-06-06 20:02:00,2023-06-06 20:02:59,1.128,1.13,1.128,1.13,1.1278493934836331,1.129,1.128,1.13,True,0.0014614196747413232,0.0004748893476051164,0,1.1307951687436704,1.1305674730260675,11.40301209188707,11.40301209188707,1.1328744459596227,1.1328639121750688,98.1072903141732,95.5086227676885,0,2
2023-06-06 20:03:00,2023-06-06 20:03:59,1.13,1.129,1.129,1.13,1.1284246967418166,1.1295,1.129,1.13,True,0.0014284611265455067,0.0004781357437008574,0,1.130681320884869,1.1304784664860843,10.233573528725337,10.233573528725337,1.13284086938291,1.1328254652877547,100.00000000000011,98.73819354278227,0,2
2023-06-06 20:04:00,2023-06-06 20:04:59,1.13,1.129,1.129,1.13,1.1289623483709081,1.1295,1.129,1.13,True,0.001397856760363677,0.0004673894286772466,0,1.1305798936854767,1.1304016776905499,9.453947819950848,9.453947819950848,1.132807626901488,1.1327874009565333,100.00000000000011,99.36909677139124,0,2
2023-06-06 20:05:00,2023-06-06 20:05:59,1.129,1.128,1.128,1.129,1.129231174185454,1.1284999999999998,1.128,1.129231174185454,True,0.0013694384203377082,0.00037874437182714555,0,1.1304907856880133,1.130328173800477,4.529121066064931,4.529121066064931,1.1327647649422692,1.13273976512612,88.16449555168747,96.05483185056266,0,1
2023-06-06 20:06:00,2023-06-06 20:06:59,1.128,1.128,1.128,1.128,1.1288655870927269,1.128,1.128,1.1288655870927269,True,0.001271621390313586,0.0003116684462883877,0,1.1304094797442452,1.1302543299226975,1.2459032301409891,0.0,1.1327173543458287,1.132692603284069,70.93261517447826,86.36570357538871,0,1
2023-06-06 20:07:00,2023-06-06 20:07:59,1.129,1.128,1.128,1.129,1.1284327935463634,1.1284999999999998,1.128,1.129,True,0.001252219862434052,0.0002610403501463176,0,1.1303319048334715,1.1301841555494703,-0.942908660474977,-0.0,1.1326753906209945,1.1326459107140783,59.74776421901411,72.94829164839338,0,1
2023-06-06 20:08:00,2023-06-06 20:08:59,1.129,1.129,1.128,1.129,1.1284663967731816,1.1287500000000001,1.128,1.129,True,0.0012342041579744849,0.0002914646176527248,0,1.1302580301914709,1.1301190669396775,2.8139758471434746,0.0,1.1326363320078503,1.1326096329955302,63.36562889231613,64.68200276193626,0,2
2023-06-06 20:09:00,2023-06-06 20:09:59,1.129,1.129,1.129,1.129,1.128608198386591,1.129,1.129,1.129,True,0.0011460467181191646,0.00030387844276047384,0,1.1301885485655743,1.1300601442301514,5.318565518889109,5.318565518889109,1.132600149599812,1.132573716249306,75.37591209818301,66.16310173650452,0,2
2023-06-06 20:10:00,2023-06-06 20:10:59,1.129,1.124,1.124,1.13,1.1288040991932955,1.12675,1.124,1.13,True,0.001492757666824923,-3.926266082263715e-05,0,1.130124346397863,1.1299910428569215,-6.498736472939967,-0.0,1.1325419391560327,1.13248840563986,53.734631306539036,64.15872409901282,0,-2
2023-06-06 20:11:00,2023-06-06 20:11:59,1.124,1.12,1.12,1.125,1.1277770495966477,1.1222500000000002,1.12,1.1277770495966477,True,0.0017432749763374208,-0.0005282390440011047,0,1.1300576946273924,1.1298835270734908,-16.970701146456392,-16.970701146456392,1.1324395318012463,1.132364142897175,28.618937748216336,52.57649371764622,0,-2
2023-06-06 20:12:00,2023-06-06 20:12:59,1.119,1.121,1.118,1.122,1.125013524798324,1.12,1.118,1.125013524798324,True,0.0019044696208847481,-0.0007458287841403651,0,1.1299706108504417,1.1297310676345735,-20.87067313385707,-20.87067313385707,1.132315755365413,1.132251066848447,0.5072015862253162,27.62025688032699,0,-2
2023-06-06 20:13:00,2023-06-06 20:13:59,1.121,1.116,1.116,1.121,1.122506762399162,1.1185,1.116,1.122506762399162,True,0.0021255789336786872,-0.0011884003083096207,0,1.1298508392425077,1.1295339781783107,-26.220980498608355,-26.220980498608355,1.1321782851627722,1.1320893646907508,1.0495308326123147e-13,9.708713111480682,0,-2
2023-06-06 20:14:00,2023-06-06 20:14:59,1.117,1.115,1.11,1.118,1.120503381199581,1.1150000000000002,1.11,1.120503381199581,True,0.002545180438415925,-0.001480332925136663,0,1.1296924087104092,1.1292790897166676,-30.158204376126765,-30.158204376126765,1.1320073569521973,1.1319193212609922,1.0495308326123147e-13,0.16906719540860438,0,-2
2023-06-06 20:15:00,2023-06-06 20:15:59,1.116,1.123,1.114,1.123,1.1177516905997906,1.119,1.114,1.123,True,0.0030062389785290656,-0.001042205971032706,0,1.1294857492135384,1.129007888751383,-19.601481752895744,-19.601481752895744,1.131877930514862,1.1318305717957087,14.24791819891544,4.749306066305313,0,-1
2023-06-06 20:16:00,2023-06-06 20:16:59,1.124,1.122,1.121,1.124,1.1183758452998953,1.1227500000000001,1.121,1.124,True,0.003005793337205569,-0.000767185458035904,0,1.1292468189824607,1.1287514345522902,-13.647599521980155,-0.0,1.1317871053356097,1.1317327551609255,38.10943038511393,17.45244952800992,0,-1
2023-06-06 20:17:00,2023-06-06 20:17:59,1.123,1.129,1.122,1.129,1.1205629226499476,1.12575,1.122,1.129,True,0.0032910938131194495,-6.01421357781292e-05,1,1.1289991267673756,1.1285289333248585,-3.7020595209889535,-0.0,1.1317270346357529,1.1317055635672846,68.00671866880815,40.12135575094593,0,-1
2023-06-06 20:18:00,2023-06-06 20:18:59,1.129,1.131,1.128,1.135,1.1231564613249738,1.13075,1.128,1.135,True,0.003556015683610926,0.0005517134040158482,0,1.128764030046117,1.1283689954231593,4.1251021614072485,4.1251021614072485,1.1317173128980837,1.1316985430342767,87.09213380322615,64.40276095238283,0,2
2023-06-06 20:19:00,2023-06-06 20:19:59,1.131,1.131,1.129,1.132,1.1269532306624868,1.13075,1.129,1.132,True,0.0035163002776387097,0.0009365124497623758,0,1.128566512734638,1.1282594114118856,9.343209949671376,9.343209949671376,1.1317076878941228,1.1316915923573188,96.563954950361,83.88760247413185,0,2
2023-06-06 20:20:00,2023-06-06 20:20:59,1.131,1.13,1.129,1.131,1.1288516153312433,1.13025,1.129,1.131,True,0.0034079931149502305,0.0010871354010590767,0,1.1284129620732617,1.1281867927037859,11.169881797427784,11.169881797427784,1.1316931835369672,1.1316747605925692,99.05179305671481,94.23596060343408,0,2
2023-06-06 20:21:00,2023-06-06 20:21:59,1.13,1.13,1.129,1.132,1.1295508076656215,1.13025,1.129,1.132,True,0.003378850749596635,0.0011463901891497366,0,1.1282998773885238,1.1281437752804018,12.38766302926539,12.38766302926539,1.1316788235017736,1.131658096308066,98.10358611342951,97.9064447068352,1,2
2023-06-06 20:22:00,2023-06-06 20:22:59,1.13,1.128,1.127,1.132,1.1299004038328109,1.1292499999999999,1.127,1.132,True,0.003494647124625439,0.0010048977290910604,0,1.1282218263344628,1.1281174972384551,9.530109023921497,9.530109023921497,1.131654656103746,1.1316216973398265,95.10140287018271,97.41892734677577,0,1
2023-06-06 20:23:00,2023-06-06 20:23:59,1.128,1.127,1.126,1.128,1.1295752019164054,1.1272499999999999,1.126,1.1295752019164054,True,0.003387886615723622,0.0008068995296944971,0,1.128169661786459,1.128090856397619,5.966322157869783,5.966322157869783,1.131610828679828,1.1315757103016193,89.20972811225778,94.13823903195676,0,1
2023-06-06 20:24:00,2023-06-06 20:24:59,1.127,1.127,1.126,1.128,1.1284126009582027,1.127,1.126,1.1284126009582027,True,0.003288751857457649,0.0006485123967073685,0,1.128130259092039,1.1280623974412998,3.590464247168647,3.590464247168647,1.1315649497874916,1.1315301808458818,82.85384870672975,89.05499322972351,0,1
2023-06-06 20:25:00,2023-06-06 20:25:59,1.127,1.129,1.126,1.13,1.1277063004791015,1.1280000000000001,1.126,1.13,True,0.0033395552962106746,0.0006589303511629034,0,1.1280963282666694,1.1280395633920446,5.593056725907132,5.593056725907132,1.1315294776503027,1.131505004917067,80.41016540099439,84.1579140733274,0,2
2023-06-06 20:26:00,2023-06-06 20:26:59,1.129,1.126,1.126,1.129,1.1278531502395508,1.1275,1.126,1.129,True,0.003315301346481349,0.0004340852697467955,0,1.128067945829357,1.1280178840058073,1.472891007372553,0.0,1.1314893833453246,1.131450228748738,80.7709440597396,81.34498605582135,0,1
2023-06-06 20:27:00,2023-06-06 20:27:59,1.127,1.126,1.125,1.127,1.1276765751197755,1.12625,1.125,1.1276765751197755,True,0.0032213512503041102,0.00027223609406797945,0,1.1280429149175821,1.127988686108198,-1.2738861383171667,-0.0,1.1314372501777095,1.1313959976169097,79.06242125755593,80.08117690609674,0,1
2023-06-06 20:28:00,2023-06-06 20:28:59,1.125,1.127,1.125,1.127,1.1269632875598878,1.126,1.125,1.127,True,0.003134111875282388,0.00022650935905683262,0,1.1280158005128902,1.1279520538964736,-0.9013977271377129,-0.0,1.1313831481858914,1.1313522563470897,69.19378954252258,76.3423849532728,0,1
2023-06-06 20:29:00,2023-06-06 20:29:59,1.126,1.124,1.124,1.126,1.1264816437799439,1.125,1.124,1.1264816437799439,True,0.0031245324556193528,-1.6743151695969316e-05,0,1.1279839272046819,1.1279029588694283,-5.561033271295102,-0.0,1.1313196342735938,1.1312790995675166,44.150811700020746,64.13567416669984,-1,1
2023-06-06 20:30:00,2023-06-06 20:30:59,1.125,1.128,1.125,1.128,1.125740821889972,1.1265,1.125,1.128,True,0.0031870658516465265,0.0001032467538836501,0,1.127943443037055,1.1278546802195286,-1.726372791163108,-0.0,1.1312716777136576,1.1312464717111235,29.916041427218065,47.75354755658723,1,2
2023-06-06 20:31:00,2023-06-06 20:31:59,1.127,1.128,1.126,1.128,1.126120410944986,1.1272499999999999,1.126,1.128,True,0.0031022754336717745,0.00017824241899042548,0,1.1278990616282918,1.1278125213495764,0.8300675289248787,0.0,1.1312316610199893,1.1312141685100177,26.748479157892103,33.60511076171041,0,2
2023-06-06 20:32:00,2023-06-06 20:32:59,1.127,1.125,1.125,1.127,1.126685205472493,1.126,1.125,1.127,True,0.0030949700455523547,1.4775484200750099e-05,0,1.127855791488934,1.1277668935507663,-2.2655918513370636,-0.0,1.1311796046914322,1.13115233598753,31.727834792083737,29.464118459064736,-1,1
2023-06-06 20:33:00,2023-06-06 20:33:59,1.125,1.123,1.123,1.126,1.1263426027362464,1.12425,1.123,1.1263426027362464,True,0.0030881864708700362,-0.00022697818419979454,0,1.1278113425198502,1.1277068408340305,-6.693983725715569,-0.0,1.1311106534009703,1.1310712182165097,21.641880882550094,26.706064944175413,0,1
2023-06-06 20:34:00,2023-06-06 20:34:59,1.123,1.122,1.121,1.124,1.1252963013681232,1.1225,1.121,1.1252963013681232,True,0.0030818874372364703,-0.0004395503708772044,0,1.1277590916769402,1.1276238364424047,-10.713411382970484,-10.713411382970484,1.131024975257677,1.1309809573387335,6.790608082558232,20.053441252397455,0,-2
2023-06-06 20:35:00,2023-06-06 20:35:59,1.122,1.119,1.119,1.122,1.1238981506840617,1.1205,1.119,1.1238981506840617,True,0.0030760383345767306,-0.000760137002833286,0,1.1276914640596725,1.1275096094071975,-16.00419848907417,-16.00419848907417,1.1309202491357102,1.1308617438328754,1.2434497875801753e-13,9.477496321702917,0,-2
2023-06-06 20:36:00,2023-06-06 20:36:59,1.119,1.118,1.118,1.121,1.122199075342031,1.1190000000000002,1.118,1.122199075342031,True,0.0030706070249640993,-0.00099778069756278,0,1.127600536733435,1.1273612926888632,-20.242692710276238,-20.242692710276238,1.1308016396915739,1.1307337662822996,1.2434497875801753e-13,2.2635360275195944,0,-2
2023-06-06 20:37:00,2023-06-06 20:37:59,1.119,1.118,1.118,1.12,1.1205995376710156,1.1187500000000001,1.118,1.1205995376710156,True,0.002994135094609521,-0.0011009290691179547,0,1.127480914711149,1.1271854392678153,-23.068355524410954,-23.068355524410954,1.1306817228787225,1.1306070621401871,1.2434497875801753e-13,2.2530125913059843e-13,0,-2
2023-06-06 20:38:00,2023-06-06 20:38:59,1.117,1.118,1.117,1.119,1.119674768835508,1.11775,1.117,1.119674768835508,True,0.002923125444994555,-0.00111069351044612,0,1.127333176989482,1.1269822514850842,-24.952130733834096,-24.952130733834096,1.1305530490192328,1.130481618735807,1.2434497875801753e-13,2.2530125913059843e-13,0,-2
2023-06-06 20:39:00,2023-06-06 20:39:59,1.119,1.117,1.116,1.12,1.118712384417754,1.1179999999999999,1.116,1.12,True,0.0030000450560663727,-0.0011264020301142662,0,1.127157714237283,1.1267606525173073,-27.17310045759635,-27.17310045759635,1.1304281430588425,1.1303474732757492,1.616369124140524,0.5387897080470252,0,-2
2023-06-06 20:40:00,2023-06-06 20:40:59,1.118,1.118,1.115,1.118,1.118356192208877,1.11725,1.115,1.118356192208877,True,0.0030000418377759256,-0.0010062664170503019,0,1.1269591833772952,1.1265209329010486,-24.835411851727603,-24.835411851727603,1.130297017257262,1.1302246128451447,1.616369124140524,1.077579416093825,0,-1
2023-06-06 20:41:00,2023-06-06 20:41:59,1.119,1.119,1.117,1.12,1.1178030961044385,1.11875,1.117,1.12,True,0.003000038849363368,-0.0008020543735867461,0,1.1267400581391718,1.1262788830975032,-19.905833868208035,-19.905833868208035,1.1301821215631598,1.1301129251551434,11.265890699852662,4.832876316044671,0,-1
2023-06-06 20:42:00,2023-06-06 20:42:59,1.12,1.121,1.12,1.122,1.1182765480522192,1.1207500000000001,1.12,1.122,True,0.0030000360744088495,-0.000482772142994063,0,1.1265094706183374,1.1260503815671132,-11.474812061663187,-11.474812061663187,1.1300882696073073,1.1300222492829528,30.469556989588142,14.45060560452721,0,-1
2023-06-06 20:43:00,2023-06-06 20:43:59,1.122,1.121,1.12,1.123,1.1195132740261098,1.1215000000000002,1.12,1.123,True,0.0030000334976653525,-0.0002397832921488285,0,1.1262799260927252,1.1258392602485585,-5.854130857299957,-0.0,1.1300028141883292,1.1299324756582467,55.10919435138933,32.281547346943476,0,-1
2023-06-06 20:44:00,2023-06-06 20:44:59,1.12,1.121,1.12,1.122,1.120506637013055,1.1207500000000001,1.12,1.122,True,0.002928602533546399,-5.6638667403088004e-05,0,1.1260595931706419,1.1256381252121763,-2.1070100543911323,-0.0,1.1299107463854603,1.1298435953034383,66.93076397097965,50.83650510398581,0,-1
2023-06-06 20:45:00,2023-06-06 20:45:59,1.122,1.124,1.121,1.124,1.1206283185065276,1.1227500000000001,1.121,1.124,True,0.002933702352578807,0.00028539877032448613,0,1.125848859191409,1.1254599545731572,6.3370830064231285,6.3370830064231285,1.1298394951776447,1.1297854500765383,79.44406189043711,67.16134007093547,0,-1
2023-06-06 20:46:00,2023-06-06 20:46:59,1.123,1.122,1.122,1.124,1.1216891592532638,1.12275,1.122,1.124,True,0.002867009327394607,0.00037148539275910384,0,1.1256544068822831,1.1253010864057431,6.051061032873271,6.051061032873271,1.1297689529370711,1.1297079829115977,88.13775786196813,78.1708612411284,0,-1
2023-06-06 20:47:00,2023-06-06 20:47:59,1.122,1.12,1.119,1.122,1.121,1.12075,1.119,1.122,True,0.0028765086611521433,0.00028762035745364106,0,1.1254777466440131,1.1251447830876196,1.6939108921009947,0.0,1.1296792121118266,1.129611386066706,90.40547640350262,85.99576538530272,0,-2
2023-06-06 20:48:00,2023-06-06 20:48:59,1.12,1.119,1.119,1.121,1.1208749999999998,1.1197499999999998,1.119,1.121,True,0.0028139008996412762,0.0001657435860640509,0,1.1253112648658163,1.1249847104369004,-2.9168928494673168,-0.0,1.1295804139813608,1.1295058001356941,76.52555464786073,85.02292963777725,0,-2
2023-06-06 20:49:00,2023-06-06 20:49:59,1.119,1.119,1.119,1.119,1.1203124999999998,1.119,1.119,1.1203124999999998,True,0.002612907978238328,9.306390877681075e-05,0,1.1251479876513584,1.1248176226351376,-5.99076201051286,-0.0,1.1294751362303024,1.1294012648109608,59.54057582602052,75.49053562579472,0,-2
2023-06-06 20:50:00,2023-06-06 20:50:59,1.12,1.118,1.118,1.12,1.1196562499999998,1.1190000000000002,1.118,1.12,True,0.0025691288369355902,-1.3268541602171838e-05,0,1.124982805143248,1.1246461581556357,-9.887369841245352,-9.887369841245352,1.1293709060190555,1.1292878193899563,52.150120600677006,62.738750358186174,0,-2
2023-06-06 20:51:00,2023-06-06 20:51:59,1.118,1.118,1.117,1.119,1.119328125,1.118,1.117,1.119328125,True,0.002528476777154477,-6.799133845843564e-05,0,1.1248144816494419,1.1244655632521812,-12.485108395067016,-12.485108395067016,1.1292577626755824,1.1291755027791108,44.76845053328233,52.153048986660046,0,-2
2023-06-06 20:52:00,2023-06-06 20:52:59,1.118,1.118,1.117,1.119,1.1186640625000002,1.118,1.117,1.119,True,0.0024907284359291576,-8.67789662585194e-05,0,1.1246400224508115,1.1242790189748324,-14.21693409761479,-14.21693409761479,1.1291457451365219,1.129064303746483,40.49183753208711,45.803469555348904,0,-2
2023-06-06 20:53:00,2023-06-06 20:53:59,1.118,1.121,1.118,1.121,1.11833203125,1.1195,1.118,1.121,True,0.002527104976219924,0.0001243660845980329,0,1.124459520712822,1.1240993622009003,-5.638161471643528,-0.0,1.1290497675729745,1.1289840619181597,46.78270380749029,44.014330624286664,0,-1
2023-06-06 20:54:00,2023-06-06 20:54:59,1.12,1.117,1.117,1.12,1.118916015625,1.1185,1.117,1.12,True,0.002632311763632787,-5.5133775827037775e-06,0,1.1242794414568613,1.1239194995799082,-8.29359834393361,-0.0,1.1289447947613032,1.1288648175209641,45.534766385903175,44.26976924182694,0,-2
2023-06-06 20:55:00,2023-06-06 20:55:59,1.117,1.117,1.116,1.118,1.1187080078125,1.117,1.116,1.1187080078125,True,0.0025871466376590165,-7.574958845744419e-05,0,1.1240994705183849,1.1237304173477383,-10.063889592126998,-0.0,1.1288259410820862,1.1287467596351834,33.4630248756064,41.926831689666706,0,-2
2023-06-06 20:56:00,2023-06-06 20:56:59,1.117,1.114,1.113,1.117,1.11785400390625,1.11525,1.113,1.11785400390625,True,0.002688064734969087,-0.00030986176193693177,-1,1.1239149439330618,1.123523366894982,-14.957235135652688,-14.957235135652688,1.1286908570912197,1.1286000257084652,10.823804088709773,29.940531783406538,0,-2
2023-06-06 20:57:00,2023-06-06 20:57:59,1.114,1.115,1.114,1.116,1.116552001953125,1.11475,1.114,1.116552001953125,True,0.0026389172538998666,-0.00036462199200207324,0,1.123719155414022,1.1233001599903594,-15.501946616871692,-15.501946616871692,1.1285521420952873,1.128464702069575,1.0421293457814802e-13,14.762276321438847,0,-2
2023-06-06 20:58:00,2023-06-06 20:58:59,1.115,1.114,1.114,1.116,1.1156510009765626,1.11475,1.114,1.116,True,0.0025932803071927334,-0.0004375146336415671,0,1.1235096577021908,1.123065764434299,-17.15398119143535,-17.15398119143535,1.1284148073480704,1.1283207746857982,1.0421293457814802e-13,3.6079346962367485,0,-2
2023-06-06 20:59:00,2023-06-06 20:59:59,1.114,1.116,1.113,1.117,1.1152005004882812,1.1150000000000002,1.113,1.117,True,0.0026937602852503957,-0.000312429108268173,0,1.1232877110682449,1.1228258834429286,-13.149742587546982,-13.149742587546982,1.1282813266779403,1.1281981799128051,2.3029960950956214,0.7676653650320313,0,-1
2023-06-06 21:00:00,2023-06-06 21:00:59,1.117,1.117,1.114,1.117,1.1151002502441407,1.11625,1.114,1.117,True,0.0027156345505896452,-0.0001330220624089478,0,1.1230567972555867,1.1225919058977987,-8.359454639945,-0.0,1.1281616119846276,1.128086755237056,21.738609192525203,8.013868429207063,0,-1
2023-06-06 21:01:00,2023-06-06 21:01:59,1.116,1.117,1.116,1.117,1.1156751251220705,1.1165,1.116,1.117,True,0.00259308922554752,5.0962494318809726e-06,0,1.1228243515766927,1.122365896778063,-5.165929341543681,-0.0,1.128045576044482,1.127976439264548,45.49921932810113,23.180274871907404,0,-1
2023-06-06 21:02:00,2023-06-06 21:02:59,1.117,1.119,1.116,1.119,1.1160875625610354,1.11775,1.116,1.119,True,0.0026221542808655468,0.000247453437196904,0,1.122595124177378,1.1221562882479243,1.0185742263730617,0.0,1.1279431325017508,1.1278871214609205,76.52955656633894,47.92246169565518,0,-1
2023-06-06 21:03:00,2023-06-06 21:03:59,1.118,1.12,1.118,1.121,1.1169187812805177,1.11925,1.118,1.121,True,0.002649143260803714,0.00047734747192551986,0,1.1223757062126511,1.1219713217499392,6.730212202523738,6.730212202523738,1.1278566336708877,1.127808642640414,90.4272768022427,70.81868423222768,0,2
2023-06-06 21:04:00,2023-06-06 21:04:59,1.119,1.118,1.118,1.12,1.1180843906402589,1.1187500000000001,1.118,1.12,True,0.0026027758850320206,0.00048236829517769647,0,1.1221735139812952,1.1218035946323148,5.130118192273635,5.130118192273635,1.1277660204005306,1.1277110442061808,96.79850960689164,87.91844765849117,0,2
2023-06-06 21:05:00,2023-06-06 21:05:59,1.118,1.116,1.116,1.118,1.1184171953201294,1.117,1.116,1.1184171953201294,True,0.0025597204646725905,0.0003409887385454652,0,1.1219885543068049,1.1216385841254215,0.21736587799350104,0.0,1.127658895819431,1.1275945164031342,83.4379803729895,90.22125559404135,0,1
2023-06-06 21:06:00,2023-06-06 21:06:59,1.115,1.113,1.112,1.116,1.1177085976600647,1.1139999999999999,1.112,1.1177085976600647,True,0.002662597574338834,4.217636335733001e-05,0,1.121813569216113,1.121456261382427,-6.90419013100081,-0.0,1.1275229864082923,1.1274492973344463,56.7426427533762,78.99304424441918,0,-2
2023-06-06 21:07:00,2023-06-06 21:07:59,1.113,1.115,1.113,1.116,1.1158542988300324,1.11425,1.113,1.116,True,0.002686697747600354,-2.216799086000691e-06,0,1.12163491529927,1.1212632747879774,-7.240084189311297,-0.0,1.127390916891792,1.1273254237291284,34.99489116442821,58.39183809693137,0,-2
2023-06-06 21:08:00,2023-06-06 21:08:59,1.115,1.114,1.114,1.116,1.1150521494150163,1.11475,1.114,1.116,True,0.0026376479084860432,-8.583765620156711e-05,0,1.1214490950436236,1.1210666470932873,-8.872698865522466,-0.0,1.127265136624212,1.1271928324482414,26.977508400976888,39.571680772927174,0,-2
2023-06-06 21:09:00,2023-06-06 21:09:59,1.115,1.114,1.112,1.115,1.114901074707508,1.114,1.112,1.115,True,0.0026635302007370324,-0.0001223544412572745,0,1.1212578710684553,1.1208633560122652,-9.961108649663238,-9.961108649663238,1.1271331452150157,1.1270615604835823,28.971395930952994,30.3145984987861,0,-2
2023-06-06 21:10:00,2023-06-06 21:10:59,1.113,1.113,1.111,1.113,1.114450537353754,1.1124999999999998,1.111,1.114450537353754,True,0.0026875637578272524,-0.00019514913885838783,0,1.1210606135403602,1.1206459219981344,-12.281019825691814,-12.281019825691814,1.1269875417800403,1.12692164445887,23.12852868375524,26.359144338561777,0,-2
2023-06-06 21:11:00,2023-06-06 21:11:59,1.114,1.112,1.111,1.114,1.113475268676877,1.11275,1.111,1.114,True,0.002709880632268171,-0.0002878116732676454,0,1.1208532677692473,1.1204205602477424,-15.279086671503258,-15.279086671503258,1.126845874697652,1.1267731703846524,15.682761498552402,22.594228704420278,0,-2
2023-06-06 21:12:00,2023-06-06 21:12:59,1.111,1.112,1.109,1.114,1.1131126343384383,1.1115,1.109,1.114,True,0.002873460587106167,-0.0003201176885038932,0,1.1206369140084949,1.1201819268267803,-17.27779790204422,-17.27779790204422,1.1266931794270285,1.1266261736644072,7.0508782548562605,15.287389479054701,0,-2
2023-06-06 21:13:00,2023-06-06 21:13:59,1.113,1.111,1.111,1.113,1.1123063171692191,1.112,1.111,1.113,True,0.002811070545170012,-0.0003799996797402439,0,1.1204094204176376,1.1199379123370228,-20.136028753869265,-20.136028753869265,1.1265469786367097,1.1264706893493386,8.57958219133046,10.437740648246441,0,-2
2023-06-06 21:14:00,2023-06-06 21:14:59,1.11,1.107,1.107,1.111,1.1121531585846096,1.10875,1.107,1.1121531585846096,True,0.0028959940776578687,-0.000660115682498498,0,1.12017366637733,1.1196690370365994,-25.529929417185116,-25.529929417185116,1.1263698942721654,1.1262769511468576,4.069928040553438,6.566796162246786,0,-2
2023-06-06 21:15:00,2023-06-06 21:15:59,1.107,1.11,1.106,1.111,1.1104515792923046,1.1085,1.106,1.111,True,0.003046280214968013,-0.0005889653388149894,0,1.1199213517069646,1.119380718149737,-21.05224956770836,-21.05224956770836,1.12619208437891,1.1261149914339534,4.069928040553438,5.573146090812512,0,-1
2023-06-06 21:16:00,2023-06-06 21:16:59,1.111,1.11,1.109,1.111,1.1094757896461522,1.11025,1.109,1.111,True,0.0029715459138988693,-0.0004986577639830478,0,1.1196510349283508,1.1190910762257769,-18.067129668057184,-18.067129668057184,1.1260334566736472,1.1259546432604812,10.751079385782537,6.296978488963205,0,-1
2023-06-06 21:17:00,2023-06-06 21:17:59,1.11,1.108,1.108,1.11,1.1098628948230762,1.109,1.108,1.11,True,0.002902149777191807,-0.0005363478005945871,0,1.1193710555770637,1.1187938035876965,-18.75821397917546,-18.75821397917546,1.125863969542566,1.1257759900937103,18.535289006146744,11.118765477494307,0,-2
2023-06-06 21:18:00,2023-06-06 21:18:59,1.108,1.11,1.103,1.11,1.109431447411538,1.10775,1.103,1.11,True,0.0031948533645352576,-0.00037993862140868516,0,1.11908242958238,1.118483986511831,-14.473525586896784,-14.473525586896784,1.125683731039655,1.1256190150679022,24.318453271655088,17.868273887861523,0,-1
2023-06-06 21:19:00,2023-06-06 21:19:59,1.11,1.109,1.109,1.113,1.108590723705769,1.1102500000000002,1.109,1.113,True,0.003252363838497025,-0.0003101547881012249,0,1.1187832080471054,1.1181835714451593,-13.212750212317339,-0.0,1.1255301615765738,1.1254536517338931,46.900707219206,29.918149832336013,0,-1
2023-06-06 21:20:00,2023-06-06 21:20:59,1.108,1.108,1.107,1.11,1.1094203618528846,1.1082500000000002,1.107,1.11,True,0.00323433785003296,-0.0002990036692356048,0,1.1184833897461322,1.117878897686355,-13.882442298002935,-13.882442298002935,1.1253582196703393,1.1252799835574365,61.41692463795957,44.21202837627362,0,-2
2023-06-06 21:21:00,2023-06-06 21:21:59,1.108,1.109,1.108,1.11,1.1088351809264423,1.1087500000000001,1.108,1.11,True,0.003146170860744892,-0.00018863003121649766,0,1.1181811437162434,1.1175763919470125,-11.687338223711407,-0.0,1.1251929637532214,1.125117993671293,82.67173143819632,63.663121098454035,0,-1
2023-06-06 21:22:00,2023-06-06 21:22:59,1.109,1.109,1.107,1.11,1.1087925904632212,1.1087500000000001,1.107,1.11,True,0.0031357300849774077,-8.732500940906779e-05,0,1.1178787678316278,1.1172776686157153,-10.223935507517055,-0.0,1.1250293521735875,1.1249576156248124,76.37636917060809,73.4883417489214,0,-1
2023-06-06 21:23:00,2023-06-06 21:23:59,1.109,1.108,1.108,1.109,1.1087712952316107,1.1085,1.108,1.109,True,0.002983177936050442,-6.486037145482081e-05,0,1.1175782182236713,1.1169822574947406,-11.367977570034434,-0.0,1.1248648810076811,1.1247888831310333,79.57255811131385,79.54021957337282,0,-1
2023-06-06 21:24:00,2023-06-06 21:24:59,1.109,1.11,1.108,1.111,1.1086356476158055,1.1095000000000002,1.108,1.111,True,0.0029843795120468313,0.00011144310865755314,0,1.117280237859206,1.1166983419981602,-6.543999061638189,-0.0,1.124711996619545,1.1246417300650529,85.86792037890207,80.6056158869414,0,-1
2023-06-06 21:25:00,2023-06-06 21:25:59,1.11,1.109,1.109,1.111,1.1090678238079028,1.10975,1.109,1.111,True,0.002914066689757772,0.00017339620947665795,0,1.116989289928683,1.1164271403156165,-5.742877974649261,-0.0,1.1245631210312907,1.124486090959928,92.1632826464903,85.86792037890213,0,-1
2023-06-06 21:26:00,2023-06-06 21:26:59,1.11,1.109,1.109,1.11,1.1094089119039514,1.1095000000000002,1.109,1.11,True,0.002777347640489368,0.00022692505448818675,0,1.1167082151221497,1.1161660937743643,-5.208797249989971,-0.0,1.1244132392299844,1.1243320005026152,98.32323162055366,92.11814488198206,0,-1
2023-06-06 21:27:00,2023-06-06 21:27:59,1.11,1.11,1.109,1.111,1.1094544559519757,1.11,1.109,1.111,True,0.002721822809025842,0.0003408049630227389,0,1.116437154448257,1.115918264035887,-1.8895665689971324,-0.0,1.1242698239142632,1.1241893935324399,98.32323162055366,96.26991529586593,0,-1
2023-06-06 21:28:00,2023-06-06 21:28:59,1.11,1.111,1.11,1.112,1.1097272279759878,1.1107500000000001,1.11,1.112,True,0.0026702640369525676,0.0004880342898552609,0,1.116177709242072,1.1156876861523455,2.8060377021128105,0.0,1.124135298303176,1.1240581557858484,98.32323162055366,98.32323162055371,0,2
2023-06-06 21:29:00,2023-06-06 21:29:59,1.11,1.112,1.11,1.115,1.110238613987994,1.1117500000000002,1.11,1.115,True,0.0028366737485988054,0.0006494179495338021,0,1.1159326976972088,1.1154791338484777,8.014851564096823,8.014851564096823,1.1240120615041396,1.123938174136238,100.00000000000011,98.88215441370254,0,2
2023-06-06 21:30:00,2023-06-06 21:30:59,1.113,1.113,1.111,1.116,1.1109943069939971,1.1132499999999999,1.111,1.116,True,0.0029911970522703275,0.0008116467475247444,0,1.1157059157728433,1.1152996449241739,13.225989285433805,13.225989285433805,1.1239049763150437,1.1238293365826435,100.00000000000011,99.44107720685135,0,2
2023-06-06 21:31:00,2023-06-06 21:31:59,1.113,1.114,1.112,1.114,1.1121221534969985,1.11325,1.112,1.114,True,0.002920397262822447,0.0009658130738085038,0,1.1155027803485087,1.1151442692878923,18.153507990552484,18.153507990552484,1.1237989566502173,1.1237315322385375,100.00000000000011,100.00000000000017,0,2
2023-06-06 21:32:00,2023-06-06 21:32:59,1.113,1.111,1.111,1.114,1.1126860767484992,1.11225,1.111,1.114,True,0.0029260831726208515,0.000831982459941033,0,1.1153235248182005,1.1150020831914862,11.731525004623514,11.731525004623514,1.1236840416586729,1.1236048503257163,92.94611543305594,97.6487051443521,0,1
2023-06-06 21:33:00,2023-06-06 21:33:59,1.112,1.11,1.11,1.113,1.1124680383742496,1.11125,1.11,1.113,True,0.002931362946005069,0.0006537462479047251,0,1.1151628040048434,1.1148643957969468,5.333015817289443,5.333015817289443,1.123560319851124,1.1234694786806843,79.44568851587877,90.79726798297833,0,1
2023-06-06 21:34:00,2023-06-06 21:34:59,1.11,1.108,1.108,1.11,1.1118590191871247,1.109,1.108,1.1118590191871247,True,0.0028648370212904215,0.00038516413008579426,0,1.1150135999008952,1.1147157575511812,-2.3028675104804677,-0.0,1.123415441046635,1.1233155535196824,52.20799808184311,74.86660067692598,0,1
2023-06-06 21:35:00,2023-06-06 21:35:59,1.109,1.107,1.107,1.11,1.1104295095935623,1.1082500000000002,1.107,1.1104295095935623,True,0.0028744915197696855,0.00013817199662626662,0,1.1148646787260383,1.1145543716420712,-8.742530054001847,-0.0,1.1232645411357232,1.1231532097035661,28.3529041634616,53.335530253727875,0,1
2023-06-06 21:36:00,2023-06-06 21:36:59,1.107,1.109,1.106,1.109,1.1093397547967814,1.10775,1.106,1.1093397547967814,True,0.0028834564112147003,0.0001217165904806969,0,1.1147095251840549,1.1143806261551934,-7.532488092005892,-0.0,1.123110167592084,1.1230123817463167,8.545009231804528,29.701970492369792,0,1
2023-06-06 21:37:00,2023-06-06 21:37:59,1.109,1.11,1.108,1.112,1.1085448773983906,1.10975,1.108,1.112,True,0.0029632095246993648,0.00018627890040837395,0,1.1145450756696242,1.114212064091561,-4.493723909675353,-0.0,1.122977230601118,1.1228829053110299,17.419007944872543,18.105640446712936,0,2
2023-06-06 21:38:00,2023-06-06 21:38:59,1.11,1.108,1.107,1.111,1.1091474386991953,1.109,1.107,1.111,True,0.0030372659872208393,9.430451342427285e-05,0,1.1143785698805926,1.1140435936909203,-6.349869088856423,-0.0,1.1228381536797138,1.1227348167009699,25.89093667635178,17.28498461767633,0,1
2023-06-06 21:39:00,2023-06-06 21:39:59,1.107,1.107,1.106,1.108,1.1090737193495976,1.1070000000000002,1.106,1.1090737193495976,True,0.002963175559562208,-2.6328715761374808e-05,0,1.1142110817857565,1.1138626292163787,-9.17549681336699,-0.0,1.1226805601107614,1.1225782513606617,27.153378860327276,23.48777449385058,0,1
2023-06-06 21:40:00,2023-06-06 21:40:59,1.107,1.109,1.107,1.109,1.108036859674799,1.108,1.107,1.109,True,0.002894377305307765,4.568269343109121e-05,0,1.1140368555010676,1.1136799307417988,-6.249346153356491,-0.0,1.1225344848857788,1.1224431443819487,20.553171151573547,24.532495562750913,0,2
2023-06-06 21:41:00,2023-06-06 21:41:59,1.108,1.114,1.107,1.118,1.1080184298373994,1.1117500000000002,1.107,1.118,True,0.0034733503549286477,0.0004446512950340674,0,1.1138583931214332,1.1135228495706164,2.427672905343229,0.0,1.1224271765784577,1.1223591329950637,39.06585416294674,28.924134724949237,0,2
2023-06-06 21:42:00,2023-06-06 21:42:59,1.113,1.112,1.111,1.114,1.1098842149186998,1.1125,1.111,1.114,True,0.0034395396152908956,0.0005563688931359029,0,1.1136906213460247,1.113392160624038,4.462574988198888,4.462574988198888,1.1223283987020551,1.122256057044864,70.60287555099755,43.407300288505986,0,2
2023-06-06 21:43:00,2023-06-06 21:43:59,1.112,1.113,1.11,1.114,1.1111921074593498,1.11225,1.11,1.114,True,0.003479572499912975,0.0006821599602542939,0,1.1135413909850314,1.1132814318607864,7.038240908215471,7.038240908215471,1.1222281161279053,1.122163956974766,93.60059315831761,67.75644095742068,0,2
2023-06-06 21:44:00,2023-06-06 21:44:59,1.113,1.117,1.111,1.117,1.111721053729675,1.1145,1.111,1.117,True,0.003659603035633477,0.0010160027488819719,0,1.1134114114229088,1.1132026150001078,12.503911738022985,12.503911738022985,1.1221512194500156,1.1221125743183005,97.52495990079088,87.24280953670205,1,2
2023-06-06 21:45:00,2023-06-06 21:45:59,1.117,1.115,1.115,1.118,1.1131105268648374,1.1162500000000002,1.115,1.118,True,0.003612488533088237,0.0010562811330713459,0,1.1133070132115082,1.1131614702332948,12.440917057514447,12.440917057514447,1.122092500848523,1.1220418024345362,98.03381817759883,96.38645707890248,0,2
2023-06-06 21:46:00,2023-06-06 21:46:59,1.116,1.118,1.115,1.119,1.1146802634324189,1.117,1.115,1.119,True,0.003640167923581934,0.0012460853281084992,0,1.1132342417224015,1.1131554130653698,15.089527527870928,15.089527527870928,1.122041829198289,1.122001585494889,100.00000000000016,98.51959269279666,0,2
2023-06-06 21:47:00,2023-06-06 21:47:59,1.118,1.121,1.118,1.123,1.1158401317162094,1.12,1.118,1.123,True,0.0037372987861832166,0.0015220062911521165,1,1.1131948273938856,1.113197605359814,18.873646688173324,18.873646688173324,1.1220215124898483,1.1219916194700643,100.00000000000016,99.34460605919976,0,2
2023-06-06 21:48:00,2023-06-06 21:48:59,1.122,1.123,1.121,1.123,1.1179200658581048,1.12225,1.121,1.123,True,0.0036132060157415585,0.0017701597560009614,0,1.1131962163768498,1.1132929327040861,22.50034736180966,22.50034736180966,1.122023785997412,1.1220016531071781,100.00000000000016,100.00000000000021,0,2
2023-06-06 21:49:00,2023-06-06 21:49:59,1.123,1.125,1.123,1.125,1.1200850329290524,1.124,1.123,1.125,True,0.0034979770146171614,0.0019863290423609886,0,1.113244574540468,1.113441446460869,25.892315598700904,25.892315598700904,1.1220434498183334,1.122031487404619,100.00000000000016,100.00000000000021,0,2
2023-06-06 21:50:00,2023-06-06 21:50:59,1.125,1.122,1.122,1.126,1.1220425164645262,1.1237499999999998,1.122,1.126,True,0.0035338357992873485,0.0018260138893762244,0,1.1133430105006685,1.1136291000260834,22.469919204732605,22.469919204732605,1.122060430417156,1.1220311740971105,99.15429480125715,99.71809826708586,0,2
2023-06-06 21:51:00,2023-06-06 21:51:59,1.122,1.121,1.12,1.122,1.122896258232263,1.12125,1.12,1.122896258232263,True,0.0034242760993382524,0.0015636494544924975,0,1.113486055263376,1.1138291284760475,18.521247481980794,18.521247481980794,1.1220523664329056,1.1220209136583332,90.43224502414502,96.52884660846748,0,1
2023-06-06 21:52:00,2023-06-06 21:52:59,1.121,1.123,1.121,1.125,1.1220731291161314,1.1225,1.121,1.125,True,0.003465399235099806,0.0014502480512381217,0,1.1136575918697118,1.1140461036812437,17.91825769581594,17.91825769581594,1.12205682049825,1.1220306558109867,83.4649255651268,91.01715513017636,0,2
2023-06-06 21:53:00,2023-06-06 21:53:59,1.124,1.126,1.122,1.127,1.1222865645580657,1.12475,1.122,1.127,True,0.003575013575449812,0.0015044509762505232,0,1.1138518477754777,1.1142903698981563,19.932087549156208,19.932087549156208,1.1220836183042375,1.1220701517730665,79.70292809240694,84.53336622722628,0,2
2023-06-06 21:54:00,2023-06-06 21:54:59,1.126,1.126,1.125,1.127,1.1235182822790328,1.126,1.125,1.127,True,0.0034625126057748258,0.001456411097311345,0,1.114071108836817,1.1145630229238341,21.274640784716382,21.274640784716382,1.1221225872763347,1.1221092547404987,83.79142297114248,82.31975887622544,0,2
2023-06-06 21:55:00,2023-06-06 21:55:59,1.126,1.126,1.125,1.128,1.1247591411395164,1.12625,1.125,1.128,True,0.0034294759910766166,0.0013420471942228625,0,1.1143170658803254,1.114857869659839,22.169676275089827,22.169676275089827,1.1221636560596548,1.122147968623678,86.39633784664845,83.29689630339932,0,1
2023-06-06 21:56:00,2023-06-06 21:56:59,1.126,1.127,1.126,1.128,1.1255045705697582,1.12675,1.126,1.128,True,0.003327370563142573,0.0012563178161591722,0,1.1145874677700822,1.1151715972296279,23.733616687988402,23.733616687988402,1.1222092913227428,1.1221962475428453,87.70718160624989,85.96498080801365,0,2
2023-06-06 21:57:00,2023-06-06 21:57:59,1.127,1.128,1.127,1.129,1.1261272852848792,1.1277499999999998,1.127,1.129,True,0.003232558380060961,0.0011908994780797078,0,1.114879532499855,1.1155048983713338,25.685956421929973,25.685956421929973,1.1222644227523673,1.1222539963235134,90.72206526250909,88.27519490513585,0,2
2023-06-06 21:58:00,2023-06-06 21:58:59,1.127,1.127,1.126,1.128,1.1269386426424395,1.127,1.126,1.128,True,0.0031445184957708924,0.0010024628161684904,0,1.1151922154355944,1.1158461773259782,23.698075352364825,23.698075352364825,1.1223115429239856,1.1223012202406923,84.1453383787839,87.524861749181,0,1
2023-06-06 21:59:00,2023-06-06 21:59:59,1.128,1.128,1.127,1.129,1.1269693213212197,1.1280000000000001,1.127,1.129,True,0.0030627671746444,0.0008784576467452242,0,1.1155191963807862,1.1161982567957516,23.679969555600522,23.679969555600522,1.1223681444869311,1.1223579245169044,79.79393431330597,84.88711265153302,0,1
2023-06-06 22:00:00,2023-06-06 22:00:59,1.128,1.13,1.128,1.131,1.12748466066061,1.12925,1.128,1.131,True,0.003058283805026951,0.0008688142006485142,0,1.115858726588269,1.1165650002767857,25.751179438204645,25.751179438204645,1.1224366206611904,1.122433965068975,79.4207315188105,81.12000140363348,0,2
2023-06-06 22:01:00,2023-06-06 22:01:59,1.129,1.132,1.129,1.132,1.128367330330305,1.1305,1.129,1.132,True,0.0030541206760964466,0.0009321236084367688,0,1.1162118634325273,1.116949348916044,28.616646017879347,28.616646017879347,1.1225168532914274,1.1225291494961493,90.35986298604796,83.19150960605485,0,2
2023-06-06 22:02:00,2023-06-06 22:02:59,1.132,1.136,1.132,1.138,1.1294336651651524,1.1344999999999998,1.132,1.138,True,0.003264540627803844,0.0011753778289854602,0,1.1165806061742856,1.1173723654336347,32.33798904624547,32.33798904624547,1.1226360885820599,1.1226631878096205,98.00812596338729,89.26290682274862,0,2
2023-06-06 22:03:00,2023-06-06 22:03:59,1.136,1.141,1.135,1.146,1.131966832582576,1.1395,1.135,1.146,True,0.003817073440103562,0.0015907027057937492,0,1.1169764858039601,1.1178572284179222,35.98522381347604,35.98522381347604,1.1228038886956713,1.1228456436523109,100.00000000000016,96.12266298314518,0,2
2023-06-06 22:04:00,2023-06-06 22:04:59,1.141,1.139,1.137,1.143,1.135733416291288,1.1400000000000001,1.137,1.143,True,0.003972996765810451,0.0016160322243338795,0,1.117416857110941,1.1183908874164064,34.02788954622045,34.02788954622045,1.122974994280789,1.123006383516467,100.00000000000016,99.33604198779591,0,2
2023-06-06 22:05:00,2023-06-06 22:05:59,1.139,1.135,1.134,1.139,1.1378667081456442,1.13675,1.134,1.139,True,0.004046354139681141,0.0012482992843299056,0,1.1179038722636736,1.118937003935512,25.965696781403935,25.965696781403935,1.1231120590143135,1.1231257229839648,78.21950893529154,92.739836311764,0,1
2023-06-06 22:06:00,2023-06-06 22:06:59,1.135,1.135,1.134,1.137,1.1373083540728222,1.13525,1.134,1.1373083540728222,True,0.003971614558275353,0.0009151975655214565,0,1.1184204380995928,1.1194788898129175,20.59090160485958,20.59090160485958,1.1232328345465095,1.1232438749940747,44.88617560195821,74.36856151241666,0,1
2023-06-06 22:07:00,2023-06-06 22:07:59,1.135,1.137,1.135,1.139,1.1362791770364111,1.1365,1.135,1.139,True,0.003973642089827114,0.0007550902357662207,0,1.118949663956255,1.1200223032922958,19.07068092227476,19.07068092227476,1.1233648461430616,1.1233807518598053,14.80972964903804,45.97180472876263,0,1
2023-06-06 22:08:00,2023-06-06 22:08:59,1.136,1.14,1.136,1.14,1.1363895885182056,1.138,1.136,1.14,True,0.003975524797696606,0.0007813561948233974,0,1.1194859836242754,1.1205734826642775,20.516165321364653,20.516165321364653,1.1235104695645237,1.1235461175129415,10.241874907376962,23.312593386124433,0,2
2023-06-06 22:09:00,2023-06-06 22:09:59,1.139,1.142,1.137,1.142,1.1371947942591027,1.14,1.137,1.142,True,0.004048701597861126,0.0008570917902901484,0,1.1200297331442766,1.1211407166283984,22.791862314062968,22.791862314062968,1.12367454449423,1.1237297382342057,21.811346357221726,15.620983637878942,0,2
2023-06-06 22:10:00,2023-06-06 22:10:59,1.141,1.142,1.139,1.142,1.1385973971295513,1.141,1.139,1.142,True,0.003973794340871038,0.0008228684557201093,0,1.1205852248863375,1.1217235597210535,24.308993642528506,24.308993642528506,1.123846937086327,1.1239115318836166,32.285046629799865,21.446089298132886,0,1
2023-06-06 22:11:00,2023-06-06 22:11:59,1.143,1.143,1.143,1.147,1.1397986985647757,1.1440000000000001,1.143,1.147,True,0.004047094745094544,0.0007863178345386889,0,1.1211543923036955,1.122335276257322,26.047747334441397,26.047747334441397,1.124047465075518,1.1241014668897498,44.88400699426111,32.9934666604276,0,1
2023-06-06 22:12:00,2023-06-06 22:12:59,1.144,1.142,1.141,1.144,1.141899349282388,1.14275,1.141,1.144,True,0.003972302263302069,0.0006114769582547582,0,1.1217448342805088,1.1229569517034934,24.460756121883364,24.460756121883364,1.1242335599503883,1.1242795617465682,44.3544038403733,40.507819154811465,0,1
2023-06-06 22:13:00,2023-06-06 22:13:59,1.141,1.141,1.141,1.143,1.142324674641194,1.1415,1.141,1.143,True,0.003831423530209064,0.00035407886747136803,0,1.122350892992001,1.1235736261854465,20.77538103161183,20.77538103161183,1.1244053653240162,1.1244459342665027,33.41173545653455,40.88338209705636,0,1
2023-06-06 22:14:00,2023-06-06 22:14:59,1.141,1.14,1.14,1.142,1.1419123373205968,1.1407499999999997,1.14,1.142,True,0.0037006075637655597,5.42835712792249e-05,0,1.1229622595887236,1.1241769865327444,15.842708672009152,0.0,1.1245679985048718,1.1246007010897217,13.827787565109658,30.531308954005876,0,1
2023-06-06 22:15:00,2023-06-06 22:15:59,1.141,1.141,1.139,1.144,1.1413311686602983,1.14125,1.139,1.144,True,0.0037934213092108695,-0.00012240838820725894,0,1.123569623060734,1.124769155406293,14.362777267491182,0.0,1.1247339885695,1.1247638781933065,4.181965050566161,17.140496024070163,0,1
2023-06-06 22:16:00,2023-06-06 22:16:59,1.14,1.141,1.139,1.143,1.1412905843301493,1.14075,1.139,1.143,True,0.003808176929981522,-0.0002799487418006369,0,1.1241693892335134,1.1253450197138979,13.376156331145864,0.0,1.1248933518673159,1.1249254316441193,1.3940457814136191,6.467932799029852,0,1
2023-06-06 22:17:00,2023-06-06 22:17:59,1.141,1.139,1.138,1.142,1.1410202921650745,1.1400000000000001,1.138,1.142,True,0.003821878577839985,-0.0005547195535175907,0,1.1247572044737055,1.1258989504829116,7.356659419158298,0.0,1.1250436667741088,1.1250654771003967,1.3940457814136191,2.323352204464506,0,1
2023-06-06 22:18:00,2023-06-06 22:18:59,1.139,1.137,1.137,1.14,1.1405101460825373,1.13825,1.137,1.1405101460825373,True,0.0037631729651371212,-0.0008920411318324908,0,1.1253280774783085,1.1264198054075183,-0.2692200253657475,-0.0,1.125175073074864,1.1251842285720346,1.509903313490213e-13,0.9293638542758359,0,1
2023-06-06 22:19:00,2023-06-06 22:19:59,1.137,1.132,1.132,1.137,1.1393800730412686,1.1345,1.132,1.1393800730412686,True,0.003851517753341621,-0.001458916537147019,0,1.1258739414429133,1.1268853168805275,-10.154483249481615,-10.154483249481615,1.1252678584174027,1.1252520471932084,1.509903313490213e-13,0.4646819271380132,0,1
2023-06-06 22:20:00,2023-06-06 22:20:59,1.133,1.138,1.133,1.138,1.1369400365206344,1.1355,1.133,1.138,True,0.004004980770960077,-0.001392086351128613,0,1.1263796291617203,1.127310923224591,-6.737631494194012,-6.737631494194012,1.1253696707714584,1.1253788924947685,2.578295198559297,0.8594317328532391,0,1
2023-06-06 22:21:00,2023-06-06 22:21:59,1.137,1.14,1.136,1.14,1.136220018260317,1.13825,1.136,1.14,True,0.004004625001605786,-0.0011905595603699083,0,1.1268452761931556,1.1277210597923901,-2.286897658672757,-0.0,1.1254978332513443,1.125524376151537,11.565607031263253,4.714634076607607,0,2
2023-06-06 22:22:00,2023-06-06 22:22:59,1.14,1.14,1.139,1.141,1.1372350091301584,1.14,1.139,1.141,True,0.003861437501491087,-0.0010461945193390148,0,1.1272831679927728,1.128128209784586,0.6802582316747419,0.0,1.1256421334179976,1.1256684122097307,24.12371070688364,12.755870978902102,0,1
2023-06-06 22:23:00,2023-06-06 22:23:59,1.14,1.142,1.14,1.142,1.138617504565079,1.141,1.14,1.142,True,0.0037284776799560095,-0.0008064170652487311,0,1.1277056888886794,1.128537076006335,4.947896121053148,0.0,1.1257949480108533,1.125830915570828,36.043055794648,23.910791177598337,0,2
2023-06-06 22:24:00,2023-06-06 22:24:59,1.142,1.142,1.141,1.143,1.1398087522825395,1.142,1.141,1.143,True,0.0036050149885305804,-0.0006515443415271698,0,1.1281213824475071,1.128951349234049,7.792988047305414,0.0,1.1259561923092527,1.1259918019830586,43.457083332698694,34.54128327807681,0,2
2023-06-06 22:25:00,2023-06-06 22:25:59,1.143,1.141,1.141,1.144,1.1409043761412696,1.14225,1.141,1.144,True,0.00356179963220696,-0.0006260262770494615,0,1.128536365840778,1.129368752346544,7.524436265801633,0.0,1.1261183197489617,1.1261411372867098,50.51903461439824,43.339724580581674,0,1
2023-06-06 22:26:00,2023-06-06 22:26:59,1.141,1.141,1.141,1.143,1.141577188070635,1.1415,1.141,1.143,True,0.003450242515620749,-0.0006156921563375828,0,1.128952559093661,1.1297806100124945,7.345401744799119,0.0,1.1262713712937482,1.1262889866669417,55.50995295416914,49.828690300422046,0,1
2023-06-06 22:27:00,2023-06-06 22:27:59,1.142,1.142,1.141,1.143,1.1415385940353175,1.142,1.141,1.143,True,0.0033466537645049812,-0.0005460622607596612,0,1.1293665845530778,1.1301887064595293,9.067325044235794,0.0,1.1264278750619696,1.1264453151578178,61.862563758043414,55.96385044220363,0,1
2023-06-06 22:28:00,2023-06-06 22:28:59,1.141,1.143,1.14,1.143,1.1417692970176587,1.1417499999999998,1.14,1.143,True,0.0033218927813260623,-0.0004403305415421419,0,1.1297776455063036,1.1305893264309714,11.883903525454961,0.0,1.126580334016577,1.1266100383900783,63.51571759388646,60.29607810203303,0,2
2023-06-06 22:29:00,2023-06-06 22:29:59,1.142,1.14,1.14,1.143,1.1417596485088293,1.1412499999999999,1.14,1.143,True,0.0032989004398027806,-0.0005895718338765187,0,1.1301834859686375,1.130977880909819,6.455204320040821,0.0,1.1267263008422828,1.1267432718389332,63.950261274103276,63.109514208677744,0,1
2023-06-06 22:30:00,2023-06-06 22:30:59,1.14,1.142,1.14,1.146,1.1415048242544146,1.142,1.14,1.146,True,0.003491836122674011,-0.0005531406449072003,0,1.1305806834392282,1.1313594160421547,6.57480087231054,0.0,1.1268782779483297,1.1268950800793418,68.17546943376301,65.21381610058427,0,1
2023-06-06 22:31:00,2023-06-06 22:31:59,1.141,1.14,1.14,1.141,1.1417524121272074,1.1404999999999998,1.14,1.1417524121272074,True,0.0033852763996258676,-0.0006716848264775779,0,1.1309700497406916,1.1317225154616632,2.8984385898481193,0.0,1.1270138174712319,1.1270254772924826,62.730586106805525,64.95210560489063,0,1
2023-06-06 22:32:00,2023-06-06 22:32:59,1.141,1.143,1.14,1.144,1.1411262060636036,1.142,1.14,1.144,True,0.0034291852282240204,-0.0005411491662748059,0,1.1313462826011775,1.1320789006618481,5.222867586875658,0.0,1.1271629337152993,1.1271844277671843,66.91876970604515,65.94160841553793,0,2
2023-06-06 22:33:00,2023-06-06 22:33:59,1.144,1.148,1.144,1.148,1.1415631030318019,1.146,1.144,1.148,True,0.0035413862833508685,-0.00011741018223078263,0,1.131712591631513,1.132454998782324,11.38407521090243,0.0,1.1273503672106695,1.1273915478889038,73.27294470508981,67.64076683931353,0,2
2023-06-06 22:34:00,2023-06-06 22:34:59,1.148,1.146,1.145,1.148,1.1437815515159009,1.14675,1.145,1.148,True,0.003502715834540084,-2.939599228045202e-06,0,1.1320837952069185,1.132849182388103,12.003038577053267,0.0,1.1275433983827026,1.1275767066163773,90.77795257221767,76.98988899445091,0,2
2023-06-06 22:35:00,2023-06-06 22:35:59,1.147,1.148,1.146,1.148,1.1452657757579505,1.1472499999999999,1.146,1.148,True,0.0033953789892157927,0.00018073051316935037,0,1.1324664887975109,1.1332583308366453,14.199496106788104,0.0,1.1277394839709345,1.1277799234659656,100.00000000000016,88.01696575910258,0,2
2023-06-06 22:36:00,2023-06-06 22:36:59,1.148,1.148,1.147,1.149,1.146257887878975,1.148,1.147,1.149,True,0.003295709061414665,0.00026345589909534863,0,1.132862409817078,1.1336815998152634,15.663801126611332,0.0,1.127941081145353,1.127981118257349,100.00000000000016,96.92598419073937,0,2
2023-06-06 22:37:00,2023-06-06 22:37:59,1.148,1.147,1.146,1.149,1.1471289439394874,1.1475,1.146,1.149,True,0.00327458698559934,0.00020820166756052496,0,1.1332720048161706,1.1341096513794566,14.470786171530037,0.0,1.1281356972533594,1.1281703608617535,95.30086616842668,98.43362205614238,0,1
2023-06-06 22:38:00,2023-06-06 22:38:59,1.148,1.146,1.146,1.149,1.1473144719697437,1.1472499999999999,1.146,1.149,True,0.00325497362948511,6.588027061367116e-05,0,1.1336908280978135,1.1345368161520926,11.560166831032255,0.0,1.1283258893204902,1.1283477702064126,88.18393859742137,94.49493492194945,0,1
2023-06-06 22:39:00,2023-06-06 22:39:59,1.145,1.144,1.144,1.146,1.1472822359848718,1.14475,1.144,1.1472822359848718,True,0.0031653326559504596,-0.0001950217620193236,0,1.134113822124953,1.1349431992842223,5.959808730623777,0.0,1.128489313307351,1.1285035137864483,59.113761213464095,80.86618865977077,0,1
2023-06-06 22:40:00,2023-06-06 22:40:59,1.145,1.147,1.144,1.147,1.1460161179924357,1.14575,1.144,1.147,True,0.0031535231805254345,-0.00017770029109686995,0,1.1345285107045875,1.1353372937276367,7.0462229237234055,0.0,1.128661061433646,1.128687558425389,40.08703230026362,62.461577370383075,0,1
2023-06-06 22:41:00,2023-06-06 22:41:59,1.146,1.145,1.145,1.146,1.145883058996218,1.1455,1.145,1.146,True,0.0030711286676307604,-0.0003238435267070893,0,1.134932902216112,1.1357172940271507,4.352569733252011,0.0,1.128828613061172,1.1288498712768777,21.373688175665052,40.1914938964643,0,1
2023-06-06 22:42:00,2023-06-06 22:42:59,1.145,1.144,1.143,1.145,1.145691529498109,1.14425,1.143,1.145691529498109,True,0.002994619477085706,-0.0005000100133883117,0,1.1353250981216314,1.1360750143725509,1.0207163192151896,0.0,1.1289820596973792,1.1290006188263615,17.110532226289,26.190417567405934,0,-2
2023-06-06 22:43:00,2023-06-06 22:43:59,1.143,1.143,1.142,1.144,1.1449707647490546,1.143,1.142,1.1449707647490546,True,0.0029235752287224415,-0.0006868615923583329,0,1.1357000562470911,1.136404162882068,-2.7008971607895944,-0.0,1.12912154169044,1.1291399161514724,7.503061637729622,15.329094013227936,0,-2
2023-06-06 22:44:00,2023-06-06 22:44:59,1.143,1.143,1.143,1.143,1.1439853823745274,1.143,1.143,1.1439853823745274,True,0.0027147484266708383,-0.0008025393207692299,0,1.1360521095645797,1.1367085582754473,-5.181972814126112,-5.181972814126112,1.129259635802973,1.1292778274335473,1.7053025658242404e-13,8.204531288006308,0,-2
2023-06-06 22:45:00,2023-06-06 22:45:59,1.144,1.146,1.144,1.148,1.1434926911872636,1.1455,1.144,1.148,True,0.002877980681908628,-0.0006599827280800727,0,1.1363803339200136,1.1370085295489623,-0.7259847909884769,-0.0,1.129421231466625,1.1294442172103278,11.910561783968442,6.47120780723279,0,-1
2023-06-06 22:46:00,2023-06-06 22:46:59,1.145,1.142,1.142,1.146,1.1444963455936317,1.1437499999999998,1.142,1.146,True,0.002958124918915155,-0.0008357927189264875,0,1.136694431734488,1.1372909526987867,-4.112933720067183,-4.112933720067183,1.1295638062779023,1.1295691503724141,14.084236965059077,8.664932916342607,0,-2
2023-06-06 22:47:00,2023-06-06 22:47:59,1.142,1.142,1.141,1.144,1.1441231727968157,1.14225,1.141,1.1441231727968157,True,0.0029611159961354934,-0.0009338926683244079,0,1.1369926922166373,1.1375473307690684,-6.370899672786322,-6.370899672786322,1.1296900370612069,1.1296928404184599,14.084236965059077,13.359678571362243,0,-2
2023-06-06 22:48:00,2023-06-06 22:48:59,1.142,1.142,1.141,1.143,1.1431865863984079,1.142,1.141,1.1431865863984079,True,0.002892464853554387,-0.0009758214867991275,0,1.137270011492853,1.1377797290729843,-7.876210307932418,-7.876210307932418,1.1298125242546277,1.1298152997177786,2.1736751810908053,10.114049703736365,0,-2
2023-06-06 22:49:00,2023-06-06 22:49:59,1.142,1.143,1.142,1.144,1.1425932931992038,1.14275,1.142,1.144,True,0.002828717364014788,-0.0009093868247180255,0,1.1375248702829186,1.137996799236287,-6.36226897674473,-6.36226897674473,1.1299412553565717,1.129946490765363,3.3586342110764633,6.53884878574216,0,-2
2023-06-06 22:50:00,2023-06-06 22:50:59,1.144,1.145,1.143,1.146,1.1426716465996019,1.1444999999999999,1.143,1.146,True,0.0028409518380137244,-0.0007058184942003256,0,1.1377608347596029,1.138212318975585,-1.2745920934954285,-0.0,1.130086118487352,1.1300962769269016,14.915318720036069,6.815876037401157,0,-1
2023-06-06 22:51:00,2023-06-06 22:51:59,1.146,1.144,1.143,1.146,1.1435858232998009,1.14475,1.143,1.146,True,0.0028523124210127365,-0.000627290780652386,0,1.137986576867594,1.1384268546264178,-0.2582632695158722,-0.0,1.1302320277561346,1.1302346224301165,28.1858892659956,15.486614065702755,0,-1
2023-06-06 22:52:00,2023-06-06 22:52:59,1.144,1.144,1.142,1.144,1.1441679116499004,1.1435,1.142,1.1441679116499004,True,0.0027914329623689696,-0.0005635358110422988,0,1.138206715747006,1.1386305672254342,0.41928927980382724,0.0,1.1303640473804517,1.13037159136116,34.59026247015825,25.897156818730014,0,-1
2023-06-06 22:53:00,2023-06-06 22:53:59,1.144,1.144,1.143,1.144,1.1438339558249502,1.14375,1.143,1.144,True,0.0026634734650568923,-0.0005112742821713973,0,1.13841864148622,1.1388260763404372,0.8709909793502959,0.0,1.1304972409388552,1.130507197417268,34.764802029921526,32.5136512553585,0,-1
2023-06-06 22:54:00,2023-06-06 22:54:59,1.144,1.146,1.144,1.146,1.1437919779124752,1.145,1.144,1.146,True,0.0026160825032671142,-0.00033081245990360195,0,1.1386223589133286,1.1390223617236699,5.911909517590324,0.0,1.130641546999165,1.130661354656897,44.356899248771406,37.90398791628377,0,-1
2023-06-06 22:55:00,2023-06-06 22:55:59,1.145,1.144,1.144,1.145,1.1443959889562376,1.1444999999999999,1.144,1.145,True,0.0025720766101766063,-0.00034931320329689773,0,1.1388223603184993,1.139214481010135,3.523370901790358,0.0,1.1307794420538997,1.130794077496132,54.89366189044974,44.6717877230476,0,-2
2023-06-06 22:56:00,2023-06-06 22:56:59,1.144,1.146,1.144,1.146,1.1444479944781187,1.145,1.144,1.146,True,0.0025312139951639916,-0.00022076266890254164,0,1.1390184206643172,1.1394054326884315,6.009862211178579,0.0,1.1309209401429157,1.1309453802076133,68.29855935617921,55.849706831800155,0,-1
2023-06-06 22:57:00,2023-06-06 22:57:59,1.145,1.147,1.145,1.147,1.1447239972390593,1.146,1.145,1.147,True,0.0024932701383665636,-7.112163821908321e-05,0,1.1392119266763745,1.1396010160324872,9.297116820366817,0.0,1.1310709805395036,1.131105127668234,78.76922492470312,67.32048205711072,0,-1
2023-06-06 22:58:00,2023-06-06 22:58:59,1.148,1.146,1.146,1.148,1.1453619986195296,1.1469999999999998,1.146,1.148,True,0.002458036557054666,-5.15902731279003e-05,0,1.139406471354431,1.139805765073296,8.618695884965412,0.0,1.1312294782455783,1.131253335353127,91.80278820111918,79.6235241606672,0,-1
2023-06-06 22:59:00,2023-06-06 22:59:59,1.146,1.146,1.146,1.146,1.1461809993097647,1.146,1.146,1.1461809993097647,True,0.002282462517265047,-4.840005063484537e-05,0,1.1396061182138635,1.1400094644719891,8.16641526136447,0.0,1.1313764486112938,1.131400068334688,89.85510618950558,86.80903977177599,0,-1
2023-06-06 23:00:00,2023-06-06 23:00:59,1.147,1.146,1.145,1.148,1.1460904996548824,1.1465,1.145,1.148,True,0.0023337151946032503,-5.5839091059049425e-05,0,1.1398077913429263,1.1402143704172931,7.864894845630509,0.0,1.131526931709689,1.1315453412865817,83.30981858819439,88.32257099293975,0,-1
2023-06-06 23:01:00,2023-06-06 23:01:59,1.145,1.144,1.143,1.145,1.1462952498274412,1.14425,1.143,1.1462952498274412,True,0.002381306966417296,-0.00020686796889130975,0,1.1400110808801096,1.140403383019738,1.7246666926689471,0.0,1.13165352940412,1.131669268238954,56.144842784330365,76.43658918734347,0,-2
2023-06-06 23:02:00,2023-06-06 23:02:59,1.143,1.144,1.143,1.144,1.1452726249137206,1.1435,1.143,1.1452726249137206,True,0.0022826421831017673,-0.0003064705830572467,0,1.1402072319499237,1.1405734400565188,-2.3688187426387586,-0.0,1.1317714047334322,1.1317919620873227,32.95640326149163,57.47035487800548,0,-2
2023-06-06 23:03:00,2023-06-06 23:03:59,1.144,1.143,1.143,1.145,1.1443863124568603,1.1437499999999998,1.143,1.145,True,0.002262453455737355,-0.00043642365782006363,0,1.1403903360032213,1.1407291217368898,-7.504305689671206,-7.504305689671206,1.1318905947360847,1.131903484852623,8.376227112101128,32.492491052641064,0,-2
2023-06-06 23:04:00,2023-06-06 23:04:59,1.143,1.143,1.142,1.144,1.14406815622843,1.143,1.142,1.14406815622843,True,0.002243706780327544,-0.0005108806496153498,0,1.1405597288700555,1.1408672716585755,-10.927963654359509,-10.927963654359509,1.1320011360819944,1.1320138979386667,2.2078695826318175,14.513499985408211,0,-2
2023-06-06 23:05:00,2023-06-06 23:05:59,1.144,1.143,1.142,1.145,1.143534078114215,1.1435,1.142,1.145,True,0.0022977277245898706,-0.0005452806670775499,0,1.1407135002643154,1.1409941013797065,-13.210402297485047,-13.210402297485047,1.1321155526383924,1.1321232123870382,6.4953473359468505,5.6931480102266185,0,-2
2023-06-06 23:06:00,2023-06-06 23:06:59,1.143,1.144,1.142,1.144,1.1435170390571074,1.1432499999999999,1.142,1.144,True,0.002276461458547737,-0.00048277645109773976,0,1.140853800822011,1.1411094331746985,-9.303652221943828,-9.303652221943828,1.1322263431594033,1.132241389378212,6.576065354704361,5.093094091094362,0,-1
2023-06-06 23:07:00,2023-06-06 23:07:59,1.145,1.145,1.145,1.146,1.1433835195285535,1.1452499999999999,1.145,1.146,True,0.002256714211508613,-0.00035963878702869874,0,1.1409816169983549,1.1412286433997456,-2.8578862654700075,-0.0,1.132355931784683,1.1323683407276826,25.113320750462936,12.728244480371401,0,-1
2023-06-06 23:08:00,2023-06-06 23:08:59,1.146,1.146,1.145,1.147,1.1443167597642767,1.146,1.145,1.147,True,0.0022383774821151414,-0.00020224120709276582,0,1.1411051301990502,1.1413552350287297,4.259703063528001,0.0,1.1324916936574723,1.1325039791284022,44.63285770257469,25.440747935914015,0,-1
2023-06-06 23:09:00,2023-06-06 23:09:59,1.146,1.146,1.146,1.147,1.1451583798821383,1.14625,1.146,1.147,True,0.0021499219476783537,-9.800161174097245e-05,0,1.14123018261389,1.1414884848016091,9.00476261619334,9.00476261619334,1.1326285922280446,1.1326382678932936,67.90026310181842,45.88214718495203,0,-1
2023-06-06 23:10:00,2023-06-06 23:10:59,1.145,1.145,1.144,1.146,1.1457041899410692,1.145,1.144,1.146,True,0.0021392132371299,-0.00010122185174583215,0,1.1413593337077497,1.1416174860135222,6.833872857812025,6.833872857812025,1.13275169081284,1.1327612702028131,63.30253744530711,58.61188608323342,0,-1
2023-06-06 23:11:00,2023-06-06 23:11:59,1.145,1.146,1.145,1.146,1.1453520949705345,1.1455,1.145,1.146,True,0.002057840863049185,-3.646546538207951e-05,0,1.141488409860636,1.1417456877497383,8.854226884869114,8.854226884869114,1.1328785396604735,1.1328929988575116,57.347306425466684,62.85003565753075,0,-1
2023-06-06 23:12:00,2023-06-06 23:12:59,1.146,1.143,1.143,1.146,1.1454260474852673,1.1444999999999999,1.143,1.146,True,0.0021251379442599498,-0.0002048937175774812,0,1.141617048805187,1.1418655193894025,0.9595985315559261,0.0,1.1329941760817623,1.1329935660330588,42.64570687307924,54.431850247951026,0,-2
2023-06-06 23:13:00,2023-06-06 23:13:59,1.142,1.14,1.14,1.142,1.1449630237426336,1.141,1.14,1.1449630237426336,True,0.002187628091098533,-0.000516186371759364,0,1.141741284097295,1.1419539252985762,-8.35938690669736,-8.35938690669736,1.1330738360212473,1.133063281793924,28.706177133831982,42.89973014412598,-1,-2
2023-06-06 23:14:00,2023-06-06 23:14:59,1.14,1.139,1.138,1.141,1.1429815118713167,1.1395,1.138,1.1429815118713167,True,0.0022456546560200743,-0.0007678832199408703,0,1.1418476046979356,1.1420066913553797,-15.504135990102206,-15.504135990102206,1.1331377779513843,1.13312235361687,10.854393448245617,27.402092485052293,0,-2
2023-06-06 23:15:00,2023-06-06 23:15:59,1.14,1.137,1.137,1.143,1.1412407559356583,1.13925,1.137,1.143,True,0.0025138221805900696,-0.0010370666220472131,-1,1.1419271480266575,1.142029320608641,-21.788555149044953,-21.788555149044953,1.1331985960812212,1.1331609371629707,1.7763568394002505e-13,13.186856860692606,0,-2
2023-06-06 23:16:00,2023-06-06 23:16:59,1.137,1.139,1.137,1.141,1.1402453779678292,1.1385,1.137,1.141,True,0.0026199777391193507,-0.0010294909468868611,0,1.1419782343176492,1.1420229218861921,-19.982159926508462,-19.982159926508462,1.1332513463689702,1.1332190372907023,1.7763568394002505e-13,3.618131149415337,0,-2
2023-06-06 23:17:00,2023-06-06 23:17:59,1.139,1.139,1.138,1.142,1.1393726889839146,1.1395,1.138,1.142,True,0.002718550757753683,-0.0009787842440083178,0,1.1420005781019207,1.1420005741998305,-18.77789644481747,-18.77789644481747,1.1333135220269903,1.1332765593077103,6.074272530149179,2.024757510049858,0,-2
2023-06-06 23:18:00,2023-06-06 23:18:59,1.139,1.138,1.137,1.139,1.1394363444919573,1.13825,1.137,1.1394363444919573,True,0.0026672257036284195,-0.0009694420523274469,0,1.1420005761508756,1.1419572467815813,-19.467084699359887,-19.467084699359887,1.1333626412108013,1.1333235587175838,8.027357261464887,4.7005432638714275,0,-2
2023-06-06 23:19:00,2023-06-06 23:19:59,1.139,1.139,1.138,1.14,1.1388431722459786,1.139,1.138,1.14,True,0.0026195667247978184,-0.0008485371090602419,0,1.1419789114662284,1.14190284494264,-16.674287078670766,-16.674287078670766,1.133418734333082,1.133380040720394,14.457275068389173,9.519634953334426,0,-1
2023-06-06 23:20:00,2023-06-06 23:20:59,1.14,1.141,1.14,1.141,1.1389215861229893,1.1404999999999998,1.14,1.141,True,0.0025753119587408313,-0.0005909750216337427,0,1.1419408782044342,1.141850388984073,-9.753924400491329,-9.753924400491329,1.1334891946879766,1.1334558612107384,23.02495293596242,15.169861755272173,0,-1
2023-06-06 23:21:00,2023-06-06 23:21:59,1.141,1.139,1.138,1.143,1.1397107930614947,1.14025,1.138,1.143,True,0.002748503961687923,-0.0005299447763224654,0,1.1418956335942536,1.1417981096686038,-9.280582711829318,-9.280582711829318,1.1335564663826236,1.1335110267708306,34.69972805648712,24.060652020279587,0,-1
2023-06-06 23:22:00,2023-06-06 23:22:59,1.139,1.139,1.138,1.139,1.1399803965307473,1.13875,1.138,1.1399803965307473,True,0.002623610821567365,-0.00046071044357823537,0,1.1418468716314287,1.141736036521992,-8.965021586054647,-8.965021586054647,1.1336081433340404,1.133565643419877,36.12790055653905,31.28419384966288,0,-1
2023-06-06 23:23:00,2023-06-06 23:23:59,1.138,1.141,1.138,1.141,1.1393651982653736,1.1395,1.138,1.141,True,0.00265049576288399,-0.00025138535994984274,0,1.1417914540767102,1.1416718243086423,-3.922490024267205,-0.0,1.1336667687735027,1.1336396171171919,35.60023642596557,35.47595501299727,0,-1
2023-06-06 23:24:00,2023-06-06 23:24:59,1.14,1.141,1.14,1.141,1.1394325991326868,1.1404999999999998,1.14,1.141,True,0.0025326032083922844,-9.761801850869571e-05,0,1.1417316391926762,1.1416132296205428,-0.5608023164089104,-0.0,1.1337347611240152,1.1337128547578168,42.3043154626447,38.01081748171646,0,-1
2023-06-06 23:25:00,2023-06-06 23:25:59,1.141,1.14,1.14,1.141,1.1399662995663433,1.1404999999999998,1.14,1.141,True,0.0024231315506499864,-5.5086350173533596e-05,0,1.1416724344066094,1.141559459671452,-1.1609501687603299,-0.0,1.1338020769337265,1.133775413416943,59.766995136165804,45.890515674925375,0,-1
2023-06-06 23:26:00,2023-06-06 23:26:59,1.14,1.14,1.14,1.14,1.1402331497831715,1.14,1.14,1.1402331497831715,True,0.002250050725603559,-1.772016931424615e-05,0,1.1416159470390306,1.141506426660614,-1.5610487369946071,-0.0,1.1338637478100078,1.1338373496018492,74.50517434688965,58.8588283152334,0,-1
2023-06-06 23:27:00,2023-06-06 23:27:59,1.14,1.141,1.139,1.141,1.1401165748915858,1.14025,1.139,1.141,True,0.0022321899594890194,8.322905996206113e-05,0,1.1415611868498223,1.1414560529751647,1.30258599932084,0.0,1.133927292607918,1.1339086197550647,85.90220578563545,73.39145842289697,0,-1
2023-06-06 23:28:00,2023-06-06 23:28:59,1.141,1.14,1.14,1.142,1.140183287445793,1.1407499999999997,1.14,1.142,True,0.002215604962382661,8.347552076158398e-05,0,1.1415086199124935,1.1414115491440808,-0.15509064481943113,-0.0,1.13399518024366,1.1339692305037705,93.91476913847147,84.77404975699886,0,-1
2023-06-06 23:29:00,2023-06-06 23:29:59,1.141,1.14,1.14,1.141,1.1404666437228963,1.1404999999999998,1.14,1.141,True,0.002128776036498193,8.703863542301846e-05,0,1.1414600845282872,1.1413702567683623,-1.1268750742462785,-0.0,1.13405990481835,1.1340292381604493,96.03450408687002,91.95049300365899,0,-1
2023-06-06 23:30:00,2023-06-06 23:30:59,1.141,1.141,1.14,1.142,1.140483321861448,1.141,1.14,1.142,True,0.002119577748176894,0.00016101541643659487,0,1.1414151706483247,1.1413352066353808,1.8200392106264687,0.0,1.1341289604917992,1.1340985989747732,97.63886709293801,95.86271343942651,0,-1
2023-06-06 23:31:00,2023-06-06 23:31:59,1.142,1.142,1.142,1.143,1.1407416609307242,1.14225,1.142,1.143,True,0.002111036480449973,0.00027693249946021475,0,1.1413751886418526,1.141313887874523,6.547961283418154,6.547961283418154,1.1342097668550648,1.134177219880497,97.63886709293801,97.10407942424871,0,-1
2023-06-06 23:32:00,2023-06-06 23:32:59,1.143,1.143,1.142,1.144,1.1414958304653622,1.143,1.142,1.144,True,0.002103105303274975,0.00041430869646475854,0,1.1413445382581877,1.1413086719864753,11.858090008105222,11.858090008105222,1.1342972318614821,1.1342650087374073,100.00000000000018,98.42591139529209,0,-1
2023-06-06 23:33:00,2023-06-06 23:33:59,1.143,1.141,1.141,1.143,1.142247915232681,1.142,1.141,1.143,True,0.0020957406387553342,0.0003530002486080339,0,1.1413266051223314,1.14130930872651,7.8194827366674176,7.8194827366674176,1.134373876320572,1.1343320235758412,91.20629940740531,96.2817221667812,0,-1
2023-06-06 23:34:00,2023-06-06 23:34:59,1.142,1.141,1.141,1.142,1.1421239576163404,1.1415,1.141,1.1421239576163404,True,0.0020174734502728026,0.0003025552500611244,0,1.1413179569244207,1.141311118381347,5.127077889042212,5.127077889042212,1.1344447830238498,1.1343983715999622,78.28513220309928,89.83047720350162,0,-1
2023-06-06 23:35:00,2023-06-06 23:35:59,1.141,1.142,1.141,1.143,1.1418119788081702,1.14175,1.141,1.143,True,0.0020162253466818885,0.0003294761423497524,0,1.1413145376528837,1.1413155543299656,6.418742081025236,6.418742081025236,1.1345174717499806,1.1344740096934949,67.4151757316019,78.96886911403551,0,-1
2023-06-06 23:36:00,2023-06-06 23:36:59,1.142,1.143,1.142,1.144,1.1417809894040851,1.14275,1.142,1.144,True,0.002015066393347468,0.0004046698380516413,0,1.1413150459914245,1.1413288886062882,9.75425824176724,9.75425824176724,1.1345993874539608,1.1345588454179376,72.54803300161382,72.74944697877169,1,-1
2023-06-06 23:37:00,2023-06-06 23:37:59,1.143,1.143,1.142,1.143,1.1422654947020425,1.14275,1.142,1.143,True,0.0019425616509655141,0.00043846522139706867,0,1.1413219672988564,1.1413491371112745,11.977935682261915,11.977935682261915,1.1346804880763095,1.1346428370058188,81.18774976077488,73.71698616466354,0,-1
2023-06-06 23:38:00,2023-06-06 23:38:59,1.143,1.143,1.143,1.144,1.1425077473510212,1.14325,1.143,1.144,True,0.0018752358187536838,0.0004432621231810004,0,1.1413355522050654,1.141378120842567,13.460387309258365,13.460387309258365,1.1347657568516696,1.1347259928565072,92.05770623227225,81.93116299822033,0,-1
2023-06-06 23:39:00,2023-06-06 23:39:59,1.143,1.143,1.142,1.144,1.1428788736755107,1.143,1.142,1.144,True,0.0018841475459855637,0.0004283715545636838,0,1.1413568365238163,1.141412067753876,14.448688393922666,14.448688393922666,1.1348476896193147,1.1348083212857958,92.0432075571881,88.4295545167451,0,-1
2023-06-06 23:40:00,2023-06-06 23:40:59,1.143,1.142,1.142,1.144,1.1429394368377555,1.14275,1.142,1.144,True,0.0018924227212723092,0.0003321501790951811,0,1.141384452138846,1.1414479740339365,9.063591351723723,9.063591351723723,1.1349263195733514,1.134879880277977,88.23841283381938,90.77977554109327,0,-2
2023-06-06 23:41:00,2023-06-06 23:41:59,1.142,1.142,1.141,1.142,1.1428447184188777,1.14175,1.141,1.1428447184188777,True,0.001828678241181422,0.0002556952332318298,0,1.1414162130863912,1.1414783155200634,5.473526656924427,5.473526656924427,1.1349942168910296,1.1349507272403851,62.35176994163786,80.87779677754847,0,-2
2023-06-06 23:42:00,2023-06-06 23:42:59,1.142,1.143,1.142,1.143,1.1422973592094388,1.1425,1.142,1.143,True,0.0017694869382398999,0.0002636065272080545,0,1.1414472643032272,1.1415092134275282,7.94336384019681,7.94336384019681,1.135068901300074,1.13503081950665,51.766613471895646,67.45226541578432,0,-1
2023-06-06 23:43:00,2023-06-06 23:43:59,1.143,1.142,1.141,1.143,1.1423986796047194,1.14225,1.141,1.143,True,0.00178595215693705,0.00018813474177996608,0,1.1414782388653777,1.1415386221510553,4.287880926782435,4.287880926782435,1.1351403550184813,1.1351001645861858,36.36662848272974,50.16167063208778,0,-2
2023-06-06 23:44:00,2023-06-06 23:44:59,1.143,1.143,1.142,1.143,1.1423243398023597,1.14275,1.142,1.143,True,0.0017298127171558402,0.00019897747049609998,0,1.1415084305082164,1.1415700871862091,5.966484583523119,5.966484583523119,1.135216072878994,1.1351787699136864,48.50779481422156,45.54701225628235,0,-1
2023-06-06 23:45:00,2023-06-06 23:45:59,1.144,1.143,1.143,1.144,1.1425371699011797,1.1435,1.143,1.144,True,0.0016776832373589865,0.00019624206874861721,0,1.1415392588472126,1.1416081010839634,7.085553688016908,7.085553688016908,1.1352985000145264,1.135256593098625,62.76829328163091,49.214238859527434,0,-1
2023-06-06 23:46:00,2023-06-06 23:46:59,1.144,1.145,1.143,1.145,1.1430185849505898,1.14425,1.143,1.145,True,0.001700705863261916,0.000321673265883804,0,1.141573679965588,1.141656155929132,13.274393129409155,13.274393129409155,1.135387569666123,1.1353535424210266,86.25452343931049,65.84353717838769,0,2
2023-06-06 23:47:00,2023-06-06 23:47:59,1.145,1.146,1.144,1.147,1.143634292475295,1.1455,1.144,1.147,True,0.0017935125873146443,0.0004552398784810574,0,1.14161491794736,1.1417203627048027,18.97562171644482,18.97562171644482,1.135488190863475,1.13545947732231,100.00000000000018,83.00760557364724,0,2
2023-06-06 23:48:00,2023-06-06 23:48:59,1.147,1.146,1.145,1.148,1.1445671462376474,1.1465,1.145,1.148,True,0.001879690259649305,0.0005187547405443879,0,1.1416676403260813,1.1418037065456492,22.776440774468597,22.776440774468597,1.1355977611036394,1.1355643581449735,100.00000000000018,95.41817447977031,0,2
2023-06-06 23:49:00,2023-06-06 23:49:59,1.147,1.145,1.145,1.147,1.1455335731188239,1.146,1.145,1.147,True,0.0018882838125314975,0.0004647089386751417,0,1.1417356734358652,1.1418981147733782,19.45746109517846,19.45746109517846,1.13570126596828,1.1356582451286055,94.27666462034723,98.09222154011589,0,2
2023-06-06 23:50:00,2023-06-06 23:50:59,1.145,1.146,1.145,1.146,1.1457667865594119,1.1455,1.145,1.146,True,0.0018248349687792398,0.00047346726365555495,0,1.1418168941046216,1.1419971557981365,19.818872548146217,19.818872548146217,1.1357987658093915,1.1357611481621517,83.01058783143854,92.42908415059536,0,2
2023-06-06 23:51:00,2023-06-06 23:51:59,1.147,1.147,1.146,1.147,1.1456333932797058,1.14675,1.146,1.147,True,0.0017659181852950165,0.000521664140524842,0,1.141907024951379,1.1421077410591511,22.01888165077051,22.01888165077051,1.1359077333137757,1.1358729775336727,79.0464522335761,85.444568228454,0,2
2023-06-06 23:52:00,2023-06-06 23:52:59,1.147,1.145,1.143,1.15,1.1461916966398529,1.1462499999999998,1.143,1.15,True,0.0021397811720596507,0.0003866293248119896,0,1.142007383005265,1.1422232259143297,15.237759528977222,15.237759528977222,1.1360106414400069,1.1359637936776161,75.36536648781636,79.14080218427705,0,1
2023-06-06 23:53:00,2023-06-06 23:53:59,1.145,1.147,1.144,1.147,1.1462208483199263,1.14575,1.144,1.147,True,0.002201225374055398,0.0004128468810909395,0,1.1421153044597974,1.1423383453737974,15.224411227644339,15.224411227644339,1.1361075504804048,1.1360736066758488,71.95026755822909,75.45402875987389,0,2
2023-06-06 23:54:00,2023-06-06 23:54:59,1.146,1.147,1.146,1.147,1.1459854241599632,1.1465,1.146,1.147,True,0.0021154235616228775,0.0004043250245205645,0,1.1422268249167973,1.1424575331103333,15.215512360089079,15.215512360089079,1.1362109579383113,1.1361823270074323,66.04536183632618,71.12033196079058,0,2
2023-06-06 23:55:00,2023-06-06 23:55:59,1.147,1.146,1.146,1.148,1.1462427120799816,1.14675,1.146,1.148,True,0.002107179021506958,0.00030449413699969,0,1.1423421790135653,1.1425808213412572,11.565310885999452,11.565310885999452,1.1363158240284774,1.1362800152959156,65.96112020162381,67.98558319872642,0,1
2023-06-06 23:56:00,2023-06-06 23:56:59,1.147,1.147,1.147,1.149,1.1464963560399908,1.1475,1.147,1.149,True,0.0021709519485421836,0.0002867570927661419,0,1.1424615001774112,1.1427116378294717,11.685630499456906,11.685630499456906,1.1364271093615275,1.136386681810384,76.27625034049498,69.42757745948171,0,2
2023-06-06 23:57:00,2023-06-06 23:57:59,1.148,1.149,1.146,1.149,1.1469981780199954,1.148,1.146,1.149,True,0.0022301696665034646,0.000390995842108922,1,1.1425865690034414,1.1428509143590988,15.405093542219362,15.405093542219362,1.1365422625022088,1.136512187464012,84.77575616000517,75.67104223404137,0,2
2023-06-06 23:58:00,2023-06-06 23:58:59,1.148,1.147,1.147,1.149,1.1474990890099976,1.14775,1.147,1.149,True,0.0022137289760389314,0.00029449149399403646,0,1.14271874168127,1.1429941806878507,11.668479043329022,11.668479043329022,1.1366537822783063,1.1366165438076536,86.86922497577802,82.64041049209277,0,1
2023-06-06 23:59:00,2023-06-06 23:59:59,1.148,1.148,1.147,1.149,1.1476245445049988,1.148,1.147,1.149,True,0.002198462620607579,0.00027776691973363716,0,1.1428564611845604,1.1431413205200047,11.210412046257503,11.210412046257503,1.1367666799670793,1.136729812028473,85.290072291082,85.64501780895512,0,2
