start_time,end_time,open,close,low,high,h_open,h_close,h_low,h_high,finish,atr_14,macd_13_34,st_signal,av2_open,av2_close,histo2,qqe,ema_h200,ema_200,fastk,fastd,xo_signal,macd_hists
2023-06-05 00:00:00,2023-06-05 00:02:59,4.184,4.185,4.183,4.185,4.184457516730519,4.18425,4.183,4.185,True,0.004880415221079846,0.00016701421988301376,0,4.199047737015353,4.198035628195869,-8.91938312002845,-0.0,4.211288586807583,4.211131181838733,81.60999935435962,86.232378285591,0,-1
2023-06-05 00:03:00,2023-06-05 00:05:59,4.186,4.165,4.155,4.189,4.184353758365259,4.17375,4.155,4.189,True,0.006960385562431272,-0.0010485014171111983,0,4.198541682605611,4.197477400657879,-17.94141386892351,-17.94141386892351,4.21091506853089,4.21067216510402,52.948960392503686,73.13937007382795,0,-2
2023-06-05 00:06:00,2023-06-05 00:08:59,4.165,4.163,4.163,4.168,4.17905187918263,4.16475,4.163,4.17905187918263,True,0.006820358022257602,-0.0018836672477987246,0,4.198009541631745,4.196813359418482,-24.31797787376906,-24.31797787376906,4.21045571461516,4.210197815202488,27.51758143646307,54.02551372777546,0,-2
2023-06-05 00:09:00,2023-06-05 00:11:59,4.164,4.167,4.161,4.17,4.171900939591315,4.1655,4.161,4.171900939591315,True,0.006976046734953513,-0.0020209240974431606,0,4.197411450525113,4.196075712134507,-24.018992420093774,-24.018992420093774,4.210008394071726,4.209767986195498,2.911500598205535,27.792680809057433,0,-2
2023-06-05 00:12:00,2023-06-05 00:14:59,4.167,4.166,4.164,4.167,4.168700469795658,4.166,4.164,4.168700469795658,True,0.006692043396742555,-0.002040356548792679,0,4.19674358132981,4.195288605870559,-24.217629402013376,-24.217629402013376,4.20957049960335,4.209332483845294,7.887393488009973,12.77215850755953,0,-2
2023-06-05 00:15:00,2023-06-05 00:17:59,4.166,4.166,4.166,4.168,4.167350234897829,4.1665,4.166,4.168,True,0.006356897439832357,-0.0019108368194312789,0,4.196016093600184,4.194471391121614,-24.350054056626444,-24.350054056626444,4.209141937418242,4.208901314851809,14.990698037306652,8.596530707840722,0,-2
2023-06-05 00:18:00,2023-06-05 00:20:59,4.165,4.161,4.16,4.165,4.166925117448915,4.16275,4.16,4.166925117448915,True,0.006331404765558634,-0.002030567526276266,0,4.195243742360899,4.193610349724955,-26.506183190788402,-26.506183190788402,4.208680326100648,4.208424684853283,14.902908131047573,12.593666552121404,0,-2
2023-06-05 00:21:00,2023-06-05 00:23:59,4.161,4.162,4.154,4.164,4.164837558724457,4.16025,4.154,4.164837558724457,True,0.006593447282304431,-0.0018913268221383145,0,4.194427046042927,4.192703558301343,-26.451122768887814,-26.451122768887814,4.208198432308602,4.207962747690564,10.222802308246477,13.372136158866903,0,-2
2023-06-05 00:24:00,2023-06-05 00:26:59,4.162,4.162,4.159,4.163,4.162543779362228,4.1615,4.159,4.163,True,0.0064082010478541465,-0.0016563883446000342,0,4.193565302172135,4.1917755454426056,-26.41441582095409,-26.41441582095409,4.207733771290606,4.207505406917523,8.850462231283098,11.325390890192386,0,-1
2023-06-05 00:27:00,2023-06-05 00:29:59,4.161,4.165,4.161,4.165,4.162021889681114,4.163,4.161,4.165,True,0.006236186687293167,-0.001161707991994651,0,4.19267042380737,4.190847483549071,-21.475759420358116,-21.475759420358116,4.20728865913846,4.207082467545209,18.193227903213792,12.422164147581123,0,-1
2023-06-05 00:30:00,2023-06-05 00:32:59,4.164,4.172,4.163,4.172,4.162510944840557,4.16775,4.163,4.172,True,0.006433601923915045,-0.00024512432376163663,0,4.191758953678221,4.189958340593104,-10.977267215910075,-0.0,4.206895239644545,4.206733388266152,49.221028420393715,25.421572851630202,0,-1
2023-06-05 00:33:00,2023-06-05 00:35:59,4.172,4.177,4.172,4.183,4.1651304724202785,4.176,4.172,4.183,True,0.006759773215063979,0.0007663373631422929,0,4.190858647135663,4.1891625430302195,-0.8964281749598513,-0.0,4.206587824324699,4.206437533656539,76.82339728139375,48.07921786833375,0,-1
2023-06-05 00:36:00,2023-06-05 00:38:59,4.176,4.178,4.176,4.178,4.170565236210139,4.177,4.176,4.178,True,0.006419789413987965,0.0015181911506842952,0,4.190010595082941,4.188452558032819,6.362831569889245,6.362831569889245,4.206293418112513,4.206154573122642,97.99025425084984,74.6782266508791,0,-1
2023-06-05 00:39:00,2023-06-05 00:41:59,4.177,4.187,4.177,4.187,4.1737826181050695,4.182,4.177,4.187,True,0.006675518741560302,0.0026145365325843835,1,4.18923157655788,4.187849310441158,14.717922791042426,14.717922791042426,4.2060516925591545,4.205963980355253,99.9999999999999,91.60455051074784,0,2
2023-06-05 00:42:00,2023-06-05 00:44:59,4.185,4.187,4.178,4.189,4.177891309052535,4.18475,4.178,4.189,True,0.006984410260020289,0.0032629711174745023,0,4.1885404434995195,4.187353104804217,20.287983605144547,20.287983605144547,4.2058397354192625,4.20577528403331,99.9999999999999,99.33008475028322,0,2
2023-06-05 00:45:00,2023-06-05 00:47:59,4.188,4.195,4.188,4.195,4.181320654526267,4.1915,4.188,4.195,True,0.007056952384304554,0.004135948399803422,0,4.187946774151868,4.186990890727762,25.962303554698607,25.962303554698607,4.2056970514847425,4.2056680672767595,99.9999999999999,99.9999999999999,0,2
2023-06-05 00:48:00,2023-06-05 00:50:59,4.195,4.193,4.193,4.195,4.1864103272631334,4.194,4.193,4.195,True,0.006695741499711419,0.004422437656863261,0,4.187468832439816,4.186753806981615,27.219527994195516,27.219527994195516,4.205580662912755,4.2055420168560955,99.9999999999999,99.9999999999999,1,2
2023-06-05 00:51:00,2023-06-05 00:53:59,4.194,4.195,4.191,4.196,4.190205163631567,4.193999999999999,4.191,4.196,True,0.006574617106874881,0.004583947076807716,0,4.1871113197107155,4.186616865871138,28.69481338088761,28.69481338088761,4.205465432436012,4.205437121165986,99.9999999999989,99.99999999999959,0,2
2023-06-05 00:54:00,2023-06-05 00:56:59,4.195,4.191,4.191,4.197,4.192102581815783,4.193499999999999,4.191,4.197,True,0.006533573027812406,0.0042384891961442335,0,4.186864092790927,4.1865562767919045,24.655037851158127,24.655037851158127,4.2053463734067975,4.20529346821906,99.3995224257078,99.79984080856889,0,2
2023-06-05 00:57:00,2023-06-05 00:59:59,4.191,4.189,4.188,4.194,4.192801290907891,4.190499999999999,4.188,4.194,True,0.006495460668682965,0.0037109946648380262,0,4.186710184791416,4.186535632718944,19.74922791358911,19.74922791358911,4.205198648298272,4.205131344157179,95.26981533986337,98.22311258852339,0,1
2023-06-05 01:00:00,2023-06-05 01:02:59,4.19,4.192,4.186,4.195,4.1916506454539455,4.19075,4.186,4.195,True,0.006674356335205634,0.003426289670333637,0,4.18662290875518,4.1865482945365,18.510655936264115,18.510655936264115,4.205054880653513,4.205000684016311,91.32262749812162,95.33065508789763,0,2
2023-06-05 01:03:00,2023-06-05 01:05:59,4.192,4.197,4.19,4.199,4.1912003227269725,4.1945,4.19,4.199,True,0.006840473739833764,0.0034428871317512396,0,4.186585601645841,4.186612820430347,20.326597506918418,20.326597506918418,4.204949856965419,4.204921075220129,90.5176377154195,92.37002685113485,0,2
2023-06-05 01:06:00,2023-06-05 01:08:59,4.198,4.204,4.198,4.204,4.192850161363486,4.2010000000000005,4.198,4.204,True,0.006851868472702758,0.0037850624792493117,0,4.186599211038094,4.186762333472464,23.981614850686526,23.981614850686526,4.2049105549060615,4.204911910292566,94.64734480126394,92.1625366716017,0,2
2023-06-05 01:09:00,2023-06-05 01:11:59,4.203,4.202,4.201,4.204,4.196925080681743,4.202500000000001,4.201,4.204,True,0.006576735010366854,0.0036990483709973257,0,4.186680772255279,4.18698802327082,24.032482174724308,24.032482174724308,4.204886569285105,4.204882936060799,98.59453264300669,94.58650505323006,0,2
2023-06-05 01:12:00,2023-06-05 01:14:59,4.203,4.196,4.196,4.203,4.199712540340872,4.1995000000000005,4.196,4.203,True,0.006606968223912118,0.0030597335527504646,0,4.18683439776305,4.18725155590266,18.118866401751433,18.118866401751433,4.204832971580776,4.204794548637309,92.20542848212294,95.14910197546455,0,1
2023-06-05 01:15:00,2023-06-05 01:17:59,4.2,4.201,4.2,4.203,4.199606270170436,4.201,4.2,4.203,True,0.006635041922204149,0.0028406870492652552,0,4.187042976832855,4.1875533659445185,17.00278490995038,17.00278490995038,4.204794832560072,4.20475679193445,85.91452815406085,92.23816309306352,0,2
2023-06-05 01:18:00,2023-06-05 01:20:59,4.201,4.2,4.198,4.201,4.200303135085218,4.2,4.198,4.201,True,0.006375396070618084,0.0024871251897670274,0,4.187298171388687,4.1878763802591585,15.298259428946395,15.298259428946395,4.204747122783355,4.204709460671421,73.26069216076996,83.79354959898461,0,1
2023-06-05 01:21:00,2023-06-05 01:23:59,4.199,4.201,4.199,4.202,4.200151567542608,4.20025,4.199,4.202,True,0.006134296351288229,0.0021955514853137285,0,4.1875872758239225,4.188215587891033,14.805705999457444,14.805705999457444,4.204702375292974,4.20467255061499,66.10690151803031,75.09404061095374,0,1
2023-06-05 01:24:00,2023-06-05 01:26:59,4.201,4.204,4.2,4.204,4.2002007837713045,4.20225,4.2,4.204,True,0.0059818466119104675,0.0020907043682647326,0,4.187901431857478,4.188578939437288,16.338073883422226,16.338073883422226,4.204677973548765,4.2046658585690695,60.704157341381254,66.69058367339387,0,2
2023-06-05 01:27:00,2023-06-05 01:29:59,4.203,4.203,4.199,4.203,4.201225391885652,4.202,4.199,4.203,True,0.005911714711059712,0.0018335900185013042,0,4.188240185647382,4.188957091413243,16.01487056984017,16.01487056984017,4.204651327045792,4.204649282861914,59.98670864716977,62.2659225021938,0,1
2023-06-05 01:30:00,2023-06-05 01:32:59,4.204,4.202,4.2,4.205,4.201612695942826,4.20275,4.2,4.205,True,0.005846592231698296,0.001486580534771906,0,4.188598638530312,4.189349447144478,14.378579028538127,14.378579028538127,4.204632408368719,4.204622921838412,64.05431372222135,61.58172657025748,0,1
2023-06-05 01:33:00,2023-06-05 01:35:59,4.202,4.203,4.202,4.203,4.202181347971413,4.202500000000001,4.202,4.203,True,0.0055004070722912985,0.0012317468995595585,0,4.188974042837395,4.189748578348696,14.22856017079512,14.22856017079512,4.204611190375001,4.204606773362408,62.979634360344726,62.340218909911975,0,1
2023-06-05 01:36:00,2023-06-05 01:38:59,4.203,4.206,4.203,4.206,4.202340673985707,4.2045,4.203,4.206,True,0.005321806567127643,0.0011830811240719167,0,4.189361310593045,4.190164027592849,16.619119286686242,16.619119286686242,4.20461008400311,4.204620636314026,70.6322167252995,65.88872160262189,0,1
2023-06-05 01:39:00,2023-06-05 01:41:59,4.206,4.206,4.205,4.206,4.203420336992854,4.20575,4.205,4.206,True,0.005013106098047121,0.0010622483284264475,0,4.189762669092947,4.190598050050302,18.21282536394699,18.21282536394699,4.20462142645084,4.204634361325827,79.96261622813172,71.191489104592,0,1
2023-06-05 01:42:00,2023-06-05 01:44:59,4.205,4.208,4.205,4.208,4.204585168496427,4.2065,4.205,4.208,True,0.004869312805329477,0.001035591065138469,0,4.190180359571625,4.191048863271177,20.856557205664004,20.856557205664004,4.204640118724962,4.2046678502678585,92.73094009471951,81.10859101605026,0,1
2023-06-05 01:45:00,2023-06-05 01:47:59,4.208,4.205,4.205,4.208,4.205542584248214,4.2065,4.205,4.208,True,0.004735790462091666,0.0007264701193836175,0,4.190614611421401,4.191509802920056,16.783429211675113,16.783429211675113,4.204658625006306,4.204671155240318,98.44964241726707,90.38106624670611,0,1
2023-06-05 01:48:00,2023-06-05 01:50:59,4.206,4.202,4.202,4.206,4.206021292124107,4.204000000000001,4.202,4.206021292124107,True,0.004683234000513722,0.00024742058200712645,0,4.191062207170728,4.191958399982072,9.841439635717542,9.841439635717542,4.204652071523656,4.20464457658121,66.66666666666657,85.94908305955107,0,1
2023-06-05 01:51:00,2023-06-05 01:53:59,4.204,4.203,4.202,4.204,4.205010646062053,4.20325,4.202,4.205010646062053,True,0.004491574429048441,-4.6102882856920505e-05,0,4.1915103035764,4.192389055988139,6.647557410914601,0.0,4.204638120563222,4.204628212635129,33.333333333333236,66.14988080575564,0,1
2023-06-05 01:54:00,2023-06-05 01:56:59,4.203,4.202,4.201,4.204,4.204130323031027,4.202500000000001,4.201,4.204130323031027,True,0.004385033398402132,-0.0003435670450576706,0,4.191949679782269,4.192797486318898,3.0573915002920202,0.0,4.2046168457317465,4.204602061265625,-9.473903143468003e-14,33.33333333333325,0,1
2023-06-05 01:57:00,2023-06-05 01:59:59,4.201,4.201,4.195,4.202,4.203315161515514,4.19975,4.195,4.203315161515514,True,0.00457181672708767,-0.0006296625291182262,0,4.192373583050583,4.193166748028233,-0.7846855375074,-0.0,4.2045684194060575,4.204566219859997,-9.473903143468003e-14,11.111111111111027,0,1
2023-06-05 02:00:00,2023-06-05 02:02:59,4.201,4.202,4.197,4.202,4.201532580757757,4.2005,4.197,4.202,True,0.0046024012465814,-0.0007573918337765674,0,4.192770165539407,4.193507784276041,-1.3567255316704205,-0.0,4.204527937620923,4.204540685334027,2.704143993107562,0.901381331035802,0,1
2023-06-05 02:03:00,2023-06-05 02:05:59,4.201,4.205,4.201,4.207,4.201016290378878,4.2035,4.201,4.207,True,0.004702229728968459,-0.0006386183551607885,0,4.193138974907724,4.193844841738544,2.964531405653865,0.0,4.204517709385889,4.204545255629211,15.303303668802108,6.00248255396987,0,1
2023-06-05 02:06:00,2023-06-05 02:08:59,4.206,4.207,4.205,4.208,4.20225814518944,4.2065,4.205,4.208,True,0.004580641891185005,-0.0004333347543092154,0,4.193491908323134,4.19419703729315,8.109744426067586,0.0,4.204537433670606,4.204569680946333,36.16898847826372,18.058812046724473,0,2
2023-06-05 02:09:00,2023-06-05 02:11:59,4.208,4.214,4.208,4.214,4.20437907259472,4.211,4.208,4.214,True,0.00475345318467183,0.000162228102275167,0,4.193844472808142,4.194589609523667,16.030441032138256,16.030441032138256,4.204601737813188,4.204663514966768,64.26533176490538,38.57920797065708,0,2
2023-06-05 02:12:00,2023-06-05 02:14:59,4.214,4.218,4.214,4.218,4.2076895362973605,4.216,4.214,4.218,True,0.004699635100052383,0.0007773997402671755,0,4.1942170411659045,4.195045582449417,22.67780765674047,22.67780765674047,4.204715153357335,4.204796216310382,84.99950542254417,61.81127522190443,0,2
2023-06-05 02:15:00,2023-06-05 02:17:59,4.218,4.216,4.215,4.218,4.21184476814868,4.21675,4.215,4.218,True,0.004578232592905791,0.0009649313091197294,0,4.194631311807661,4.195553488526813,23.68469070472446,23.68469070472446,4.204834903075173,4.204907696745105,97.46715394641588,82.24399704462182,0,2
2023-06-05 02:18:00,2023-06-05 02:20:59,4.215,4.216,4.215,4.216,4.2142973840743405,4.2155000000000005,4.215,4.216,True,0.004322644550555401,0.0010031281566145614,0,4.195092400167237,4.196090220834562,24.355946070047125,24.355946070047125,4.204941023442584,4.20501806792177,95.04474638358982,92.50380191751663,0,2
2023-06-05 02:21:00,2023-06-05 02:23:59,4.215,4.218,4.215,4.22,4.2148986920371705,4.217,4.215,4.22,True,0.004371027082658579,0.0010785656716674535,0,4.195591310500899,4.196656257276961,25.992770191692856,25.992770191692856,4.205061013259075,4.205147241375285,92.23895520650115,94.91695184550228,0,2
2023-06-05 02:24:00,2023-06-05 02:26:59,4.218,4.219,4.218,4.219,4.215949346018585,4.218500000000001,4.218,4.219,True,0.004130239433897276,0.0011043610757284043,0,4.19612378388893,4.197251773053895,27.64351828860569,27.64351828860569,4.2051947345201794,4.205285079769561,91.50825081390526,92.93065080133208,0,2
2023-06-05 02:27:00,2023-06-05 02:29:59,4.219,4.216,4.216,4.219,4.217224673009293,4.2175,4.216,4.219,True,0.0040495080457617644,0.0008208144216014764,0,4.1966877784714125,4.197859551183222,22.65477416923244,22.65477416923244,4.205317174972715,4.205391695891256,91.48623007774405,91.74447869938348,0,1
2023-06-05 02:30:00,2023-06-05 02:32:59,4.217,4.22,4.216,4.22,4.217362336504646,4.218249999999999,4.216,4.22,True,0.00404597175677875,0.0008286592181265349,0,4.197273664827318,4.198477959342104,22.62944539591716,22.62944539591716,4.205445859798857,4.205537052151045,90.50286739296769,91.16578276153899,0,2
2023-06-05 02:33:00,2023-06-05 02:35:59,4.221,4.222,4.22,4.224,4.217806168252323,4.22175,4.22,4.224,True,0.004042688059866013,0.000886049522139094,0,4.197875812084711,4.199124507382513,23.867707473724593,23.867707473724593,4.205608090049615,4.205700862577403,91.23357178556357,91.0742230854251,0,2
2023-06-05 02:36:00,2023-06-05 02:38:59,4.222,4.224,4.222,4.224,4.219778084126162,4.223000000000001,4.222,4.224,True,0.003896781769875568,0.0009714491944488356,0,4.198500159733612,4.199797350471737,25.808746870598085,25.808746870598085,4.205781143879967,4.205882943546782,96.21084613813485,92.64909510555538,0,2
2023-06-05 02:39:00,2023-06-05 02:41:59,4.224,4.233,4.223,4.233,4.221389042063081,4.22825,4.223,4.233,True,0.004332725929170155,0.0015495374702903224,0,4.199148755102675,4.200522300001869,30.03465676403532,30.03465676403532,4.206004714587628,4.206152765004028,99.9999999999999,95.81480597456611,0,2
2023-06-05 02:42:00,2023-06-05 02:44:59,4.232,4.232,4.231,4.233,4.224819521031541,4.232,4.231,4.233,True,0.0041661026485151275,0.0017319648839965607,0,4.199835527552272,4.201309028362629,31.241695572234264,31.241695572234264,4.20626337414397,4.2064099514218976,99.9999999999999,98.73694871271154,0,2
2023-06-05 02:45:00,2023-06-05 02:47:59,4.231,4.234,4.228,4.236,4.22840976051577,4.23225,4.228,4.236,True,0.0044399524593354755,0.001853281407635467,0,4.200572277957451,4.202140713103861,32.67751506180166,32.67751506180166,4.206521947535572,4.2066844792684455,99.9999999999999,99.99999999999989,0,2
2023-06-05 02:48:00,2023-06-05 02:50:59,4.234,4.238,4.23,4.239,4.2303298802578855,4.235250000000001,4.23,4.239,True,0.004765670140811473,0.0020637580973569946,0,4.201356495530656,4.203022669268201,34.68262191011978,34.68262191011978,4.206807798803875,4.206996076489655,99.9999999999999,99.99999999999989,0,2
2023-06-05 02:51:00,2023-06-05 02:53:59,4.238,4.238,4.233,4.239,4.232789940128943,4.237,4.233,4.239,True,0.0048538365593249555,0.002044774474758492,0,4.202189582399429,4.203950160181338,36.01935980899853,36.01935980899853,4.207108218716274,4.207304573241002,99.9999999999999,99.99999999999989,0,2
2023-06-05 02:54:00,2023-06-05 02:56:59,4.238,4.24,4.235,4.241,4.234894970064472,4.2385,4.235,4.241,True,0.004935705376515983,0.0020120945116991334,0,4.203069871290384,4.20491742894361,37.420923960071136,37.420923960071136,4.207420574748948,4.207629900870445,99.9999999999999,99.99999999999989,0,2
2023-06-05 02:57:00,2023-06-05 02:59:59,4.239,4.238,4.231,4.24,4.236697485032236,4.237,4.231,4.24,True,0.005226012135336294,0.0016944559423547004,0,4.203993650116997,4.205899086998685,34.15122187474475,34.15122187474475,4.207714897388262,4.207932090911535,89.44913278684233,96.4830442622807,0,1
2023-06-05 03:00:00,2023-06-05 03:02:59,4.238,4.233,4.227,4.238,4.236848742516118,4.234,4.227,4.238,True,0.005638439839955138,0.0009983634899499005,0,4.204946368557842,4.206864755436566,24.327716976707222,24.327716976707222,4.2079764406978315,4.2081815228427635,59.524779586405714,82.99130412441598,0,1
2023-06-05 03:03:00,2023-06-05 03:05:59,4.233,4.24,4.233,4.24,4.235424371258059,4.2364999999999995,4.233,4.24,True,0.00573569413710124,0.0009100693089889016,0,4.205905561997204,4.207828362282606,22.789767485827795,0.0,4.208260257208301,4.208498124605522,34.526383952516504,61.16676544192151,0,1
2023-06-05 03:06:00,2023-06-05 03:08:59,4.241,4.245,4.241,4.245,4.235962185629029,4.243,4.241,4.245,True,0.005683144555879714,0.0010800708605322989,0,4.206866962139904,4.208828331567686,23.99941277774157,23.99941277774157,4.208605926290805,4.208861327345765,30.345294841768137,41.465486126896785,0,2
2023-06-05 03:09:00,2023-06-05 03:11:59,4.245,4.248,4.245,4.249,4.239481092814515,4.24675,4.245,4.249,True,0.005562919944745418,0.0012705295492905205,0,4.207847646853795,4.20987579739201,25.886508991088604,25.886508991088604,4.208985469312787,4.209250766874663,49.585991832210084,38.15255687549824,0,2
2023-06-05 03:12:00,2023-06-05 03:14:59,4.247,4.247,4.246,4.25,4.243115546407257,4.2475000000000005,4.246,4.25,True,0.005451282805834999,0.0011893031488185088,0,4.2088617221229025,4.210958616643805,25.760438052688045,25.760438052688045,4.209368698473853,4.209626381134617,64.31010315015055,48.08046327470959,0,1
2023-06-05 03:15:00,2023-06-05 03:17:59,4.247,4.249,4.245,4.25,4.245307773203629,4.24775,4.245,4.25,True,0.0054190483197039205,0.001139843487170394,0,4.209910169383354,4.212063555871934,26.58415361043835,26.58415361043835,4.209750601971626,4.21001815843676,69.10681961585404,61.00097153273822,0,1
2023-06-05 03:18:00,2023-06-05 03:20:59,4.249,4.251,4.245,4.251,4.246528886601814,4.2490000000000006,4.245,4.251,True,0.005460544868296514,0.0011112816635341846,0,4.210986862627644,4.213186905584152,27.987510908195787,27.987510908195787,4.21014114324554,4.210425937954803,71.59296309165948,68.33662861922136,0,1
2023-06-05 03:21:00,2023-06-05 03:23:59,4.25,4.252,4.25,4.253,4.247764443300907,4.25125,4.25,4.253,True,0.005284791663418199,0.0010271275335121677,0,4.212086884105898,4.214332480019094,29.345441501566526,29.345441501566526,4.210550186596331,4.2108396102139585,76.66565820925094,72.45514697225481,0,1
2023-06-05 03:24:00,2023-06-05 03:26:59,4.252,4.256,4.252,4.256,4.249507221650454,4.254,4.252,4.256,True,0.005193020830316931,0.0011148469671040887,0,4.213209682062496,4.215506560200162,31.68887746010556,31.68887746010556,4.210982523048108,4.211288967326257,84.73458918894711,77.66440349661917,0,2
2023-06-05 03:27:00,2023-06-05 03:29:59,4.256,4.254,4.253,4.256,4.251753610825227,4.25475,4.253,4.256,True,0.005036376485294301,0.0008965007677170962,0,4.214358121131329,4.216700173514586,29.62027285272181,29.62027285272181,4.2114180203312115,4.2117139527259955,91.93712132724215,84.44578957514672,0,1
2023-06-05 03:30:00,2023-06-05 03:32:59,4.255,4.255,4.254,4.259,4.253251805412614,4.25575,4.254,4.259,True,0.005033778164916193,0.000694327676992415,0,4.2155291473229575,4.217907837009033,28.816063456024736,28.816063456024736,4.2118591345567715,4.2121446596640455,97.13871052559944,91.2701403472629,0,1
2023-06-05 03:33:00,2023-06-05 03:35:59,4.256,4.245,4.245,4.256,4.254500902706306,4.250500000000001,4.245,4.256,True,0.005459936867422187,-0.00024373115520431865,0,4.216718492165995,4.21908225586995,16.49976744396639,0.0,4.212243620780087,4.212471578473359,65.67168607077237,84.91583930787131,0,1
2023-06-05 03:36:00,2023-06-05 03:38:59,4.248,4.25,4.248,4.253,4.2525004513531535,4.249750000000001,4.248,4.253,True,0.005641369948320603,-0.0005864763622299932,0,4.217900374017972,4.220217297437157,12.464091095037709,0.0,4.21261681858327,4.212844995602977,33.33333333333325,65.38124330990168,0,1
2023-06-05 03:39:00,2023-06-05 03:41:59,4.25,4.253,4.248,4.255,4.251125225676577,4.2515,4.248,4.255,True,0.005738414952011965,-0.0006651298710943013,0,4.219058835727564,4.2213255562529355,11.815324178884566,0.0,4.2130037159108,4.213244547885535,3.4639001771901756,34.15630652709859,0,1
2023-06-05 03:42:00,2023-06-05 03:44:59,4.252,4.25,4.249,4.252,4.251312612838289,4.250749999999999,4.249,4.252,True,0.005614242455439713,-0.0009798512757365936,0,4.22019219599025,4.222399979188494,8.583014254970287,0.0,4.21337930082711,4.2136102737772205,3.4639001771901756,13.42037789590453,0,1
2023-06-05 03:45:00,2023-06-05 03:47:59,4.25,4.252,4.25,4.252,4.251031306419144,4.2509999999999994,4.25,4.252,True,0.005356082280051146,-0.0010886105527450653,0,4.221296087589372,4.223442106479519,8.023194198801889,0.0,4.213753636142263,4.21399226110282,4.014099001620128,3.6472997853334888,0,1
2023-06-05 03:48:00,2023-06-05 03:50:59,4.251,4.251,4.25,4.252,4.2510156532095715,4.251,4.25,4.252,True,0.005116362117190334,-0.001263262902057652,0,4.222369097034446,4.224451657080998,6.576963687610373,0.0,4.214124246727912,4.214360497310753,1.100397648861901,2.8594656092240633,0,1
2023-06-05 03:51:00,2023-06-05 03:53:59,4.25,4.25,4.249,4.251,4.251007826604786,4.25,4.249,4.251007826604786,True,0.004893764823105357,-0.0014706131356557635,0,4.223410377057722,4.225421772171487,4.4752528786682575,0.0,4.214481219397286,4.2147151192280585,1.100397648861901,2.0716314331146384,0,1
2023-06-05 03:54:00,2023-06-05 03:56:59,4.251,4.252,4.249,4.253,4.250503913302393,4.25125,4.249,4.253,True,0.004829924478597864,-0.00148167866332213,0,4.224416074614605,4.2263627597149656,5.268292673628515,0.0,4.214847077910746,4.215086113066585,3.4785658587669577,1.893120385496915,0,1
2023-06-05 03:57:00,2023-06-05 03:59:59,4.253,4.256,4.252,4.257,4.250876956651196,4.2545,4.252,4.257,True,0.00484207273012658,-0.0012257813759305874,0,4.225389417164785,4.227296657216847,9.264393687449676,0.0,4.215241634349445,4.215493216419156,12.621379342314732,5.733447616647858,0,2
2023-06-05 04:00:00,2023-06-05 04:02:59,4.256,4.248,4.246,4.256,4.252688478325599,4.2515,4.246,4.256,True,0.005210496106546094,-0.0016296295893800106,0,4.226343037190817,4.228197981958694,3.71106875216757,0.0,4.2156024141071615,4.21581666700205,12.621379342314732,9.573774847798802,0,1
2023-06-05 04:03:00,2023-06-05 04:05:59,4.248,4.247,4.246,4.248,4.252094239162799,4.24725,4.246,4.252094239162799,True,0.0049811749560785,-0.001959230885071106,0,4.227270509574756,4.2290383183715115,-0.7312650021814022,-0.0,4.215917315459329,4.216126948922428,9.693012307979723,11.645256997536391,0,1
2023-06-05 04:06:00,2023-06-05 04:08:59,4.248,4.248,4.246,4.248,4.249672119581399,4.2475000000000005,4.246,4.249672119581399,True,0.0047682338877871626,-0.002085689248601419,0,4.228154413973134,4.229826587908385,-2.523201142845018,-0.0,4.216231571026898,4.216444093709269,0.4325466692047029,7.5823127731663815,0,-2
2023-06-05 04:09:00,2023-06-05 04:11:59,4.247,4.247,4.247,4.248,4.2485860597907,4.24725,4.247,4.2485860597907,True,0.004499074324373817,-0.0022088694155904427,0,4.22899050094076,4.230566741194477,-4.683028976364888,-4.683028976364888,4.216540212111208,4.216748132577833,0.4325466692047029,3.5193685487963715,0,-2
2023-06-05 04:12:00,2023-06-05 04:14:59,4.247,4.248,4.247,4.248,4.2479180298953505,4.2475000000000005,4.247,4.248,True,0.004249140444061426,-0.0021836504154974547,0,4.229778621067618,4.231265649245143,-4.680167518989975,-4.680167518989975,4.216848269702141,4.21705909643278,1.2880422411871761,0.7177118598655223,0,-2
2023-06-05 04:15:00,2023-06-05 04:17:59,4.247,4.25,4.245,4.251,4.2477090149476755,4.2482500000000005,4.245,4.251,True,0.004374201840914198,-0.00199148252058339,0,4.23052213515638,4.231932435177003,-1.9499987596546262,-0.0,4.217160724729981,4.217386866617528,4.355773071844533,2.025453994078799,0,-2
2023-06-05 04:18:00,2023-06-05 04:20:59,4.249,4.252,4.248,4.253,4.247979507473838,4.2505,4.248,4.253,True,0.004418901709420319,-0.0016967536007552672,0,4.231227285166692,4.232584793671028,2.2299916712036634,0.0,4.217492458812269,4.217731275904916,15.325254438127201,6.989689917052966,0,-1
2023-06-05 04:21:00,2023-06-05 04:23:59,4.251,4.249,4.249,4.251,4.249239753736919,4.25,4.249,4.251,True,0.004317551587318875,-0.0016890354986076103,0,4.23190603941886,4.23321788693702,0.6715591773162188,0.0,4.21781591693354,4.218042407487952,22.90188543119916,14.194304313723627,0,-2
2023-06-05 04:24:00,2023-06-05 04:26:59,4.25,4.252,4.25,4.252,4.24961987686846,4.2509999999999994,4.25,4.252,True,0.004223440759653249,-0.0014530390227642399,0,4.23256196317794,4.233838329923884,3.2197403446641246,0.0,4.218146106814798,4.218380293980609,31.195522770537963,23.14088754662144,0,-1
2023-06-05 04:27:00,2023-06-05 04:29:59,4.251,4.248,4.246,4.251,4.2503099384342296,4.2490000000000006,4.246,4.251,True,0.004350337848249399,-0.001557677041744622,0,4.233200146550912,4.234430834231389,0.11400036911044964,0.0,4.218453110727088,4.218675017423588,21.73406694113643,25.277158380957847,0,-2
2023-06-05 04:30:00,2023-06-05 04:32:59,4.248,4.249,4.248,4.253,4.249654969217115,4.2495,4.248,4.253,True,0.004396742287660149,-0.0015324473666624983,0,4.233815490391151,4.235000707542229,-0.6656830065813395,-0.0,4.21876203499846,4.218976758543751,16.705511377301242,23.211700362991877,0,-2
2023-06-05 04:33:00,2023-06-05 04:35:59,4.25,4.251,4.248,4.251,4.249577484608558,4.250000000000001,4.248,4.251,True,0.004296974981398718,-0.0013533136292938732,0,4.234408098966689,4.235552283905018,1.2887141619696507,0.0,4.219072860520863,4.219295397762221,10.258210460961083,16.232596259799582,0,-1
2023-06-05 04:36:00,2023-06-05 04:38:59,4.25,4.251,4.25,4.251,4.249788742304279,4.250500000000001,4.25,4.251,True,0.004061476768441691,-0.0012176523090394829,0,4.234980191435853,4.236089101083234,2.5916456076703085,0.0,4.219385568376377,4.219610866441204,16.083619569511168,14.349113802591162,0,-1
2023-06-05 04:39:00,2023-06-05 04:41:59,4.25,4.253,4.25,4.253,4.25014437115214,4.2515,4.25,4.253,True,0.003985656999267293,-0.0009770572927445612,0,4.235534646259543,4.2366174761783775,5.997456271246271,0.0,4.219705114959696,4.219943096625869,33.59845269043975,19.980094240304,0,-1
2023-06-05 04:42:00,2023-06-05 04:44:59,4.252,4.253,4.252,4.253,4.2508221855760695,4.2524999999999995,4.252,4.253,True,0.0037723957850339385,-0.0008149693164881512,0,4.23607606121896,4.237142440610551,8.267996713630247,0.0,4.220031432223779,4.220272021037552,61.5851721009123,37.08908145362107,0,-1
2023-06-05 04:45:00,2023-06-05 04:47:59,4.253,4.261,4.253,4.262,4.2516610927880345,4.25725,4.253,4.262,True,0.004145796086102904,-0.0001610139735146324,0,4.236609250914755,4.237693708040955,15.913059909311698,0.0,4.220401766231503,4.220677274559566,87.58507078881443,60.92289852672216,0,-1
2023-06-05 04:48:00,2023-06-05 04:50:59,4.26,4.259,4.256,4.26,4.254455546394017,4.25875,4.256,4.26,True,0.004206810651381261,9.613601315160321e-05,0,4.237151479477855,4.238272193321215,17.51248519577544,0.0,4.220783340696861,4.221058595210715,99.99999999999993,83.05674762990888,0,-1
2023-06-05 04:51:00,2023-06-05 04:53:59,4.26,4.26,4.258,4.26,4.256602773197009,4.259499999999999,4.258,4.26,True,0.004049181319139727,0.00029075100921546315,0,4.2377118363995345,4.238873284179456,19.28116476496031,0.0,4.2211685810879365,4.221446071875285,99.99999999999993,95.8616902629381,0,-1
2023-06-05 04:54:00,2023-06-05 04:56:59,4.26,4.26,4.259,4.26,4.258051386598504,4.25975,4.259,4.26,True,0.003831382653486849,0.0003671512792721562,0,4.238292560289495,4.239489763711557,20.46028447775022,20.46028447775022,4.221552475803479,4.221829693050655,99.99999999999993,99.99999999999993,0,2
2023-06-05 04:57:00,2023-06-05 04:59:59,4.259,4.26,4.258,4.26,4.258900693299252,4.25925,4.258,4.26,True,0.0037005696068092013,0.00036309246327922377,0,4.238891162000526,4.240110698617883,21.24636428627683,21.24636428627683,4.2219275755467285,4.222209497099902,96.40657621073218,98.802192070244,0,2
2023-06-05 05:00:00,2023-06-05 05:02:59,4.26,4.262,4.255,4.264,4.259075346649626,4.260249999999999,4.255,4.264,True,0.004079100349179997,0.00044374667079860076,0,4.239500930309204,4.240737742061334,23.574642628091055,23.574642628091055,4.22230889320298,4.222605422501893,95.45425619964162,97.28694413679123,0,2
2023-06-05 05:03:00,2023-06-05 05:05:59,4.261,4.263,4.259,4.263,4.259662673324812,4.2615,4.259,4.263,True,0.004073450324238537,0.0005062533190254249,0,4.240119336185269,4.241373868943493,25.901267948637937,25.901267948637937,4.2226988544646415,4.223007358596401,95.45425619964162,95.77169620333846,0,2
2023-06-05 05:06:00,2023-06-05 05:08:59,4.262,4.267,4.262,4.277,4.260581336662407,4.267,4.262,4.277,True,0.00485391815822154,0.0007591083433748447,0,4.240746602564381,4.242050518622974,29.648077163139646,29.648077163139646,4.223139661882904,4.22344509632181,99.04767998890935,96.65206412939752,0,2
2023-06-05 05:09:00,2023-06-05 05:11:59,4.267,4.274,4.267,4.277,4.263790668331204,4.27125,4.267,4.277,True,0.005221495432634271,0.0013281516704688528,0,4.2413985605936775,4.242783589169097,33.92757637808786,33.92757637808786,4.223618371714915,4.223948130189255,99.99999999999993,98.16731206285029,0,2
2023-06-05 05:12:00,2023-06-05 05:14:59,4.274,4.27,4.27,4.275,4.267520334165602,4.27225,4.27,4.275,True,0.005205674330303307,0.0013196174052714279,0,4.242091074881387,4.243562911680236,29.942403354945725,29.942403354945725,4.2241022685137715,4.224406357749561,99.99999999999993,99.68255999630306,0,2
2023-06-05 05:15:00,2023-06-05 05:17:59,4.271,4.275,4.271,4.276,4.269885167082801,4.27325,4.271,4.276,True,0.005262411878138801,0.0015530330965482664,0,4.242826993280811,4.24438016277096,29.618038234117137,29.618038234117137,4.224591300667863,4.224909777075435,99.99999999999993,99.99999999999993,0,2
2023-06-05 05:18:00,2023-06-05 05:20:59,4.276,4.273,4.269,4.276,4.271567583541401,4.2735,4.269,4.276,True,0.005386525315414578,0.0014498613888983452,0,4.243603578025885,4.245223383353393,26.58496145014233,26.58496145014233,4.225077954392561,4.225388286756277,99.99999999999993,99.99999999999993,0,2
2023-06-05 05:21:00,2023-06-05 05:23:59,4.274,4.275,4.274,4.276,4.272533791770701,4.27475,4.274,4.276,True,0.005216059221456402,0.0014056264169151431,0,4.244413480689638,4.246089840838681,25.681218303040282,25.681218303040282,4.225572203602585,4.225881935644274,99.99999999999993,99.99999999999993,0,2
2023-06-05 05:24:00,2023-06-05 05:26:59,4.275,4.27,4.27,4.275,4.27364189588535,4.2725,4.27,4.275,True,0.005200626419923858,0.00091918700842036,0,4.245251660764159,4.24695321068841,18.811565931876245,0.0,4.2260391468503204,4.226320921359257,81.22454152902951,93.74151384300978,0,1
2023-06-05 05:27:00,2023-06-05 05:29:59,4.271,4.272,4.271,4.273,4.273070947942675,4.27175,4.271,4.273070947942675,True,0.005043438818500732,0.0006471883180761279,0,4.246102435726284,4.24780308018802,15.862144582308957,0.0,4.226493981210019,4.226775439554687,54.478031910772295,78.56752447993391,0,1
2023-06-05 05:30:00,2023-06-05 05:32:59,4.272,4.259,4.259,4.272,4.2724104739713376,4.2655,4.259,4.2724104739713376,True,0.005611764617179244,-0.0005035837599361437,0,4.2469527579571515,4.2485936081118085,4.7172966884721745,0.0,4.226882100799969,4.2270960819471775,21.14469857743896,52.28242400574691,0,1
2023-06-05 05:33:00,2023-06-05 05:35:59,4.259,4.262,4.256,4.262,4.2689552369856685,4.25975,4.256,4.2689552369856685,True,0.005639495715952109,-0.0010728773818027282,0,4.24777318303448,4.249292541018449,-0.17145313159288378,-0.0,4.227209144573104,4.22744338461437,6.586823715076051,27.40318473442909,0,-2
2023-06-05 05:36:00,2023-06-05 05:38:59,4.263,4.263,4.263,4.263,4.264352618492834,4.263,4.263,4.264352618492834,True,0.005308103164812697,-0.001376058480213693,0,4.248532862026464,4.249936863557171,-2.5677741761932182,-0.0,4.2275652724878,4.227797181782386,4.554057247887957,10.761859846800975,0,-2
2023-06-05 05:39:00,2023-06-05 05:41:59,4.263,4.263,4.262,4.263,4.263676309246417,4.2627500000000005,4.262,4.263676309246417,True,0.005000381510183243,-0.0015599022758085819,0,4.249234862791817,4.25053205496548,-4.1653215392601055,-4.1653215392601055,4.227915369278966,4.228147458580572,8.73957225095704,6.62681773797367,0,-2
2023-06-05 05:42:00,2023-06-05 05:44:59,4.263,4.263,4.263,4.265,4.263213154623209,4.2635,4.263,4.265,True,0.004786068545170138,-0.0016557898614930474,0,4.2498834588786485,4.251089627240869,-5.230353114638028,-5.230353114638028,4.228269445206538,4.228494250037481,13.989212689340553,9.094280729395171,0,-2
2023-06-05 05:45:00,2023-06-05 05:47:59,4.262,4.261,4.26,4.263,4.263356577311605,4.2615,4.26,4.263356577311605,True,0.004658492220515136,-0.001824945434781699,0,4.2504865430597585,4.251600034042654,-7.785952295296887,-7.785952295296887,4.22860009749304,4.228817690335616,11.544770404864309,11.424518448387289,0,-2
2023-06-05 05:48:00,2023-06-05 05:50:59,4.26,4.262,4.258,4.262,4.262428288655802,4.2604999999999995,4.258,4.262428288655802,True,0.00461145706190688,-0.0018251824764644103,0,4.251043288551206,4.252062944138449,-7.974312978267832,-7.974312978267832,4.228917509458284,4.229147862571082,7.9568485041689065,11.163610532791244,0,-2
2023-06-05 05:51:00,2023-06-05 05:53:59,4.261,4.262,4.261,4.262,4.261464144327901,4.2615,4.261,4.262,True,0.004353495843199206,-0.0017817894126146922,0,4.2515531163448275,4.252492144751512,-8.099886766915134,-8.099886766915134,4.229241713344271,4.229474749510674,4.966302684159391,8.155973864397522,0,-2
2023-06-05 05:54:00,2023-06-05 05:56:59,4.262,4.264,4.262,4.265,4.26148207216395,4.26325,4.262,4.265,True,0.004256817568684986,-0.0015720845088502636,0,4.252022630548169,4.252903867740175,-4.832373771223658,-4.832373771223658,4.229580104256268,4.229818284341413,7.924230102451097,6.9491270969264525,0,-1
2023-06-05 05:57:00,2023-06-05 05:59:59,4.265,4.268,4.265,4.268,4.262366036081975,4.2665,4.265,4.268,True,0.004238473456636026,-0.0011245597058833169,0,4.252463249144172,4.253321304070938,2.0556393273991276,0.0,4.2299474664029715,4.230198201910156,17.01077048159129,9.96710108940058,0,-1
2023-06-05 06:00:00,2023-06-05 06:02:59,4.268,4.271,4.265,4.271,4.264433018040988,4.26875,4.265,4.271,True,0.004364296781162041,-0.0006101054209430821,0,4.252892276607555,4.253755811891756,9.021377664766504,0.0,4.230333561264634,4.230604189950851,27.222450320708088,17.385816968250143,0,-1
2023-06-05 06:03:00,2023-06-05 06:05:59,4.271,4.269,4.265,4.276,4.266591509020493,4.27025,4.265,4.276,True,0.004838275582507617,-0.0004173381769064094,0,4.253324044249656,4.254211070626212,10.190092528157145,0.0,4.230730739759513,4.230986237812036,40.26466035351742,28.165960385272253,0,-1
2023-06-05 06:06:00,2023-06-05 06:08:59,4.269,4.27,4.269,4.276,4.268420754510247,4.271,4.269,4.276,True,0.004992684469471335,-0.00023481065406570894,0,4.253767557437934,4.254684688939438,11.95565825352638,0.0,4.231131428916134,4.231374434450722,51.58419546711756,39.690435380447674,0,-1
2023-06-05 06:09:00,2023-06-05 06:11:59,4.27,4.275,4.27,4.278,4.269710377255123,4.27325,4.27,4.278,True,0.0052074927216519545,0.00020757054091032675,0,4.254226123188686,4.255184949745636,16.831321152825353,16.831321152825353,4.231550519175675,4.231808519680068,72.4467543429601,54.76520338786501,0,-1
2023-06-05 06:12:00,2023-06-05 06:14:59,4.275,4.276,4.275,4.276,4.271480188627562,4.2755,4.275,4.276,True,0.004906957527248204,0.0005234684718254884,0,4.254705536467161,4.25571819144557,20.640906827029937,20.640906827029937,4.231987827442584,4.232248235902157,87.67033526178061,70.56709502395273,0,-1
2023-06-05 06:15:00,2023-06-05 06:17:59,4.276,4.283,4.273,4.286,4.273490094313781,4.2795000000000005,4.273,4.286,True,0.005485031989587612,0.0011539818572063381,0,4.255211863956366,4.2563011848838,25.902952192335263,25.902952192335263,4.232460585378479,4.232753228579747,99.99999999999993,86.70569653491351,0,2
2023-06-05 06:18:00,2023-06-05 06:20:59,4.283,4.283,4.283,4.286,4.2764950471568905,4.2837499999999995,4.283,4.286,True,0.005307529704617013,0.0014777109487302872,0,4.255756524420083,4.256948507780219,29.410982435872143,29.410982435872143,4.232970927812524,4.233253196454576,99.99999999999993,95.8901117539268,0,2
2023-06-05 06:21:00,2023-06-05 06:23:59,4.283,4.28,4.278,4.292,4.280122523578445,4.283250000000001,4.278,4.292,True,0.005928420440001529,0.001380432952364256,0,4.256352516100152,4.2576386058562665,26.327631990326182,26.327631990326182,4.233471217088021,4.23371833877841,98.54962772323752,99.51654257441243,0,2
2023-06-05 06:24:00,2023-06-05 06:26:59,4.281,4.283,4.281,4.285,4.281686261789223,4.2825,4.281,4.285,True,0.005862104694287127,0.0014245033725582374,0,4.2569955609782095,4.258352500527759,26.10456046323995,26.10456046323995,4.23395906567421,4.234208703566685,94.85804322199658,97.80255698174464,0,2
2023-06-05 06:27:00,2023-06-05 06:29:59,4.283,4.264,4.256,4.283,4.282093130894611,4.2715000000000005,4.256,4.283,True,0.007371954358980914,4.7084050761244355e-05,0,4.257674030752985,4.259004760651437,11.24357757869278,0.0,4.234332607309292,4.234505134376967,66.96437619576561,86.7906823803332,0,1
2023-06-05 06:30:00,2023-06-05 06:32:59,4.265,4.271,4.265,4.278,4.276796565447306,4.269749999999999,4.265,4.278,True,0.00784538619048223,-0.0004047483168002526,0,4.258339395702212,4.259592013403002,6.016319740928992,0.0,4.234685019176861,4.234868267368241,35.599678642732876,65.80736602016499,0,-2
2023-06-05 06:33:00,2023-06-05 06:35:59,4.272,4.272,4.269,4.273,4.273273282723652,4.2715,4.269,4.273273282723652,True,0.007570715748304896,-0.0006486417908065176,0,4.258965704552607,4.260136063075998,3.1476258322412605,0.0,4.235051337394006,4.235237737344677,8.888129672248624,37.150728170249,0,-2
2023-06-05 06:36:00,2023-06-05 06:38:59,4.272,4.279,4.272,4.28,4.272386641361826,4.27575,4.272,4.28,True,0.007601378909140261,-0.00033465850697800975,0,4.259550883814303,4.260671525421797,5.1254541450927675,0.0,4.235456299210981,4.235673182744232,12.825063881407148,19.104290732129513,0,-1
2023-06-05 06:39:00,2023-06-05 06:41:59,4.279,4.28,4.279,4.283,4.274068320680913,4.2802500000000006,4.279,4.283,True,0.0073441375584874175,-8.497022020366712e-05,0,4.26011120461805,4.261227427848958,6.943893746910128,0.0,4.235902007676544,4.236114245602499,27.43582899862379,16.383007517426485,0,-1
2023-06-05 06:42:00,2023-06-05 06:44:59,4.281,4.283,4.281,4.283,4.277159160340457,4.282,4.281,4.283,True,0.0070338420185954665,0.00024922047228578045,0,4.260669316233503,4.261807615675152,9.687754012396347,0.0,4.236360694167325,4.236580770521877,41.666170132505705,27.309021004178845,0,2
2023-06-05 06:45:00,2023-06-05 06:47:59,4.281,4.278,4.277,4.281,4.279579580170228,4.279249999999999,4.277,4.281,True,0.006959996160124378,7.406175766805877e-05,0,4.261238465954327,4.262384074936768,7.409879118817621,0.0,4.236787453429342,4.236992902158476,43.91149254440982,37.6711638918464,0,-2
2023-06-05 06:48:00,2023-06-05 06:50:59,4.279,4.28,4.279,4.284,4.279414790085114,4.2805,4.279,4.284,True,0.0068914250058297955,5.733641069203665e-05,0,4.2618112704455475,4.262962219879023,7.19871537263613,0.0,4.237222404141487,4.237420833480282,42.03190359514527,42.536522090686894,0,-2
2023-06-05 06:51:00,2023-06-05 06:53:59,4.28,4.278,4.278,4.28,4.2799573950425565,4.279,4.278,4.28,True,0.006542037505413429,-0.00013058530490905104,0,4.262386745162285,4.263527433685162,5.340056506960195,0.0,4.237638101612716,4.237824606281474,35.04718696638312,40.33019436864603,0,-2
2023-06-05 06:54:00,2023-06-05 06:56:59,4.278,4.274,4.273,4.28,4.279478697521278,4.27625,4.273,4.28,True,0.006574749112169652,-0.0005576830686593696,0,4.262957089423724,4.264059720824574,1.0228402978705375,0.0,4.2380222996066195,4.238184560447827,28.24001117060892,35.106367244045735,0,-2
2023-06-05 06:57:00,2023-06-05 06:59:59,4.273,4.267,4.267,4.273,4.277864348760639,4.27,4.267,4.277864348760639,True,0.0066051241755860825,-0.0013250434340351756,0,4.263508405124149,4.264519550865212,-5.71365279551452,-5.71365279551452,4.238340485680186,4.238471281239391,14.990571499118621,26.09258987870352,0,-2
2023-06-05 07:00:00,2023-06-05 07:02:59,4.268,4.274,4.267,4.275,4.273932174380319,4.271000000000001,4.267,4.275,True,0.00670475816304422,-0.0013157777369817115,0,4.26401397799468,4.264926041062797,-4.512676307725137,-4.512676307725137,4.238665455971925,4.238824800829049,6.358929647938521,16.52983743922199,0,-2
2023-06-05 07:03:00,2023-06-05 07:05:59,4.274,4.27,4.265,4.274,4.2724660871901605,4.2707500000000005,4.265,4.274,True,0.006868704008541086,-0.0015569530329239767,0,4.264470009528738,4.2652860322059185,-6.022589521492577,-6.022589521492577,4.238984705166234,4.239135001815825,2.8163237875100116,8.055274978189018,0,-2
2023-06-05 07:06:00,2023-06-05 07:08:59,4.271,4.266,4.265,4.271,4.27160804359508,4.26825,4.265,4.27160804359508,True,0.006806653722216739,-0.0019466758546701941,0,4.264878020867328,4.265589791735712,-9.049614493925645,-9.049614493925645,4.239275902129754,4.239402315230593,2.8163237875100116,3.997192407652815,0,-2
2023-06-05 07:09:00,2023-06-05 07:11:59,4.267,4.264,4.263,4.267,4.26992902179754,4.26525,4.263,4.26992902179754,True,0.006606178456344146,-0.0022746203364412713,0,4.265233906301519,4.2658266124170705,-12.016251051079166,-12.016251051079166,4.239534350864782,4.239647068312875,1.272141271962208,2.3015962823273775,-1,-2
2023-06-05 07:12:00,2023-06-05 07:14:59,4.264,4.264,4.264,4.264,4.26758951089877,4.264,4.264,4.26758951089877,True,0.006134308566605279,-0.002407042669290551,0,4.265530259359295,4.266000530501248,-13.994008755848178,-13.994008755848178,4.23977779015966,4.2398893860411055,-9.547918011776346e-14,1.362821686490675,0,-2
2023-06-05 07:15:00,2023-06-05 07:17:59,4.265,4.263,4.262,4.265,4.2657947554493845,4.26375,4.262,4.2657947554493845,True,0.005910429383276339,-0.0024717500179828648,0,4.265765394930272,4.266122016399417,-15.90502892633885,-15.90502892633885,4.240016319610807,4.240119342398906,-9.547918011776346e-14,0.4240470906539726,0,-2
2023-06-05 07:18:00,2023-06-05 07:20:59,4.263,4.257,4.254,4.263,4.264772377724692,4.25925,4.254,4.264772377724692,True,0.0061311129987566245,-0.002828593961233254,-1,4.265943705664844,4.266170513760758,-20.05866452043458,-20.05866452043458,4.240207699515177,4.240287309141205,-9.547918011776346e-14,-1.2856382625159313e-13,0,-2
2023-06-05 07:21:00,2023-06-05 07:23:59,4.256,4.242,4.241,4.258,4.2620111888623455,4.24925,4.241,4.2620111888623455,True,0.006907462070274034,-0.003970816335576281,0,4.266057109712801,4.266092603355634,-26.153886881075206,-26.153886881075206,4.2402976726543296,4.240304350841293,-9.547918011776346e-14,-1.2856382625159313e-13,0,-2
2023-06-05 07:24:00,2023-06-05 07:26:59,4.242,4.23,4.222,4.243,4.255630594431173,4.234250000000001,4.222,4.255630594431173,True,0.00791407192239731,-0.0053573292031163814,0,4.266074856534217,4.26581278982326,-31.409729741327105,-31.409729741327105,4.240237496807023,4.240201819987151,-9.547918011776346e-14,-1.2856382625159313e-13,0,-2
2023-06-05 07:27:00,2023-06-05 07:29:59,4.231,4.232,4.231,4.236,4.244940297215587,4.2325,4.231,4.244940297215587,True,0.007777352499368883,-0.005870785094730026,0,4.265943823178738,4.265363929496239,-33.141694133163995,-33.141694133163995,4.240160506789042,4.240120209838025,-9.547918011776346e-14,-1.2856382625159313e-13,0,-2
2023-06-05 07:30:00,2023-06-05 07:32:59,4.231,4.235,4.227,4.237,4.2387201486077934,4.2325,4.227,4.2387201486077934,True,0.007936113035128234,-0.0057185734196811226,0,4.265653876337487,4.264785057098147,-31.574621180593194,-31.574621180593194,4.2400842828408924,4.240069262476453,-9.260471922728782e-14,-1.2760567262143458e-13,0,-2
2023-06-05 07:33:00,2023-06-05 07:35:59,4.236,4.233,4.232,4.236,4.235610074303897,4.23425,4.232,4.236,True,0.007654962104047614,-0.005476341975238115,0,4.2652194667178165,4.264119803823505,-31.033924122561377,-31.033924122561377,4.240026230275311,4.239998921556289,2.834063192801551,0.9446877309337546,0,-2
2023-06-05 07:36:00,2023-06-05 07:38:59,4.233,4.232,4.232,4.235,4.2349300371519485,4.233,4.232,4.235,True,0.007322464810901363,-0.005109273296618216,0,4.26466963527066,4.263382530292878,-30.94330584933141,-30.94330584933141,4.239956317536254,4.239919330297022,5.700131056933131,2.8447314165781634,0,-2
2023-06-05 07:39:00,2023-06-05 07:41:59,4.232,4.227,4.227,4.232,4.233965018575974,4.2295,4.227,4.233965018575974,True,0.007156574467265544,-0.004943918202702915,0,4.264026082781768,4.262569599466585,-32.13356982637336,-32.13356982637336,4.239852274575694,4.239790779746803,6.795275785313565,5.109823345016049,0,-2
2023-06-05 07:42:00,2023-06-05 07:44:59,4.227,4.228,4.227,4.228,4.231732509287987,4.2275,4.227,4.231732509287987,True,0.006716819148175108,-0.004496900947844839,0,4.263297841124176,4.2616889585624085,-31.667400021631472,-31.667400021631472,4.239729366370961,4.239673458555293,4.099851343668024,5.531752728638207,0,-1
2023-06-05 07:45:00,2023-06-05 07:47:59,4.227,4.214,4.211,4.227,4.229616254643993,4.21975,4.211,4.229616254643993,True,0.007451332066162561,-0.004909080195562873,0,4.262493399843292,4.260707877929018,-34.111289642753334,-34.111289642753334,4.239530566705578,4.239418001256236,1.233783479536444,4.042970202839311,0,-2
2023-06-05 07:48:00,2023-06-05 07:50:59,4.214,4.219,4.214,4.22,4.224683127321997,4.21675,4.214,4.224683127321997,True,0.007347665490008045,-0.0045473783094225045,0,4.261600638886154,4.259633868456562,-31.13356717025543,-31.13356717025543,4.23930389440005,4.239214837064631,0.13863875115600757,1.8240911914534585,0,-2
2023-06-05 07:51:00,2023-06-05 07:53:59,4.218,4.218,4.218,4.218,4.220716563660998,4.218,4.218,4.220716563660998,True,0.0068942608121503515,-0.004105582536836015,0,4.260617253671358,4.258502640632061,-29.44571205830531,-29.44571205830531,4.239091915351293,4.2390037441585156,3.2385084804639424,1.5369769037187648,0,-1
2023-06-05 07:54:00,2023-06-05 07:56:59,4.219,4.215,4.209,4.219,4.219358281830499,4.2155000000000005,4.209,4.219358281830499,True,0.007116099325568232,-0.00376227920861991,0,4.2595599471517085,4.257316973163838,-29.23409632817444,-29.23409632817444,4.238857169924912,4.238764900933058,5.265786615041379,2.8809779488870766,0,-1
2023-06-05 07:57:00,2023-06-05 07:59:59,4.215,4.218,4.215,4.219,4.21742914091525,4.21675,4.215,4.219,True,0.00689352080231339,-0.003080496811486524,0,4.258438460157772,4.256105156250339,-25.918626024778558,-25.918626024778558,4.238637198084863,4.238558285003376,12.14016848897357,6.881487861492931,0,-1
2023-06-05 08:00:00,2023-06-05 08:02:59,4.217,4.204,4.2,4.218,4.217089570457626,4.20975,4.2,4.218,True,0.007686840745005276,-0.003371172876096777,0,4.257271808204055,4.254833038603174,-27.839974472131324,-27.839974472131324,4.238349763278048,4.238214421471004,12.70500734442161,10.036987482812153,0,-2
2023-06-05 08:03:00,2023-06-05 08:05:59,4.204,4.204,4.202,4.208,4.213419785228813,4.2044999999999995,4.202,4.213419785228813,True,0.007566352120362058,-0.003312018387560827,0,4.256052423403614,4.253486153261044,-29.12087343703317,-29.12087343703317,4.2380129497130925,4.237873979466317,10.677729209844173,11.840968347746418,0,-2
2023-06-05 08:06:00,2023-06-05 08:08:59,4.204,4.216,4.204,4.216,4.208959892614406,4.21,4.204,4.216,True,0.007883041254621944,-0.002201079133312186,0,4.254769288332328,4.252127379701728,-20.92152069312673,-20.92152069312673,4.237734213895052,4.237656327929339,37.136680669245315,20.173139074503666,0,-1
2023-06-05 08:09:00,2023-06-05 08:11:59,4.218,4.235,4.218,4.236,4.209479946307203,4.22675,4.218,4.236,True,0.008748538307863204,2.358586275446467e-05,0,4.253448334017027,4.250883491910075,-8.418857468325548,-0.0,4.237624918234404,4.2376298968056645,66.66666666666657,38.160358848585325,0,-1
2023-06-05 08:12:00,2023-06-05 08:14:59,4.234,4.231,4.23,4.234,4.218114973153602,4.2322500000000005,4.23,4.234,True,0.008480785571587253,0.0012912443616869898,0,4.252165912963551,4.2497763247333875,-2.061266690732708,-0.0,4.237571436460928,4.23756392768322,99.9999999999999,67.93444911197057,0,-1
2023-06-05 08:15:00,2023-06-05 08:17:59,4.231,4.224,4.22,4.231,4.225182486576801,4.2265,4.22,4.231,True,0.008660729459331029,0.001675431144787215,0,4.250971118848469,4.248744943887705,-1.0094548616548948,-0.0,4.237461272914053,4.237428963228661,95.95444650258513,87.54037105641716,0,-1
2023-06-05 08:18:00,2023-06-05 08:20:59,4.225,4.217,4.217,4.225,4.2258412432884,4.221,4.217,4.2258412432884,True,0.008613534497950241,0.0014684418182548294,0,4.2498580313680865,4.247742570673778,-3.0171171162311765,-0.0,4.237297479153714,4.237225689962704,88.41908766774368,94.79117805677619,0,-1
2023-06-05 08:21:00,2023-06-05 08:23:59,4.218,4.224,4.216,4.224,4.2234206216442,4.2205,4.216,4.224,True,0.008569710605239509,0.0018461349819218677,0,4.248800301020932,4.246766482186835,-1.3086555337933206,-0.0,4.237130340057657,4.237094091057603,80.57276618202673,88.31543345078514,0,-1
2023-06-05 08:24:00,2023-06-05 08:26:59,4.224,4.222,4.217,4.226,4.2219603108221,4.22225,4.217,4.226,True,0.00860044556200814,0.0019647286666275507,0,4.247783391603884,4.245829791716417,-1.0744225322827958,-0.0,4.2369822769725065,4.236943901096831,78.47754352042476,82.48979912339836,0,-1
2023-06-05 08:27:00,2023-06-05 08:29:59,4.221,4.223,4.22,4.223,4.22210515541105,4.221749999999999,4.22,4.223,True,0.008200413736150424,0.0021129885575945136,0,4.2468065916601505,4.24492711574251,-0.4070499150694289,-0.0,4.236830712027507,4.236805155812285,79.51271800803754,79.52100923682964,0,-1
2023-06-05 08:30:00,2023-06-05 08:32:59,4.225,4.225,4.22,4.225,4.221927577705525,4.223749999999999,4.22,4.225,True,0.007971812754996815,0.002338893643860156,0,4.24586685370133,4.244071135064992,1.1469368395397765,0.0,4.236700555688924,4.236687691575347,82.96627286481491,80.31884479775904,0,-1
2023-06-05 08:33:00,2023-06-05 08:35:59,4.225,4.227,4.22,4.227,4.222838788852762,4.22475,4.22,4.227,True,0.007902397558211368,0.0026010374465705553,0,4.244968994383161,4.243264651923927,3.33022929448898,3.33022929448898,4.236581644687044,4.236591296634299,85.78558322386489,82.75485803223908,0,-1
2023-06-05 08:36:00,2023-06-05 08:38:59,4.229,4.229,4.228,4.229,4.223794394426381,4.22875,4.228,4.229,True,0.007480797732624826,0.002870594375306698,0,4.2441168231535435,4.2425301161272815,5.953496189452451,5.953496189452451,4.236503717874238,4.236515761344406,92.28576757109357,87.01254121992442,0,-1
2023-06-05 08:39:00,2023-06-05 08:41:59,4.23,4.222,4.222,4.231,4.2262721972131905,4.22625,4.222,4.231,True,0.0075893121802944425,0.002511012019129148,0,4.243323469640412,4.241840112018929,2.4379933846532253,0.0,4.236401690830713,4.236371325908143,94.38941682501024,90.82025587332286,0,-1
2023-06-05 08:42:00,2023-06-05 08:44:59,4.222,4.218,4.214,4.222,4.226261098606596,4.219,4.214,4.226261098606596,True,0.007618647024559126,0.0019624310440954796,0,4.24258179082967,4.241140159473801,-2.18129525574156,-0.0,4.236228539678169,4.236188526645376,89.5416189049386,92.07226776701411,0,-2
2023-06-05 08:45:00,2023-06-05 08:47:59,4.219,4.203,4.199,4.219,4.2226305493032985,4.21,4.199,4.2226305493032985,True,0.008503029379947792,0.0005587971591866202,0,4.241860975151734,4.240375427302087,-10.450402277903116,-0.0,4.235967559183859,4.235858292549402,70.56375835316389,84.83159802770422,0,-2
2023-06-05 08:48:00,2023-06-05 08:50:59,4.203,4.216,4.202,4.224,4.216315274651649,4.21125,4.202,4.224,True,0.009467098709951539,0.00058445336793592,0,4.24111820122691,4.239573516880089,-8.376725644357421,-0.0,4.235721613321333,4.235660697598662,42.833673877994215,67.64635037869887,0,-1
2023-06-05 08:51:00,2023-06-05 08:53:59,4.215,4.22,4.213,4.224,4.213782637325824,4.218,4.213,4.224,True,0.009576591659240723,0.0009149403978781188,0,4.240345859053499,4.238794149896869,-5.215373863562469,-0.0,4.235545278860425,4.235504869761859,37.66579874365647,50.35441032493816,0,-1
2023-06-05 08:54:00,2023-06-05 08:56:59,4.22,4.217,4.213,4.22,4.215891318662912,4.217499999999999,4.213,4.22,True,0.009392549397866363,0.0009461779118535157,0,4.239570004475183,4.238034448276139,-4.493881653832375,-0.0,4.235365723846888,4.235320741704527,42.429311015792955,40.97626121248118,0,-1
2023-06-05 08:57:00,2023-06-05 08:59:59,4.219,4.22,4.217,4.221,4.216695659331456,4.21925,4.217,4.221,True,0.009007367298018796,0.0011924227435936678,0,4.238802226375661,4.237307448555693,-2.4399194854337622,-0.0,4.235205368385725,4.235168296513437,62.5180588214237,47.537722860291005,0,-1
2023-06-05 09:00:00,2023-06-05 09:02:59,4.219,4.219,4.21,4.222,4.217972829665728,4.2175,4.21,4.222,True,0.00922112677673177,0.0012903879707935571,0,4.238054837465677,4.236599176401479,-1.6623431992390962,-0.0,4.235029195565967,4.235007417941164,62.482924795661695,55.81009821095941,0,-1
2023-06-05 09:03:00,2023-06-05 09:05:59,4.219,4.223,4.219,4.225,4.2177364148328635,4.221500000000001,4.219,4.225,True,0.008991046292679454,0.001628837842699446,0,4.237327006933578,4.235937952345921,1.220596435167181,0.0,4.234894576704614,4.234887941145729,73.36986882247442,66.12361747985322,0,-1
2023-06-05 09:06:00,2023-06-05 09:08:59,4.223,4.223,4.223,4.225,4.219618207416432,4.2235,4.223,4.225,True,0.008491685843202335,0.001830627649273742,0,4.236632479639749,4.235332028416444,3.1425561914380324,3.1425561914380324,4.234781197831932,4.23476965317413,83.30032286703626,73.05103882839074,0,-1
2023-06-05 09:09:00,2023-06-05 09:11:59,4.223,4.227,4.223,4.229,4.221559103708216,4.225499999999999,4.223,4.229,True,0.008313708282973613,0.0022062995240893016,0,4.235982254028096,4.234787522074599,6.851818540060847,6.851818540060847,4.234688847604748,4.234692343192298,96.67259574717441,84.44759581222831,0,2
2023-06-05 09:12:00,2023-06-05 09:14:59,4.227,4.223,4.216,4.227,4.223529551854108,4.22325,4.216,4.227,True,0.008505586262761222,0.0021253510281987577,0,4.235384888051348,4.234279668731194,5.706503666244615,5.706503666244615,4.2345750282255965,4.234576001468991,95.29557532650084,91.7561646469038,0,2
2023-06-05 09:15:00,2023-06-05 09:17:59,4.223,4.219,4.208,4.224,4.223389775927054,4.218500000000001,4.208,4.224,True,0.00904090152970685,0.0017493479458734786,0,4.234832278391271,4.233771566913788,1.9425300364265539,0.0,4.234415077695989,4.2344210163797475,81.41032545256228,91.12616550874581,0,1
2023-06-05 09:18:00,2023-06-05 09:20:59,4.219,4.219,4.217,4.225,4.220944887963528,4.220000000000001,4.217,4.225,True,0.008966551420442075,0.0014708944481862472,0,4.234301922652529,4.233277047185067,-0.566785716785482,-0.0,4.234271644087073,4.234267573430695,70.95511802940605,82.55367293615636,0,1
2023-06-05 09:21:00,2023-06-05 09:23:59,4.218,4.218,4.214,4.218,4.220472443981764,4.2170000000000005,4.214,4.220472443981764,True,0.00868322631898192,0.0011970388480564715,0,4.233789484918797,4.232776030471133,-3.0864283479877415,-0.0,4.234099786931978,4.2341057070284,59.496056024001035,70.62049983532309,0,1
2023-06-05 09:24:00,2023-06-05 09:26:59,4.218,4.22,4.218,4.224,4.218736221990882,4.22,4.218,4.224,True,0.008491567296197513,0.0011422114235818863,0,4.2332827576949645,4.232293919332917,-2.4275996082517963,-0.0,4.233959490544595,4.233965351734585,64.31704291655474,64.92273898998724,0,2
2023-06-05 09:27:00,2023-06-05 09:29:59,4.221,4.218,4.217,4.221,4.2193681109954415,4.21925,4.217,4.221,True,0.008170741060754865,0.000955303509815356,0,4.23278833851394,4.231824854684936,-4.050163196971525,-0.0,4.2338131274545985,4.233806492513345,63.193476301169824,62.33552508057517,0,1
2023-06-05 09:30:00,2023-06-05 09:32:59,4.22,4.222,4.217,4.223,4.219309055497721,4.2204999999999995,4.217,4.223,True,0.00801568812784382,0.0011012621925534493,0,4.232306596599437,4.231377856242117,-0.6835545018053253,-0.0,4.233680658524702,4.233689014975899,64.81975725844661,64.1100921587237,0,2
2023-06-05 09:33:00,2023-06-05 09:35:59,4.222,4.217,4.217,4.225,4.21990452774886,4.22025,4.217,4.225,True,0.008014567547283549,0.0008369352365130795,0,4.231842226420777,4.230949582296625,-3.276516534345646,-0.0,4.233547020131422,4.233522955125392,58.21366705764358,62.07563353908665,0,1
2023-06-05 09:36:00,2023-06-05 09:38:59,4.217,4.215,4.213,4.217,4.22007726387443,4.2155,4.213,4.22007726387443,True,0.00772781272247755,0.0005235616569602437,0,4.2313959043587,4.230506398642821,-6.535695926824296,-0.0,4.233367447791806,4.233338647114194,36.45910776285141,53.16417735964718,0,1
2023-06-05 09:39:00,2023-06-05 09:41:59,4.216,4.215,4.215,4.219,4.217788631937214,4.2162500000000005,4.215,4.219,True,0.007461540385157756,0.00032883583066258947,0,4.2309511515007605,4.230059662979584,-8.70848218847673,-0.0,4.233197124928206,4.233156173013556,21.526116209620394,38.732963676705104,0,1
2023-06-05 09:42:00,2023-06-05 09:44:59,4.216,4.216,4.215,4.22,4.217019315968607,4.21675,4.215,4.22,True,0.007285716071932195,0.00028759675486719934,0,4.230505407240172,4.22961662640781,-8.607512242692259,-0.0,4.233033471943846,4.232985464824366,10.408301649694806,22.797841874055518,0,1
2023-06-05 09:45:00,2023-06-05 09:47:59,4.217,4.222,4.214,4.222,4.216884657984304,4.21875,4.214,4.222,True,0.007336736352508468,0.0006898307093217825,0,4.230061016823991,4.229193263985725,-1.7895530611340646,-0.0,4.232891347844902,4.232876156716661,27.708744171161317,19.88105401015882,0,2
2023-06-05 09:48:00,2023-06-05 09:50:59,4.223,4.225,4.222,4.226,4.217817328992152,4.224,4.222,4.226,True,0.007098398041614974,0.0011538835299344727,0,4.229627140404858,4.228824316459688,4.94600472551199,4.94600472551199,4.232802876722067,4.232797786998088,57.17894144601962,31.765329088958563,0,2
2023-06-05 09:51:00,2023-06-05 09:53:59,4.227,4.224,4.223,4.227,4.220908664496076,4.22525,4.223,4.227,True,0.006877083895785364,0.001360899509571184,0,4.229225728432273,4.228509317865709,7.96660124813436,7.96660124813436,4.232727723719857,4.232710246828953,83.96710918813308,56.28493160177132,0,2
2023-06-05 09:54:00,2023-06-05 09:56:59,4.223,4.219,4.217,4.223,4.223079332248037,4.2204999999999995,4.217,4.223079332248037,True,0.006885863617515022,0.0011159311170014295,0,4.228867523148991,4.2282063648192265,4.030673143023051,4.030673143023051,4.232606054827122,4.232573826462495,83.73640475284412,74.96081846233226,0,1
2023-06-05 09:57:00,2023-06-05 09:59:59,4.219,4.22,4.218,4.22,4.221789666124018,4.21925,4.218,4.221789666124018,True,0.006536873359121076,0.0009993462155092167,0,4.228536943984109,4.2279063975677476,2.532494406459257,0.0,4.23247315875919,4.232448713761376,63.56011145207243,77.08787513101652,0,1
2023-06-05 10:00:00,2023-06-05 10:02:59,4.22,4.222,4.216,4.222,4.220519833062009,4.220000000000001,4.216,4.222,True,0.006498525262041016,0.0010379394381682203,0,4.228221670775928,4.227615984945621,3.7347294407995193,3.7347294407995193,4.2323490477267605,4.232344746460268,46.05220698780329,64.44957439757326,0,2
2023-06-05 10:03:00,2023-06-05 10:05:59,4.224,4.227,4.22,4.227,4.220259916531004,4.2245,4.22,4.227,True,0.006534344886180985,0.001379147002219046,0,4.227918827860774,4.2273659620754005,8.657509303850752,8.657509303850752,4.23227094774938,4.232291564903449,59.66055572228265,56.4242913873861,1,2
2023-06-05 10:06:00,2023-06-05 10:08:59,4.227,4.231,4.227,4.233,4.222379958265503,4.2295,4.227,4.233,True,0.0064961773943108675,0.0018298613812530876,0,4.227642394968087,4.227183759081004,14.17541861403032,14.17541861403032,4.232243376129984,4.232278713511375,79.83684902305434,61.84987057771341,0,2
2023-06-05 10:09:00,2023-06-05 10:11:59,4.232,4.231,4.229,4.234,4.225939979132751,4.2315000000000005,4.229,4.234,True,0.006389307580431512,0.0020538658695583695,0,4.227413077024545,4.227069923385032,17.854024820816704,17.854024820816704,4.232235979352571,4.2322659899938495,97.34475348732349,78.94738607755347,0,2
2023-06-05 10:12:00,2023-06-05 10:14:59,4.232,4.233,4.232,4.233,4.228719989566375,4.2325,4.232,4.233,True,0.006075785610400675,0.0022550277357801557,0,4.227241500204788,4.227017555841307,21.405036939080674,21.405036939080674,4.23223860642369,4.232273293576,99.99999999999989,92.39386750345922,0,2
2023-06-05 10:15:00,2023-06-05 10:17:59,4.234,4.229,4.229,4.236,4.230609994783188,4.232,4.229,4.236,True,0.00614180092394346,0.002017279140936815,0,4.227129528023047,4.227010511371437,17.44197051289794,17.44197051289794,4.232236232230419,4.2322407234906665,98.60182854181056,98.64886067637796,0,1
2023-06-05 10:18:00,2023-06-05 10:20:59,4.228,4.232,4.227,4.232,4.231304997391594,4.22975,4.227,4.232,True,0.006060243715090348,0.0019831424067236927,0,4.2270700196972415,4.227023761016108,17.212637042334592,17.212637042334592,4.232211493601261,4.232238328232053,90.53209746969203,96.37797533716747,0,2
2023-06-05 10:21:00,2023-06-05 10:23:59,4.232,4.233,4.231,4.233,4.230527498695797,4.23225,4.231,4.233,True,0.005770226306869593,0.0019417990024591793,0,4.227046890356674,4.227070050111888,17.79938971236696,17.79938971236696,4.232211876749507,4.232245907055614,87.21552612708552,92.11648404619602,0,2
2023-06-05 10:24:00,2023-06-05 10:26:59,4.234,4.228,4.227,4.234,4.231388749347898,4.2307500000000005,4.227,4.234,True,0.005858067284950313,0.0014830536443567795,0,4.22705847023428,4.227131742212258,11.616371747377428,11.616371747377428,4.232197330712198,4.232203659224215,79.15117809612438,85.63293389763396,0,1
2023-06-05 10:27:00,2023-06-05 10:29:59,4.229,4.23,4.227,4.23,4.231069374673949,4.229,4.227,4.231069374673949,True,0.005653919621739585,0.001252620563778288,0,4.227095106223269,4.227193131071984,9.536005433964817,9.536005433964817,4.232165516476256,4.23218173226676,71.08978565302846,79.15216329207944,0,1
2023-06-05 10:30:00,2023-06-05 10:32:59,4.231,4.231,4.231,4.233,4.230034687336975,4.2315,4.231,4.233,True,0.005464353934472416,0.0011095278114482666,0,4.227144118647626,4.227271012654019,9.15350620226885,9.15350620226885,4.232158894421765,4.232169973736743,65.2035636438704,71.81484246434106,0,1
2023-06-05 10:33:00,2023-06-05 10:35:59,4.231,4.219,4.217,4.231,4.230767343668488,4.224499999999999,4.217,4.231,True,0.006074042939152974,0.00013608778216102997,0,4.227207565650822,4.227313317277583,-0.6964580185310183,-0.0,4.232082686517071,4.232038929221949,42.887886102298275,59.727078466399014,0,1
2023-06-05 10:36:00,2023-06-05 10:38:59,4.219,4.212,4.212,4.224,4.227633671834243,4.21675,4.212,4.227633671834243,True,0.006497325586356365,-0.0009878567510472728,0,4.227260441464202,4.2272741484149865,-9.794768399994815,-9.794768399994815,4.231930122472125,4.231839536891383,25.685676284179383,44.592375343449326,0,1
2023-06-05 10:39:00,2023-06-05 10:41:59,4.212,4.216,4.212,4.216,4.222191835917122,4.214,4.212,4.222191835917122,True,0.006318945187330943,-0.0014027456959112652,0,4.227267294939594,4.227152235719289,-11.971000495544125,-11.971000495544125,4.231751713293298,4.23168192955913,1.5551363026106202,23.376232896362733,-1,1
2023-06-05 10:42:00,2023-06-05 10:44:59,4.217,4.217,4.215,4.217,4.218095917958561,4.2165,4.215,4.218095917958561,True,0.006010449102521574,-0.0015440049188735721,0,4.227209765329441,4.226983167331291,-12.472207949782764,-12.472207949782764,4.231599954952071,4.231535840707796,4.718422746955178,10.6530784445817,0,-2
2023-06-05 10:45:00,2023-06-05 10:47:59,4.217,4.207,4.205,4.217,4.21729795897928,4.2115,4.205,4.21729795897928,True,0.006438274166627144,-0.0022537767893079123,0,4.227096466330366,4.226743827606735,-16.947445480895624,-16.947445480895624,4.23139995540031,4.23129170298931,4.718422746955178,3.663993932173631,0,-2
2023-06-05 10:48:00,2023-06-05 10:50:59,4.206,4.205,4.203,4.208,4.214398979489641,4.205500000000001,4.203,4.214398979489641,True,0.0063355402975823405,-0.0027469911171677424,0,4.22692014696855,4.226409638508968,-20.53726525397212,-20.53726525397212,4.231142244401302,4.231030094004342,4.718422746955178,4.71842274695515,0,-2
2023-06-05 10:51:00,2023-06-05 10:53:59,4.205,4.202,4.201,4.209,4.209949489744821,4.20425,4.201,4.209949489744821,True,0.00645443027632646,-0.0031421365927945125,0,4.226664892738759,4.225994490395913,-23.818823575516173,-23.818823575516173,4.230874659879896,4.230741237347582,-1.2552921665095104e-13,3.1456151646367156,0,-2
2023-06-05 10:54:00,2023-06-05 10:56:59,4.201,4.196,4.182,4.202,4.20709974487241,4.19525,4.182,4.20709974487241,True,0.00742197097087454,-0.003656720594694563,0,4.226329691567336,4.225456701467138,-27.464948053933508,-27.464948053933508,4.230520185652235,4.230395553393874,-1.2552921665095104e-13,1.572807582318281,0,-2
2023-06-05 10:57:00,2023-06-05 10:59:59,4.196,4.19,4.188,4.196,4.201174872436205,4.192499999999999,4.188,4.201174872436205,True,0.007463258758669216,-0.004219451332526427,0,4.225893196517237,4.2248071784411065,-30.968404648502844,-30.968404648502844,4.230141875347238,4.22999360758896,-1.2552921665095104e-13,-1.534574936259661e-13,0,-2
2023-06-05 11:00:00,2023-06-05 11:02:59,4.19,4.19,4.175,4.192,4.196837436218102,4.18675,4.175,4.196837436218102,True,0.008144454561621441,-0.004369727475755163,0,4.225350187479172,4.224034691678306,-33.30404237821574,-33.30404237821574,4.229710115393534,4.229595661244791,-1.2552921665095104e-13,-1.534574936259661e-13,0,-2
2023-06-05 11:03:00,2023-06-05 11:05:59,4.189,4.196,4.185,4.198,4.191793718109051,4.192,4.185,4.198,True,0.008491279235791394,-0.0038280291848987198,0,4.22469243957874,4.2232067153646895,-28.02428751226674,-28.02428751226674,4.2293348903647425,4.229261376058276,6.8254552268125295,2.2751517422707317,0,-1
2023-06-05 11:06:00,2023-06-05 11:08:59,4.195,4.204,4.193,4.204,4.191896859054525,4.199,4.193,4.204,True,0.008670473576092018,-0.002719876686557622,0,4.223949577471715,4.2223887599797685,-18.39483244799378,-18.39483244799378,4.229033050659621,4.229010019082572,21.397972196867403,9.407809141226574,0,-1
2023-06-05 11:09:00,2023-06-05 11:11:59,4.204,4.204,4.199,4.207,4.1954484295272625,4.2035,4.199,4.207,True,0.00862258260637116,-0.0018393788018554258,0,4.223169168725742,4.221615180971882,-11.975195738478476,-11.975195738478476,4.228778990454052,4.228761163171303,40.3010669153909,22.84149811302358,0,-1
2023-06-05 11:12:00,2023-06-05 11:14:59,4.204,4.203,4.199,4.205,4.199474214763631,4.20275,4.199,4.205,True,0.008435255277344665,-0.0012111675131182562,0,4.222392174848812,4.220876701574785,-8.485908255997494,-8.485908255997494,4.228519995524161,4.228504833189499,59.27370834852002,40.324249153592746,0,-1
2023-06-05 11:15:00,2023-06-05 11:17:59,4.203,4.197,4.193,4.203,4.201112107381816,4.199,4.193,4.203,True,0.00854702275753438,-0.0011151523630414722,0,4.221634438211798,4.220145194114122,-10.222090221580238,-10.222090221580238,4.228226264225413,4.22819135226224,72.56463006303541,57.37980177564875,0,-1
2023-06-05 11:18:00,2023-06-05 11:20:59,4.198,4.198,4.198,4.202,4.200056053690908,4.199,4.198,4.202,True,0.00829366398913906,-0.00088570853569701,0,4.22088981616296,4.219424194627156,-10.36344351598455,-10.36344351598455,4.227935455626156,4.227890940796944,81.52497402908223,71.12110414687919,0,-1
2023-06-05 11:21:00,2023-06-05 11:23:59,4.197,4.202,4.197,4.203,4.199528026845454,4.19975,4.197,4.203,True,0.008129830847057715,-0.00037314020307589214,0,4.220157005395058,4.218721560762618,-6.6813153404546455,-0.0,4.2276550033313685,4.227633319495482,85.10091662825639,79.73017357345798,0,-1
2023-06-05 11:24:00,2023-06-05 11:26:59,4.204,4.194,4.194,4.205,4.199639013422727,4.199249999999999,4.194,4.205,True,0.008334842929410743,-0.0005227844171567034,0,4.219439283078838,4.218034776565579,-9.456235437853145,-9.456235437853145,4.2273723664823,4.227298659600004,85.90887979134534,84.17825681622794,0,-2
2023-06-05 11:27:00,2023-06-05 11:29:59,4.195,4.197,4.189,4.2,4.199444506711363,4.19525,4.189,4.2,True,0.008525211291595699,-0.00033871135481114423,0,4.218737029822209,4.217337738739331,-8.656818361702818,-8.656818361702818,4.2270527409451635,4.226997180400004,81.26340891979737,84.09106844646634,0,-1
2023-06-05 11:30:00,2023-06-05 11:32:59,4.2,4.206,4.199,4.207,4.197347253355682,4.203,4.199,4.207,True,0.008630553342195991,0.00046483720729681953,0,4.21803738428077,4.216690583821311,-2.310937171208586,-0.0,4.22681341018949,4.226788253231845,85.22270299401477,84.13166390171914,0,-1
2023-06-05 11:33:00,2023-06-05 11:35:59,4.205,4.211,4.205,4.211,4.2001736266778416,4.208,4.205,4.211,True,0.008442656674896293,0.001357773320818349,0,4.21736398405104,4.216121447556034,4.1550493645216875,4.1550493645216875,4.226626212078152,4.226631156184762,89.88463447968884,85.4569154645003,0,-1
2023-06-05 11:36:00,2023-06-05 11:38:59,4.211,4.206,4.205,4.212,4.204086813338921,4.208500000000001,4.205,4.212,True,0.008339609769546534,0.001580479155021507,0,4.216742715803537,4.215621071336504,4.6903281054375014,4.6903281054375014,4.2264458517589665,4.226425871048596,99.99999999999987,91.7024458245678,0,-1
2023-06-05 11:39:00,2023-06-05 11:41:59,4.206,4.205,4.203,4.207,4.206293406669461,4.20525,4.203,4.207,True,0.00802963764315032,0.0016315668990923085,0,4.21618189357002,4.215155965041289,4.32338975407459,4.32338975407459,4.226234947761365,4.226212678301843,96.17389846113811,95.35284431360891,0,2
2023-06-05 11:42:00,2023-06-05 11:44:59,4.205,4.208,4.205,4.208,4.205771703334731,4.2065,4.205,4.208,True,0.007670377811496734,0.0018410264904229756,0,4.215668929305655,4.214730394458667,5.980832161012472,5.980832161012472,4.226038580121949,4.2260314576222235,93.1156975692902,96.42986534347604,0,2
2023-06-05 11:45:00,2023-06-05 11:47:59,4.207,4.199,4.194,4.207,4.206135851667366,4.20175,4.194,4.207,True,0.008122493682104128,0.0013176111205503325,0,4.215199661882161,4.214306280435926,1.0214616447200555,0.0,4.2257969027078,4.225762487894639,78.08078135096561,89.12345912713128,0,1
2023-06-05 11:48:00,2023-06-05 11:50:59,4.199,4.201,4.199,4.204,4.203942925833683,4.200749999999999,4.199,4.204,True,0.007899458419096683,0.0010960044476806454,0,4.214752971159043,4.213879361982783,-0.7999805850083348,-0.0,4.225547679795285,4.225516094980264,64.76290036300577,78.65312642775383,0,1
2023-06-05 11:51:00,2023-06-05 11:53:59,4.201,4.196,4.196,4.201,4.202346462916841,4.198499999999999,4.196,4.202346462916841,True,0.007692354246304055,0.000597686628801412,0,4.214316166570913,4.213437727303669,-4.8225910466114215,-0.0,4.225278548653043,4.225222402492898,45.93798896664922,62.92722356020684,0,-2
2023-06-05 11:54:00,2023-06-05 11:56:59,4.198,4.209,4.196,4.209,4.20042323145842,4.202999999999999,4.196,4.209,True,0.008071471800139472,0.0011761499357523008,0,4.21387694693729,4.213018411305507,0.1630062183064851,0.0,4.225056871552018,4.225060985552671,51.408578527695234,54.03648928578338,0,2
2023-06-05 11:57:00,2023-06-05 11:59:59,4.209,4.203,4.203,4.209,4.201711615729209,4.2059999999999995,4.203,4.209,True,0.007923509528700893,0.0011200359936449,0,4.213447679121399,4.212640127105888,0.10927134156925433,0.0,4.2248672509395595,4.224841473258614,66.41849763235594,54.588355042233445,0,2
2023-06-05 12:00:00,2023-06-05 12:02:59,4.204,4.19,4.188,4.204,4.203855807864604,4.1965,4.188,4.204,True,0.008500401705222259,0.00017433920547573097,0,4.213043903113643,4.212231562858806,-5.003961470249017,-0.0,4.224584989736181,4.224494791932658,66.2823861573007,61.3698207724506,0,-2
2023-06-05 12:03:00,2023-06-05 12:05:59,4.19,4.201,4.19,4.201,4.200177903932302,4.1955,4.19,4.201,True,0.00867894444056347,0.00034138938127209646,0,4.212637732986225,4.211795101039173,-3.275997569361209,-0.0,4.224295586853234,4.224261012908452,52.02943677251465,61.57677352072375,0,2
2023-06-05 12:06:00,2023-06-05 12:08:59,4.201,4.201,4.2,4.201,4.197838951966151,4.20075,4.2,4.201,True,0.008130448409094613,0.000465521236275147,0,4.212216417012699,4.2113756904399136,-2.1240216354360015,-0.0,4.224061302406933,4.224029560043691,43.43586840701738,53.91589711227757,0,2
2023-06-05 12:09:00,2023-06-05 12:11:59,4.201,4.208,4.2,4.208,4.199294475983075,4.20425,4.2,4.208,True,0.008121130665587855,0.001035571781429533,0,4.211796053726307,4.210996595711235,1.5992938231138396,0.0,4.223864175019799,4.223870061933804,61.4006358849612,52.28864702149773,0,2
2023-06-05 12:12:00,2023-06-05 12:14:59,4.208,4.209,4.207,4.209,4.201772237991538,4.20825,4.207,4.209,True,0.007683907046617278,0.0014552090033613475,0,4.211396324718771,4.210679287197841,4.4856433995973575,4.4856433995973575,4.223708810094229,4.2237221011185415,85.21791192702582,63.35147207300145,0,2
2023-06-05 12:15:00,2023-06-05 12:17:59,4.21,4.209,4.207,4.21,4.205011118995769,4.2090000000000005,4.207,4.21,True,0.007349342257573195,0.001687811272473346,0,4.2110378059583065,4.210417946277706,6.409876450586374,6.409876450586374,4.223562453774884,4.2235756125501975,95.94554371468398,80.85469717555698,0,2
2023-06-05 12:18:00,2023-06-05 12:20:59,4.209,4.212,4.209,4.212,4.207005559497885,4.2105,4.209,4.212,True,0.007038674953460832,0.00199200502731619,0,4.210727876118006,4.210212753709175,9.19479085428113,9.19479085428113,4.223432479110457,4.223460432325817,99.99999999999984,93.72115188056988,1,2
2023-06-05 12:21:00,2023-06-05 12:23:59,4.211,4.211,4.211,4.211,4.208752779748942,4.211,4.211,4.211,True,0.0066073410282135895,0.0020512892230793063,0,4.210470314913591,4.2100566055037,10.114735263797932,10.114735263797932,4.223308772850651,4.223336447924566,99.99999999999984,98.64851457156122,0,2
2023-06-05 12:24:00,2023-06-05 12:26:59,4.21,4.214,4.208,4.215,4.209876389874472,4.21175,4.208,4.215,True,0.00663538809762688,0.0022205068229214004,0,4.210263460208646,4.209945287410513,12.441276346948747,12.441276346948747,4.22319376018547,4.223243547945216,99.99999999999984,99.99999999999983,0,2
2023-06-05 12:27:00,2023-06-05 12:29:59,4.214,4.215,4.214,4.215,4.2145,4.2145,4.214,4.215,True,0.006232860376367778,0.0023124340345124605,0,4.21010437380958,4.209888896065034,14.554634254806217,14.554634254806217,4.223107255108998,4.223161522592528,99.99999999999984,99.99999999999983,0,2
2023-06-05 12:30:00,2023-06-05 12:32:59,4.216,4.217,4.215,4.218,4.2145,4.2165,4.215,4.218,True,0.006001941778055802,0.002415059325940158,0,4.2099966349373075,4.209889857965831,17.103659644754458,17.103659644754458,4.223041511277067,4.223100213910015,99.99999999999984,99.99999999999983,0,2
2023-06-05 12:33:00,2023-06-05 12:35:59,4.218,4.222,4.217,4.222,4.2155000000000005,4.21975,4.217,4.222,True,0.00593037450819473,0.002721764919040079,1,4.209943246451569,4.209958266337362,21.095217816936213,21.095217816936213,4.223008759921076,4.223089266507925,99.99999999999984,99.99999999999983,0,2
2023-06-05 12:36:00,2023-06-05 12:38:59,4.222,4.221,4.22,4.223,4.217625,4.2215,4.22,4.223,True,0.005721062043323686,0.002730771950072428,0,4.209950756394465,4.21009131329651,22.278996597090227,22.278996597090227,4.222993747384549,4.223068477786453,99.99999999999984,99.99999999999983,0,2
2023-06-05 12:39:00,2023-06-05 12:41:59,4.223,4.222,4.218,4.223,4.2195625,4.2215,4.218,4.223,True,0.005669557611657701,0.0026795878041539806,0,4.210021034845488,4.210274337826634,23.600720809508616,23.600720809508616,4.222978884226493,4.223057846166687,99.99999999999984,99.99999999999983,0,2
2023-06-05 12:42:00,2023-06-05 12:44:59,4.223,4.222,4.222,4.224,4.2205312500000005,4.2227500000000004,4.222,4.224,True,0.005407446353682135,0.002518840017640825,0,4.210147686336061,4.210504030636275,24.481870284454203,24.481870284454203,4.222976606771503,4.2230473203341825,99.99999999999984,99.99999999999983,0,2
2023-06-05 12:45:00,2023-06-05 12:47:59,4.223,4.223,4.222,4.225,4.221640625000001,4.22325,4.222,4.225,True,0.005235485899847641,0.0023589322677582047,0,4.2103258584861685,4.210772320305367,25.728060612781604,25.728060612781604,4.222979327102135,4.223046849485086,99.99999999999984,99.99999999999983,0,2
2023-06-05 12:48:00,2023-06-05 12:50:59,4.224,4.219,4.218,4.225,4.2224453125000005,4.221500000000001,4.218,4.225,True,0.005361522621287072,0.0018600386980544828,0,4.2105490893957676,4.211057149939829,19.118379306032224,19.118379306032224,4.2229646074294775,4.223006582326031,93.2536962433503,97.75123208111665,0,1
2023-06-05 12:51:00,2023-06-05 12:53:59,4.219,4.221,4.215,4.221,4.221972656250001,4.219,4.215,4.221972656250001,True,0.005407128148338012,0.001572771495403357,0,4.210803119667799,4.2113358947124855,16.860951095526957,16.860951095526957,4.222925158599334,4.2229866163327365,73.18971322394127,88.81446982243047,0,1
2023-06-05 12:54:00,2023-06-05 12:56:59,4.221,4.221,4.22,4.222,4.220486328125,4.221,4.22,4.222,True,0.005163761852028202,0.0012955142812105963,0,4.2110695071901425,4.211621658472004,15.355998955190117,15.355998955190117,4.222906002792375,4.222966849006043,58.06448753849389,74.83596566859516,0,1
2023-06-05 12:57:00,2023-06-05 12:59:59,4.223,4.222,4.222,4.223,4.2207431640625,4.2225,4.222,4.223,True,0.0049377788625976,0.0011036334172838018,0,4.211345582831074,4.211921279281149,15.54798676854,15.54798676854,4.222901962963595,4.222957228617923,52.71128448250979,61.32182841498166,0,1
2023-06-05 13:00:00,2023-06-05 13:02:59,4.223,4.222,4.22,4.225,4.221621582031251,4.2225,4.22,4.225,True,0.004942223229554907,0.0009051927575144982,0,4.211633431056112,4.212229754125527,15.675978644106593,15.675978644106593,4.222897963332117,4.222947703955058,60.16060504081134,56.97879235393835,0,1
2023-06-05 13:03:00,2023-06-05 13:05:59,4.223,4.208,4.207,4.223,4.222060791015625,4.21525,4.207,4.223,True,0.005732064427443844,-0.0002500572961614076,0,4.21193159259082,4.212493340638507,1.3107670386035508,0.0,4.222821864194484,4.222798970582371,41.95249739292538,51.60812897208218,0,1
2023-06-05 13:06:00,2023-06-05 13:08:59,4.208,4.208,4.208,4.213,4.218655395507813,4.20925,4.208,4.218655395507813,True,0.005679774111197847,-0.001011637286514462,0,4.212212466614664,4.212678611387913,-8.266040698398477,-8.266040698398477,4.222686820769663,4.222651717143741,20.718670872225683,40.94392443532081,0,1
2023-06-05 13:09:00,2023-06-05 13:11:59,4.208,4.209,4.208,4.209,4.213952697753907,4.2085,4.208,4.213952697753907,True,0.005345504531826533,-0.0014142810611980092,0,4.21244553900129,4.212795806633927,-13.015824062860169,-13.015824062860169,4.222545658373945,4.222515879162211,-1.6816178079655705e-13,20.89038942171697,0,1
2023-06-05 13:12:00,2023-06-05 13:14:59,4.209,4.197,4.194,4.211,4.211226348876954,4.20275,4.194,4.211226348876954,True,0.006177968493838949,-0.0024559032419717583,-1,4.212620672817609,4.2128191503584285,-20.55275980164744,-20.55275980164744,4.222348686648831,4.222261989817313,-1.6816178079655705e-13,6.906223624075124,-1,-2
2023-06-05 13:15:00,2023-06-05 13:17:59,4.196,4.207,4.196,4.207,4.206988174438477,4.201499999999999,4.196,4.207,True,0.006522399315707604,-0.002351296746171628,0,4.212719911588019,4.212759867627918,-16.359106691581367,-16.359106691581367,4.222141237030435,4.2221101292221155,-1.6816178079655705e-13,-1.6026686151033372e-13,0,-2
2023-06-05 13:18:00,2023-06-05 13:20:59,4.206,4.205,4.202,4.206,4.204244087219238,4.204750000000001,4.202,4.206,True,0.006413656507442768,-0.002329333231539011,0,4.2127398896079695,4.212658237707136,-14.571128972164715,-14.571128972164715,4.2219681898958035,4.221939879180105,5.414898814417327,1.8049662714723382,0,-2
2023-06-05 13:21:00,2023-06-05 13:23:59,4.206,4.209,4.206,4.209,4.204497043609619,4.2075,4.206,4.209,True,0.006241252471196825,-0.0019465554866422968,0,4.212699063657554,4.212542832759508,-10.385716974181129,-10.385716974181129,4.221824227807288,4.221811124163387,15.01770579859602,6.810868204337734,0,-1
2023-06-05 13:24:00,2023-06-05 13:26:59,4.211,4.214,4.21,4.214,4.205998521804809,4.212250000000001,4.21,4.214,True,0.006152591580397107,-0.0012759367577676248,0,4.2126209482085315,4.2124499644884965,-4.459038604800611,-0.0,4.2217289618589575,4.2217334015348955,30.993798208020376,17.142134273677915,0,-1
2023-06-05 13:27:00,2023-06-05 13:29:59,4.214,4.215,4.214,4.215,4.209124260902405,4.2145,4.214,4.215,True,0.005784549324654416,-0.0007215319858407898,0,4.2125354563485145,4.212390914069375,0.08299673387142548,0.0,4.221657031890212,4.221666402514648,46.53374397913381,30.848415995250075,0,2
2023-06-05 13:30:00,2023-06-05 13:32:59,4.215,4.219,4.215,4.219,4.211812130451202,4.2170000000000005,4.215,4.219,True,0.005657081515750562,-6.026244035277188e-05,0,4.212463185208945,4.212376046490208,5.376867075928402,0.0,4.221610693264439,4.221639871146343,61.69473538982394,46.40742585899272,1,2
2023-06-05 13:33:00,2023-06-05 13:35:59,4.219,4.219,4.218,4.22,4.214406065225601,4.219,4.218,4.22,True,0.005395861407482648,0.00036622147292228035,0,4.212419615849576,4.212409788505991,8.90611397063305,8.90611397063305,4.2215847162170315,4.221613603771753,72.99379693830706,60.40742543575494,0,2
2023-06-05 13:36:00,2023-06-05 13:38:59,4.218,4.217,4.217,4.22,4.2167030326128,4.217999999999999,4.217,4.22,True,0.005224728449805325,0.0004840202605741439,0,4.212414702177783,4.212474708628153,8.90552341568646,8.90552341568646,4.221549047398952,4.221567697266561,77.52185899874843,70.7367971089598,0,2
2023-06-05 13:39:00,2023-06-05 13:41:59,4.216,4.219,4.216,4.219,4.217351516306399,4.2175,4.216,4.219,True,0.005065819274819238,0.0006704512169323858,0,4.212444705402968,4.212560299539919,10.46428195974859,10.46428195974859,4.221508758370106,4.221542148040029,77.3158133016927,75.94382307958273,0,2
2023-06-05 13:42:00,2023-06-05 13:44:59,4.218,4.217,4.216,4.218,4.217425758153199,4.21725,4.216,4.218,True,0.004918260755189301,0.0006175042733564573,0,4.212502502471443,4.212659862199166,8.956590765870494,8.956590765870494,4.221466382664931,4.221496952537143,79.45766172872496,78.0984446763887,0,2
2023-06-05 13:45:00,2023-06-05 13:47:59,4.218,4.218,4.217,4.219,4.2173378790766,4.218,4.217,4.219,True,0.004709813558390113,0.0006168755147619419,0,4.212581182335304,4.212774887605337,8.93915345492401,8.93915345492401,4.221431891295131,4.221462156989509,84.84909897277801,80.54085800106522,0,2
2023-06-05 13:48:00,2023-06-05 13:50:59,4.219,4.223,4.219,4.224,4.217668939538299,4.22125,4.219,4.224,True,0.0048019697327908355,0.0009233788649012568,0,4.21267803497032,4.212923596200554,12.865918060193458,12.865918060193458,4.221430081431498,4.2214774589100115,93.62467960829825,85.97714676993375,0,2
2023-06-05 13:51:00,2023-06-05 13:53:59,4.224,4.221,4.22,4.225,4.21945946976915,4.2225,4.22,4.225,True,0.004816114751877197,0.0009331835931048523,0,4.212800815585436,4.213106379837607,12.625122704861454,12.625122704861454,4.221440727387403,4.221472708075086,97.54101055669184,92.00492971258939,0,2
2023-06-05 13:54:00,2023-06-05 13:56:59,4.221,4.222,4.214,4.222,4.220979734884575,4.21975,4.214,4.222,True,0.005043535126743112,0.0009549140879946223,0,4.212953597711521,4.213295868980072,13.32046507730741,13.32046507730741,4.22142390422932,4.221477954760906,93.5498562603871,94.90518214179242,0,2
2023-06-05 13:57:00,2023-06-05 13:59:59,4.221,4.219,4.217,4.221,4.220364867442288,4.2195,4.217,4.221,True,0.005040425474832945,0.0007075345435544412,0,4.213124733345796,4.213487622051207,9.55080672809892,0.0,4.2214047609036545,4.2214532984946285,84.82415571691028,91.97167417799643,0,1
2023-06-05 14:00:00,2023-06-05 14:02:59,4.22,4.224,4.218,4.225,4.219932433721144,4.22175,4.218,4.225,True,0.005180395083773425,0.0008446902274463382,0,4.213306177698501,4.213695279292108,11.546520574264655,11.546520574264655,4.221408196118544,4.221478638808115,79.91586844414884,86.09662680714877,0,2
2023-06-05 14:03:00,2023-06-05 14:05:59,4.223,4.225,4.22,4.225,4.220841216860572,4.22325,4.22,4.225,True,0.005167509720646744,0.0009486368972728395,0,4.213500728495304,4.213924324843404,13.604859499358987,13.604859499358987,4.2214265225253245,4.221513677227935,84.45360381401258,83.06454265835725,0,2
2023-06-05 14:06:00,2023-06-05 14:08:59,4.226,4.229,4.226,4.229,4.222045608430286,4.2275,4.226,4.229,True,0.005084116169172009,0.0012306114203447052,1,4.213712526669354,4.21419779758555,17.486306839807085,17.486306839807085,4.221486955137013,4.221588168001786,93.1793043574894,85.84959220521695,0,2
2023-06-05 14:09:00,2023-06-05 14:11:59,4.228,4.234,4.228,4.236,4.224772804215143,4.2315,4.228,4.236,True,0.005292393585659723,0.0016815885868137832,0,4.213955162127451,4.2145318161075105,22.212059522930062,22.212059522930062,4.2215865874242064,4.221711668817689,98.08759163025083,91.90683326725095,0,2
2023-06-05 14:12:00,2023-06-05 14:14:59,4.235,4.236,4.235,4.237,4.228136402107571,4.2357499999999995,4.235,4.237,True,0.005128651186684037,0.002013123444907633,0,4.2142434891174805,4.21494037054516,26.03876888966144,26.03876888966144,4.221727516902573,4.221853841267264,99.99999999999984,97.0889653292467,0,2
2023-06-05 14:15:00,2023-06-05 14:17:59,4.236,4.223,4.222,4.236,4.231943201053785,4.22925,4.222,4.236,True,0.0057623189590637015,0.0012206917949869524,0,4.21459192983132,4.2153602076029655,15.667436333287796,15.667436333287796,4.221802367480657,4.221865245831769,77.81947314870239,91.96902159298436,0,1
2023-06-05 14:18:00,2023-06-05 14:20:59,4.223,4.226,4.221,4.226,4.2305966005268925,4.224,4.221,4.2305966005268925,True,0.005707867604844858,0.0008323098453177843,0,4.214976068717142,4.215750026435076,10.840401257424979,0.0,4.221824234470899,4.221906387664289,44.48613981536906,74.10187098802378,0,1
2023-06-05 14:21:00,2023-06-05 14:23:59,4.226,4.227,4.226,4.228,4.227298300263446,4.226749999999999,4.226,4.228,True,0.005443019918784495,0.0005840942222935241,0,4.215363047576109,4.216132405059773,8.330147915723373,0.0,4.221873247063229,4.2219570703740965,16.108370196655777,46.13799438690909,0,1
2023-06-05 14:24:00,2023-06-05 14:26:59,4.227,4.227,4.226,4.229,4.227024150131722,4.22725,4.226,4.229,True,0.005268518496014182,0.00036811974337111995,0,4.215747726317941,4.216509732964571,6.656645687922307,0.0,4.221926747092451,4.222007248778334,10.804761727704525,23.799757246576473,0,1
2023-06-05 14:27:00,2023-06-05 14:29:59,4.226,4.227,4.225,4.227,4.227137075065861,4.22625,4.225,4.227137075065861,True,0.005035052889156073,0.00018208595259741438,0,4.216128729641256,4.216873634467905,5.540977536054932,0.0,4.221969764534317,4.222056927894968,14.09395262328829,13.669028182549548,0,1
2023-06-05 14:30:00,2023-06-05 14:32:59,4.229,4.227,4.227,4.229,4.226693537532931,4.228,4.227,4.229,True,0.004818263397073481,2.3464987620356974e-05,0,4.21650118205458,4.217236475380699,4.797198768143346,0.0,4.2220297668772595,4.222106112692034,15.866067758883853,13.58826070329224,0,1
2023-06-05 14:33:00,2023-06-05 14:35:59,4.227,4.218,4.212,4.227,4.227346768766465,4.221,4.212,4.227346768766465,True,0.005545530297282559,-0.0007274921560254033,0,4.216868828717639,4.217547964364318,-3.660577470449951,-3.660577470449951,4.22201952044067,4.222065255849327,10.016869745799232,13.325630042657144,0,1
2023-06-05 14:36:00,2023-06-05 14:38:59,4.219,4.219,4.218,4.219,4.224173384383233,4.21875,4.218,4.224173384383233,True,0.0052208495617624,-0.0011407943007275927,0,4.217208396540978,4.217801449074479,-7.972894709582896,-7.972894709582896,4.221986987898972,4.222034755791125,6.727678850215468,10.87020545163287,0,1
2023-06-05 14:39:00,2023-06-05 14:41:59,4.22,4.21,4.21,4.22,4.221461692191617,4.215,4.21,4.221461692191617,True,0.005562217450207928,-0.0020010874938185402,-1,4.217504922807728,4.217981798449548,-15.061276486231314,-15.061276486231314,4.2219174656313205,4.221915006977283,-1.4684549872375405e-13,5.581516198671538,0,-2
2023-06-05 14:42:00,2023-06-05 14:44:59,4.211,4.212,4.21,4.213,4.218230846095809,4.2115,4.21,4.218230846095809,True,0.005379201918050227,-0.0023541958785146975,0,4.217743360628638,4.218079316750336,-17.365759843537127,-17.365759843537127,4.221813809256879,4.221816350191439,-1.4684549872375405e-13,2.242559616738412,-1,-2
2023-06-05 14:45:00,2023-06-05 14:47:59,4.213,4.207,4.207,4.213,4.214865423047904,4.21,4.207,4.214865423047904,True,0.005423544638189512,-0.0028396963275667897,0,4.217911338689486,4.218100660889375,-20.916933268858084,-20.916933268858084,4.2216962589160145,4.221668923821375,-1.4684549872375405e-13,-1.2651608156172896e-13,0,-2
2023-06-05 14:48:00,2023-06-05 14:50:59,4.207,4.205,4.199,4.207,4.212432711523952,4.2044999999999995,4.199,4.212432711523952,True,0.0056075771640331186,-0.003178643795081932,0,4.218005999789431,4.218024150282619,-23.971756244101954,-23.971756244101954,4.2215251518621235,4.221503063882854,-1.4684549872375405e-13,-1.2651608156172896e-13,0,-2
2023-06-05 14:51:00,2023-06-05 14:53:59,4.204,4.201,4.2,4.204,4.208466355761976,4.20225,4.2,4.208466355761976,True,0.005564178795173603,-0.0035395754587750844,0,4.218015075036025,4.21785568549766,-27.228501423718956,-27.228501423718956,4.221333359306281,4.2212990532969545,-1.4684549872375405e-13,-1.2651608156172896e-13,0,-2
2023-06-05 14:54:00,2023-06-05 14:56:59,4.201,4.201,4.201,4.203,4.2053581778809885,4.201499999999999,4.201,4.2053581778809885,True,0.005309594595518393,-0.0036184508701853028,0,4.217935380266843,4.2176108345915075,-29.399664876796958,-29.399664876796958,4.221136012447512,4.221097072667134,-1.4684549872375405e-13,-1.2651608156172896e-13,0,-2
2023-06-05 14:57:00,2023-06-05 14:59:59,4.201,4.196,4.196,4.201,4.203429088940494,4.198499999999999,4.196,4.203429088940494,True,0.0052874806958385,-0.003848376403084504,0,4.217773107429175,4.217286941102159,-32.194202268508334,-32.194202268508334,4.220910778492811,4.220847350551043,-1.4684549872375405e-13,-1.2651608156172896e-13,0,-2
2023-06-05 15:00:00,2023-06-05 15:02:59,4.197,4.194,4.191,4.198,4.200964544470247,4.195,4.191,4.200964544470247,True,0.005409803503278647,-0.003953639927088087,0,4.217530024265667,4.2168790253628465,-34.49131214515952,-34.49131214515952,4.22065295980134,4.220580212734615,-1.4684549872375405e-13,-1.2651608156172896e-13,0,-2
2023-06-05 15:03:00,2023-06-05 15:05:59,4.194,4.197,4.194,4.198,4.197982272235123,4.19575,4.194,4.198,True,0.005309103253044491,-0.0036242674635657266,0,4.217204524814257,4.216412902848616,-31.242258382672187,-31.242258382672187,4.2204051691565505,4.220345583752181,1.4588970947475761,0.4862990315824478,0,-2
2023-06-05 15:06:00,2023-06-05 15:08:59,4.197,4.202,4.196,4.202,4.196866136117562,4.19925,4.196,4.202,True,0.005358453020684185,-0.002885617651836302,0,4.216808713831436,4.215928165549429,-23.008181011937708,-23.008181011937708,4.220194669960963,4.220163040630268,9.460096762162035,3.639664618969842,0,-1
2023-06-05 15:09:00,2023-06-05 15:11:59,4.202,4.208,4.202,4.208,4.198058068058781,4.205,4.202,4.208,True,0.0054042778049210455,-0.0018422387336257794,0,4.216368439690433,4.2154715496274315,-12.62522485226355,-12.62522485226355,4.220043479215083,4.220042015350365,26.55187649815558,12.490290118355084,0,-1
2023-06-05 15:12:00,2023-06-05 15:14:59,4.208,4.213,4.208,4.213,4.201529034029391,4.2105,4.208,4.213,True,0.005375400818855249,-0.0007142523955800603,0,4.215919994658932,4.215077942583338,-2.8271041239646024,-0.0,4.219948519222894,4.2199719455458835,58.42631273674119,31.47942866568629,0,-1
2023-06-05 15:15:00,2023-06-05 15:17:59,4.213,4.208,4.204,4.215,4.206014517014696,4.21,4.204,4.215,True,0.0057771579032227394,-0.0002667572145076567,0,4.215498968621135,4.214733212903111,-0.7085540822009335,-0.0,4.21984952898187,4.219852821709606,82.95195219174961,55.97671380888215,0,-1
2023-06-05 15:18:00,2023-06-05 15:20:59,4.209,4.21,4.209,4.212,4.208007258507347,4.21,4.209,4.212,True,0.0056502180529925125,0.00020112350382833592,0,4.215116090762122,4.214429329927405,2.05013787700625,0.0,4.219751523718369,4.219754783682644,98.38701157817893,79.9217588355566,0,-1
2023-06-05 15:21:00,2023-06-05 15:23:59,4.21,4.21,4.208,4.21,4.209003629253674,4.2095,4.208,4.21,True,0.00538948819206446,0.0005237059846103769,0,4.214772710344763,4.214156260278076,3.8892658498110464,0.0,4.21964951850724,4.2196577211584385,96.66902868805045,92.66933081932636,0,-1
2023-06-05 15:24:00,2023-06-05 15:26:59,4.209,4.212,4.209,4.212,4.209251814626837,4.2105,4.209,4.212,True,0.005218810464059864,0.0008741532388169644,0,4.21446448531142,4.213916184788961,6.688654088547061,6.688654088547061,4.219558478522093,4.219581524928007,97.4755228989609,97.51052105506345,0,-1
2023-06-05 15:27:00,2023-06-05 15:29:59,4.212,4.212,4.211,4.213,4.209875907313418,4.212,4.211,4.213,True,0.004988895430912715,0.0010883115094260619,0,4.214190335050191,4.213714024602581,8.55491291437108,8.55491291437108,4.2194832697805795,4.219506086869021,98.28201710987139,97.47552289896093,0,-1
2023-06-05 15:30:00,2023-06-05 15:32:59,4.213,4.215,4.212,4.215,4.210937953656709,4.21375,4.212,4.215,True,0.004846831471561815,0.00140867696133182,0,4.213952179826386,4.213555109295618,12.23431352466607,12.23431352466607,4.2194262223200765,4.219461250183757,99.99999999999987,98.58584666961075,0,2
2023-06-05 15:33:00,2023-06-05 15:35:59,4.215,4.215,4.215,4.217,4.212343976828354,4.2155,4.215,4.217,True,0.004643486366450241,0.0015753106857352229,0,4.213753644561002,4.2134433381754155,14.687247264862734,14.687247264862734,4.21938715543132,4.219416859634665,99.99999999999987,99.42733903662374,0,2
2023-06-05 15:36:00,2023-06-05 15:38:59,4.216,4.217,4.216,4.218,4.213921988414176,4.21675,4.216,4.218,True,0.004526094483132376,0.0017696415494075366,1,4.213598491368209,4.213378027203075,17.911897209774438,17.911897209774438,4.219360915078769,4.219392811280091,99.99999999999987,99.9999999999999,0,2
2023-06-05 15:39:00,2023-06-05 15:41:59,4.218,4.219,4.218,4.219,4.215335994207088,4.218500000000001,4.218,4.219,True,0.004345659162908682,0.0019702651916111208,0,4.213488259285643,4.213361749595671,21.41513978469432,21.41513978469432,4.219352348759577,4.21938890271014,99.99999999999987,99.9999999999999,1,2
2023-06-05 15:42:00,2023-06-05 15:44:59,4.218,4.219,4.218,4.219,4.216917997103544,4.218500000000001,4.218,4.219,True,0.004106683508415229,0.0020255900990322753,0,4.213425004440657,4.21338418798301,23.750634834640906,23.750634834640906,4.2193438676773924,4.219385033031432,99.99999999999987,99.9999999999999,0,2
2023-06-05 15:45:00,2023-06-05 15:47:59,4.219,4.221,4.219,4.222,4.217708998551773,4.220250000000001,4.219,4.222,True,0.004027634686385578,0.0021183267223284334,0,4.213404596211833,4.213448960655149,26.643355680842845,26.643355680842845,4.2193528839194085,4.219401102354502,99.99999999999987,99.9999999999999,0,2
2023-06-05 15:48:00,2023-06-05 15:50:59,4.221,4.217,4.214,4.221,4.218979499275887,4.218249999999999,4.214,4.221,True,0.0042399464945008705,0.0018162004160294204,0,4.213426778433491,4.213532896871085,20.101243665889314,20.101243665889314,4.219341909950061,4.219377210788786,92.96459877983959,97.65486625994647,0,1
2023-06-05 15:51:00,2023-06-05 15:53:59,4.216,4.217,4.216,4.217,4.218614749637943,4.2165,4.216,4.218614749637943,True,0.004008521744893626,0.0015436684817928348,0,4.213479837652288,4.213619337927055,15.739835655920288,15.739835655920288,4.219313632239115,4.219353556950092,75.16418585961607,89.3762615464852,0,1
2023-06-05 15:54:00,2023-06-05 15:56:59,4.217,4.217,4.217,4.217,4.217557374818972,4.217,4.217,4.217557374818972,True,0.00372219876311551,0.0012999860676305612,0,4.213549587789672,4.21371058851536,12.83223031594094,12.83223031594094,4.219290611022806,4.219330138472976,59.2119977276865,75.7802607890474,0,1
2023-06-05 15:57:00,2023-06-05 15:59:59,4.217,4.219,4.217,4.221,4.217278687409486,4.2185,4.217,4.221,True,0.0037420417086072915,0.00122091702534061,0,4.213630088152516,4.213815291201416,13.907441561922823,13.907441561922823,4.21928274424646,4.219326853513047,55.81988796507833,63.398690517460324,0,2
2023-06-05 16:00:00,2023-06-05 16:02:59,4.22,4.227,4.22,4.228,4.2178893437047424,4.223749999999999,4.22,4.228,True,0.004117610157992445,0.001661260843294035,0,4.213722689676966,4.213965887030051,20.30832414307261,20.30832414307261,4.2193271945524655,4.2194032032293345,73.62030088530184,62.88406219268891,0,2
2023-06-05 16:03:00,2023-06-05 16:05:59,4.228,4.232,4.226,4.232,4.220819671852371,4.2295,4.226,4.232,True,0.004252066575278715,0.0022092238887076497,0,4.213844288353508,4.214191032719971,26.11635877925724,26.11635877925724,4.219428416497217,4.219528544490734,89.57248901723142,73.00422595587055,0,2
2023-06-05 16:06:00,2023-06-05 16:08:59,4.231,4.246,4.231,4.247,4.225159835926185,4.23875,4.231,4.247,True,0.005091204677044521,0.0034156995976917714,0,4.214017660536739,4.214536792138142,31.94728254779136,31.94728254779136,4.219620671059434,4.219791942057991,99.99999999999987,87.73092996751107,0,2
2023-06-05 16:09:00,2023-06-05 16:11:59,4.246,4.236,4.235,4.248,4.231954917963092,4.24125,4.235,4.248,True,0.005656118628684191,0.0033424646669676533,0,4.21427722633744,4.2149922919741405,26.751788527003256,26.751788527003256,4.219835888262822,4.219953216266369,99.99999999999987,96.52416300574374,0,2
2023-06-05 16:12:00,2023-06-05 16:14:59,4.236,4.237,4.235,4.237,4.236602458981546,4.23625,4.235,4.237,True,0.005394967298063877,0.0031939743609020205,0,4.21463475915579,4.215496760682249,23.666582544656023,23.666582544656023,4.2199992127577195,4.220122836005012,87.06820667106497,95.68940222368826,0,2
2023-06-05 16:15:00,2023-06-05 16:17:59,4.236,4.234,4.232,4.237,4.236426229490773,4.23475,4.232,4.237,True,0.005366755348202164,0.0027239956963401217,0,4.215065759919019,4.216026030140727,19.172243067072486,19.172243067072486,4.22014598676013,4.220260917238793,70.59303369163838,85.88708012090109,0,1
2023-06-05 16:18:00,2023-06-05 16:20:59,4.235,4.232,4.229,4.235,4.235588114745386,4.23275,4.229,4.235588114745386,True,0.005411987109044883,0.0021313901380878887,0,4.215545895029873,4.21655747192611,14.575939723460479,14.575939723460479,4.220271399827194,4.220377724032437,49.466357997071725,69.0425327865917,0,1
2023-06-05 16:21:00,2023-06-05 16:23:59,4.232,4.228,4.226,4.232,4.234169057372693,4.2295,4.226,4.234169057372693,True,0.005453988029827409,0.001345486641570262,0,4.216051683477992,4.217064679287665,8.545628421058353,0.0,4.220363226694585,4.220453567574403,34.17120921325023,51.41020030065346,0,1
2023-06-05 16:24:00,2023-06-05 16:26:59,4.228,4.225,4.224,4.228,4.231834528686346,4.22625,4.224,4.231834528686346,True,0.005350131741982562,0.000536270289475704,0,4.216558181382828,4.2175270282787505,2.567887200795667,0.0,4.2204218015533455,4.22049880570799,17.313048859343485,33.650205356555155,0,1
2023-06-05 16:27:00,2023-06-05 16:29:59,4.224,4.224,4.223,4.224,4.229042264343173,4.22375,4.223,4.229042264343173,True,0.005110836617555221,-0.00011541906084732833,0,4.217042604830789,4.217933735094863,-2.068459877081281,-0.0,4.2204549179557995,4.220533643462139,5.106391220576815,18.86354976439019,0,1
2023-06-05 16:30:00,2023-06-05 16:32:59,4.224,4.219,4.218,4.229,4.226396132171587,4.2225,4.218,4.229,True,0.005531491144872713,-0.000910100135421651,0,4.2174881699628255,4.218285267664702,-8.045538171005248,-8.045538171005248,4.220475267030866,4.220518383328187,-1.4033219031261979e-13,7.473146693306731,0,1
2023-06-05 16:33:00,2023-06-05 16:35:59,4.219,4.22,4.217,4.224,4.2244480660857935,4.22,4.217,4.2244480660857935,True,0.005636384634524702,-0.0013486357293712786,0,4.217886718813763,4.218573796616498,-10.839994109857095,-10.839994109857095,4.220470538005683,4.220513225285121,-1.4033219031261979e-13,1.7021304068588556,0,1
2023-06-05 16:36:00,2023-06-05 16:38:59,4.22,4.219,4.218,4.223,4.222224033042897,4.22,4.218,4.223,True,0.005590928589201502,-0.0016721640173768693,0,4.21823025771513,4.218810742761281,-13.348456366151574,-13.348456366151574,4.220465856035477,4.22049816831711,-1.3330935308294354e-13,-1.270370440597595e-13,0,1
2023-06-05 16:39:00,2023-06-05 16:41:59,4.22,4.219,4.219,4.221,4.221112016521449,4.21975,4.219,4.221112016521449,True,0.005334433689972808,-0.0018355093093150327,0,4.218520500238205,4.219003736430938,-15.020764537014557,-15.020764537014557,4.220458733089851,4.220483261169676,-1.3330935308294354e-13,-1.2469609831653408e-13,0,-2
2023-06-05 16:42:00,2023-06-05 16:44:59,4.219,4.216,4.214,4.219,4.220431008260725,4.2170000000000005,4.214,4.220431008260725,True,0.005310545569260456,-0.002090675056306114,-1,4.218762118334571,4.2191419339414855,-18.23913936275179,-18.23913936275179,4.220424317835225,4.220438651605798,-1.3330935308294354e-13,-1.2235515257330865e-13,0,-2
2023-06-05 16:45:00,2023-06-05 16:47:59,4.216,4.215,4.215,4.217,4.218715504130363,4.21575,4.215,4.218715504130363,True,0.005074078028598979,-0.0022531929128520654,0,4.218952026138028,4.219227465539385,-21.008506802301827,-21.008506802301827,4.220377807209999,4.220384535669422,-1.4033219031261979e-13,-1.2469609831653408e-13,-1,-2
2023-06-05 16:48:00,2023-06-05 16:50:59,4.212,4.213,4.209,4.213,4.217232752065181,4.21175,4.209,4.217232752065181,True,0.005140215312270497,-0.0024134070982403,0,4.219089745838707,4.219243501802298,-24.032356477919457,-24.032356477919457,4.220291958382039,4.2203110577025615,-1.4033219031261979e-13,-1.270370440597595e-13,0,-2
2023-06-05 16:51:00,2023-06-05 16:53:59,4.212,4.209,4.208,4.212,4.214491376032591,4.21025,4.208,4.214491376032591,True,0.005130199932822597,-0.002698141200404138,0,4.219166623820502,4.219194422278229,-27.811366257510834,-27.811366257510834,4.220192038398138,4.2201985098647254,-1.4033219031261979e-13,-1.293779898029849e-13,0,-2
2023-06-05 16:54:00,2023-06-05 16:56:59,4.209,4.21,4.209,4.21,4.212370688016295,4.2095,4.209,4.212370688016295,True,0.004835185651906721,-0.002703334989152683,0,4.219180523049365,4.219089267577267,-28.231146689093585,-28.231146689093585,4.220085649956365,4.220097032154628,-1.4033219031261979e-13,-1.293779898029849e-13,0,-2
2023-06-05 16:57:00,2023-06-05 16:59:59,4.21,4.21,4.209,4.211,4.210935344008147,4.21,4.209,4.211,True,0.004632672391056289,-0.0025917220378320932,0,4.219134895313316,4.218944116499994,-28.511000310148752,-28.511000310148752,4.2199852952304315,4.21999656417299,1.2070470332392678,0.4023490110796733,0,-2
2023-06-05 17:00:00,2023-06-05 17:02:59,4.21,4.215,4.21,4.221,4.210467672004073,4.214,4.21,4.221,True,0.005087481505980848,-0.0020625126212970666,0,4.219039505906655,4.218795916138984,-19.553601614240854,-19.553601614240854,4.219925740054009,4.219946847116542,13.391463852129604,4.866170295122921,0,-1
2023-06-05 17:03:00,2023-06-05 17:05:59,4.214,4.221,4.211,4.222,4.212233836002037,4.2170000000000005,4.211,4.222,True,0.005509804255553653,-0.0012151359331036128,0,4.2189177110228195,4.218666915057922,-7.847591230140921,-0.0,4.219896628212676,4.219957326249711,36.7317195476631,17.110076811010668,0,-1
2023-06-05 17:06:00,2023-06-05 17:08:59,4.22,4.227,4.22,4.227,4.214616918001019,4.2235,4.22,4.227,True,0.0056162468087284315,-0.00019811595252540047,1,4.218792313040371,4.218598511702108,3.2346733860036707,0.0,4.219932482658321,4.220027402605435,68.85800584775701,39.66039641584991,0,-1
2023-06-05 17:09:00,2023-06-05 17:11:59,4.226,4.226,4.225,4.228,4.219058459000509,4.22625,4.225,4.228,True,0.0054293720366764085,0.0004032449427794048,0,4.21869541237124,4.218597154605836,9.264823036090007,9.264823036090007,4.219995343527393,4.220086831435232,90.0069223622,65.19888258587338,0,-1
2023-06-05 17:12:00,2023-06-05 17:14:59,4.226,4.225,4.224,4.227,4.222654229500255,4.2255,4.224,4.227,True,0.005255845462628102,0.0007082112791757504,0,4.218646283488538,4.218643447014734,11.837214969153024,11.837214969153024,4.220050116228613,4.220135718684633,98.411256319148,85.75872817636834,1,2
2023-06-05 17:15:00,2023-06-05 17:17:59,4.225,4.221,4.221,4.226,4.224077114750127,4.22325,4.221,4.226,True,0.005237570786726087,0.0006009865447835756,0,4.218644865251637,4.218711499206201,8.50226695561021,8.50226695561021,4.220081955868129,4.220144318498716,92.12683240641593,93.51500369592132,0,1
2023-06-05 17:18:00,2023-06-05 17:20:59,4.22,4.223,4.22,4.223,4.223663557375064,4.2215,4.22,4.223663557375064,True,0.005077744301959945,0.0006425292056871244,0,4.21867818222892,4.218784209256044,8.197476562457794,8.197476562457794,4.220096065759988,4.220172733240022,82.35507900807708,90.96438924454702,0,2
2023-06-05 17:21:00,2023-06-05 17:23:59,4.222,4.218,4.218,4.222,4.222581778687532,4.220000000000001,4.218,4.222581778687532,True,0.005072191137534228,0.00029734033378531324,0,4.218731195742483,4.21884979600708,2.9289112385655045,0.0,4.22009510988178,4.220151114003803,71.25826848911693,81.91339330120333,0,1
2023-06-05 17:24:00,2023-06-05 17:26:59,4.216,4.216,4.215,4.216,4.221290889343766,4.21575,4.215,4.221290889343766,True,0.00492417748485322,-7.715520480613314e-05,0,4.218790495874782,4.218880165020283,-2.1720481719069014,-0.0,4.220051874957583,4.22010980938685,57.405936828056745,70.33976144175027,-1,-2
2023-06-05 17:27:00,2023-06-05 17:29:59,4.216,4.217,4.216,4.218,4.218520444671883,4.21675,4.216,4.218520444671883,True,0.004715307664506546,-0.00024794406175391887,0,4.218835330447533,4.218889459560556,-4.258873378171735,-0.0,4.220019020480393,4.2200788660098665,49.098962810519616,59.254389375897794,0,-2
2023-06-05 17:30:00,2023-06-05 17:32:59,4.216,4.215,4.215,4.219,4.217635222335941,4.2162500000000005,4.215,4.219,True,0.004664214259898968,-0.00048467172105469495,0,4.218862395004044,4.218878667717919,-7.474709666500495,-7.474709666500495,4.219981517789046,4.220028330029669,42.82093647431162,49.77527870429602,0,-2
2023-06-05 17:33:00,2023-06-05 17:35:59,4.215,4.212,4.21,4.215,4.216942611167971,4.213,4.21,4.216942611167971,True,0.004688198955620462,-0.0008211823736287266,0,4.218870531360982,4.218829837312016,-11.923964999278923,-11.923964999278923,4.2199120499503495,4.219948446148776,38.50848731623726,43.47612886702285,0,-2
2023-06-05 17:36:00,2023-06-05 17:38:59,4.212,4.208,4.208,4.213,4.214971305583985,4.21025,4.208,4.214971305583985,True,0.004710470458790422,-0.0012743278670458752,0,4.218850184336499,4.218732525981728,-17.17226348492011,-17.17226348492011,4.2198159101498485,4.219829556137346,26.786036341842763,36.03848671079723,0,-2
2023-06-05 17:39:00,2023-06-05 17:41:59,4.209,4.21,4.209,4.21,4.212610652791993,4.2095,4.209,4.212610652791993,True,0.0045168654260196615,-0.0013690269409337293,0,4.218791355159113,4.21859256714034,-17.476024858851147,-17.476024858851147,4.21971326427771,4.219731749608616,12.416283544529415,25.90360240086983,0,-2
2023-06-05 17:42:00,2023-06-05 17:44:59,4.21,4.212,4.21,4.213,4.2110553263959964,4.211250000000001,4.21,4.213,True,0.004408517895589694,-0.0012254924905657051,0,4.218691961149727,4.218431998741098,-14.751121613056533,-14.751121613056533,4.2196290526928575,4.21965481677669,8.521258246310923,15.907859377561051,0,-1
2023-06-05 17:45:00,2023-06-05 17:47:59,4.212,4.213,4.21,4.214,4.211152663197998,4.212250000000001,4.21,4.214,True,0.004379338045904748,-0.0010009478023031183,0,4.218561979945412,4.2182631670254604,-11.514540068196581,-11.514540068196581,4.219555629282978,4.219588599694335,12.776336040366514,11.237959277068967,0,-1
2023-06-05 17:48:00,2023-06-05 17:50:59,4.212,4.208,4.208,4.212,4.2117013315989995,4.21,4.208,4.212,True,0.00442367104262583,-0.0011439034845199176,0,4.218412573485436,4.218073550515032,-13.870578704035424,-13.870578704035424,4.219460548394591,4.21947329024464,16.223813971224438,12.507136085967309,0,-2
2023-06-05 17:51:00,2023-06-05 17:53:59,4.209,4.211,4.209,4.212,4.2108506657995,4.21025,4.209,4.212,True,0.004393408825295381,-0.0009676019617799116,0,4.2182430620002345,4.217870586226273,-11.367171364378407,-11.367171364378407,4.219368901146884,4.219388978898922,15.67723668004445,14.892462230545151,0,-1
2023-06-05 17:54:00,2023-06-05 17:56:59,4.211,4.207,4.207,4.211,4.21055033289975,4.209,4.207,4.211,True,0.004365308194917172,-0.0010712267031236017,0,4.218056824113254,4.2176499293593,-12.92574608484621,-12.92574608484621,4.219265728001144,4.219265705477042,10.080256318682148,13.993768989983694,0,-2
2023-06-05 17:57:00,2023-06-05 17:59:59,4.207,4.22,4.206,4.22,4.209775166449875,4.2132499999999995,4.206,4.22,True,0.005053500466708756,-0.00018371657669021208,0,4.217853376736277,4.217446016461568,-3.752437232414657,-0.0,4.219205870011082,4.2192730118902055,27.748917391473594,17.83547013006675,0,-1
2023-06-05 18:00:00,2023-06-05 18:02:59,4.22,4.212,4.209,4.22,4.211512583224938,4.215249999999999,4.209,4.22,True,0.005478250433372424,-0.00013495486537703659,0,4.217649696598922,4.217270407394834,-3.130843524447293,-0.0,4.219166508120425,4.219200643612691,56.63972471273871,31.489632807631505,0,-1
2023-06-05 18:03:00,2023-06-05 18:05:59,4.212,4.215,4.212,4.215,4.213381291612468,4.2135,4.212,4.215,True,0.005301232545274402,0.00012384706702593153,0,4.217460051996878,4.217106280137185,-0.9350453232460154,-0.0,4.219110124955048,4.2191588461638085,80.56965764030963,54.98609991484066,0,-1
2023-06-05 18:06:00,2023-06-05 18:08:59,4.215,4.214,4.213,4.215,4.213440645806234,4.21425,4.213,4.215,True,0.005065430220611929,0.0002323388399888618,0,4.217283166067031,4.216957464473703,-0.1762388518714033,-0.0,4.219061765502759,4.219107514361183,89.00358610903596,75.40432282069479,0,-1
2023-06-05 18:09:00,2023-06-05 18:11:59,4.215,4.224,4.215,4.228,4.213845322903117,4.2204999999999995,4.215,4.228,True,0.005703613776282459,0.0009926858199153675,0,4.217120315270367,4.216864606416356,5.551516230195126,5.551516230195126,4.219076076293776,4.219156195810325,89.00358610903596,86.19227661946053,0,2
2023-06-05 18:12:00,2023-06-05 18:14:59,4.225,4.216,4.213,4.225,4.217172661451558,4.2197499999999994,4.213,4.225,True,0.00615335564940511,0.0009044326923960753,0,4.216992460843361,4.216811295483273,4.096562943148335,0.0,4.219082782002296,4.219124790876889,94.07416701018509,90.69377974275234,0,2
2023-06-05 18:15:00,2023-06-05 18:17:59,4.216,4.216,4.211,4.227,4.218461330725779,4.2175,4.211,4.227,True,0.0068566873887333174,0.0008185908069444031,0,4.216901878163317,4.2167740486561405,3.1265940851171408,0.0,4.219067032927646,4.219093698430353,89.46151493663352,90.84642268528488,0,2
2023-06-05 18:18:00,2023-06-05 18:20:59,4.216,4.214,4.212,4.217,4.217980665362889,4.2147499999999996,4.212,4.217980665362889,True,0.006724066860966644,0.0005996826568420003,0,4.216837963409729,4.216730836840911,1.1433337724198225,0.0,4.219024077376128,4.219043014863882,74.11677277185044,85.8841515728897,0,1
2023-06-05 18:21:00,2023-06-05 18:23:59,4.214,4.216,4.212,4.217,4.216365332681445,4.2147499999999996,4.212,4.217,True,0.006600919228040447,0.0005778782629345936,0,4.21678440012532,4.216683225227611,1.3341494565244858,0.0,4.218981549243032,4.2190127361090175,60.00567681735128,74.52798817527844,0,2
2023-06-05 18:24:00,2023-06-05 18:26:59,4.215,4.211,4.211,4.215,4.215557666340722,4.213,4.211,4.215557666340722,True,0.006486567854608979,0.00020354297926874392,0,4.216733812676466,4.2166204694275855,-2.0716915627026466,-0.0,4.218922031340116,4.218933007391515,47.50016903962242,60.54087287627473,0,-2
2023-06-05 18:27:00,2023-06-05 18:29:59,4.212,4.21,4.21,4.213,4.214278833170361,4.211250000000001,4.21,4.214278833170361,True,0.006237527293565488,-0.00010795402688391041,0,4.216677141052027,4.216534214213311,-4.9847953501801,-0.0,4.218845692719817,4.218844121745828,37.536183793341685,48.34734321677181,0,-2
2023-06-05 18:30:00,2023-06-05 18:32:59,4.211,4.215,4.211,4.217,4.2127644165851805,4.2135,4.211,4.217,True,0.006291989629739358,4.6766239766156317e-05,0,4.2166056776326695,4.2164454869402315,-2.476761006445315,-0.0,4.21879250174748,4.218805871778208,35.631504152759504,40.22261899524122,0,-1
2023-06-05 18:33:00,2023-06-05 18:35:59,4.215,4.215,4.214,4.215,4.21313220829259,4.21475,4.214,4.215,True,0.0059139903704722215,0.00015303012512155696,0,4.216525582286451,4.216363998490653,-0.8047381106221181,-0.0,4.218752277849495,4.218768002407281,42.1368269455859,38.43483829722905,0,-1
2023-06-05 18:36:00,2023-06-05 18:38:59,4.215,4.209,4.209,4.215,4.213941104146295,4.212,4.209,4.215,True,0.005920133915438508,-0.00018848397150714223,0,4.216444790388552,4.21626990039062,-4.506627760257231,-0.0,4.218685091005221,4.218670808353478,38.605844981962214,38.79139202676922,0,-2
2023-06-05 18:39:00,2023-06-05 18:41:59,4.209,4.201,4.201,4.209,4.2129705520731475,4.205,4.201,4.2129705520731475,True,0.006068695778621473,-0.0009410020832165025,-1,4.216357345389587,4.216118492792889,-10.854311769112023,-10.854311769112023,4.218548920945468,4.218494979414637,23.430854372567364,34.72450876670518,0,-2
2023-06-05 18:42:00,2023-06-05 18:44:59,4.201,4.2,4.197,4.201,4.208985276036573,4.19975,4.197,4.208985276036573,True,0.005920931794434194,-0.0014439240150339397,0,4.216237919091237,4.215886983258531,-15.47251851932802,-15.47251851932802,4.2183618670057115,4.21831094976872,4.4936239586456805,22.176774437725104,0,-2
2023-06-05 18:45:00,2023-06-05 18:47:59,4.2,4.208,4.198,4.213,4.204367638018287,4.204750000000001,4.198,4.213,True,0.0065694366662603,-0.001143393923378639,0,4.216062451174884,4.215628302625076,-11.176466227059088,-11.176466227059088,4.2182264255429684,4.218208353253608,10.60086914747257,12.841782492895225,0,-1
2023-06-05 18:48:00,2023-06-05 18:50:59,4.208,4.209,4.206,4.21,4.204558819009144,4.2082500000000005,4.206,4.21,True,0.006385905475813104,-0.0008150339252789478,0,4.2158453768999795,4.215374018540588,-7.5669219894828,-0.0,4.218127157627118,4.2181167278481,27.54324058527823,14.21257789713218,0,-1
2023-06-05 18:51:00,2023-06-05 18:53:59,4.207,4.206,4.206,4.207,4.206404409504572,4.2065,4.206,4.207,True,0.006144055084683541,-0.0007563787811706003,0,4.215609697720284,4.215112933688201,-7.358238128380705,-0.0,4.218011464516401,4.2179961633919,42.876256584545935,27.00678877243227,0,-2
2023-06-05 18:54:00,2023-06-05 18:56:59,4.207,4.203,4.203,4.208,4.206452204752286,4.2052499999999995,4.203,4.208,True,0.006062336864348995,-0.0008734946735719376,0,4.215361315704242,4.2148397095338295,-9.191816292607086,-0.0,4.217884484769969,4.217846947835762,48.33547164150453,39.58498960377626,0,-2
2023-06-05 18:57:00,2023-06-05 18:59:59,4.201,4.201,4.196,4.201,4.205851102376142,4.19975,4.196,4.205851102376142,True,0.006129312802609821,-0.0010289961149426382,0,4.215100512619035,4.214521066780842,-11.64061053840549,-11.64061053840549,4.217704042135442,4.217679316514013,40.508073072080634,43.9066004327104,0,-2
2023-06-05 19:00:00,2023-06-05 19:02:59,4.2,4.2,4.193,4.203,4.202800551188071,4.199,4.193,4.203,True,0.006405790459566311,-0.0011320818691930431,0,4.214810789699937,4.214163706076305,-13.89889880152267,-13.89889880152267,4.217517932263448,4.217503402916859,33.06595593917287,40.63650021758605,0,-2
2023-06-05 19:03:00,2023-06-05 19:05:59,4.202,4.205,4.201,4.205,4.2009002755940354,4.203250000000001,4.201,4.205,True,0.006305376855311567,-0.0007833740688139349,0,4.214487247888121,4.213807473850426,-9.661174098720643,-0.0,4.217375962788189,4.2173789909475365,37.172056803354856,36.915361938202814,0,-1
2023-06-05 19:06:00,2023-06-05 19:08:59,4.205,4.204,4.204,4.206,4.202075137797018,4.20475,4.204,4.206,True,0.005997849937075074,-0.0005683737668978044,0,4.214147360869273,4.2134648658108365,-7.763440595538171,-0.0,4.21725033131766,4.217245866659502,52.21880506240128,40.8189392683097,0,-1
2023-06-05 19:09:00,2023-06-05 19:11:59,4.204,4.206,4.202,4.206,4.203412568898509,4.2045,4.202,4.206,True,0.005855146370141172,-0.00024283028771991807,0,4.213806113340055,4.2131336195785645,-4.333602151835294,-0.0,4.217123462349325,4.217133967488761,67.95020606088498,52.44702264221373,0,-1
2023-06-05 19:12:00,2023-06-05 19:14:59,4.205,4.208,4.205,4.208,4.203956284449255,4.2065,4.205,4.208,True,0.005651207343702525,0.0001399629593056605,0,4.2134698664593095,4.212827313405448,-0.050321597697895015,-0.0,4.217017756256297,4.217043082240116,76.99204115807447,65.7203507604536,0,-1
2023-06-05 19:15:00,2023-06-05 19:17:59,4.208,4.206,4.206,4.209,4.205228142224628,4.20725,4.206,4.209,True,0.00546183539058086,0.00026806907296664023,0,4.213148589932379,4.212547890099989,0.24019106635292076,0.0,4.2169205646517565,4.2169332008247915,86.16365336397962,77.03530019431305,0,-1
2023-06-05 19:18:00,2023-06-05 19:20:59,4.207,4.211,4.207,4.212,4.206239071112314,4.20925,4.207,4.212,True,0.005500275719825037,0.0007053227915083432,0,4.212848240016184,4.212305271133256,5.071437336761591,5.071437336761591,4.216844240625371,4.216874164000664,95.87468683246931,86.34346045150782,0,-1
2023-06-05 19:21:00,2023-06-05 19:23:59,4.21,4.211,4.21,4.211,4.207744535556158,4.2105,4.21,4.211,True,0.005178827454123272,0.0009788094104274756,0,4.2125767555747196,4.212101869434691,8.292268183700699,8.292268183700699,4.21678111385298,4.216815714607623,99.99999999999984,94.01278006548294,0,2
2023-06-05 19:24:00,2023-06-05 19:26:59,4.211,4.213,4.211,4.213,4.209122267778079,4.212,4.211,4.213,True,0.004951768350257309,0.0012696813960715605,0,4.212339312504705,4.211941030914313,12.086630614808499,12.086630614808499,4.216733540580811,4.216777747298095,99.99999999999984,98.624895610823,0,2
2023-06-05 19:27:00,2023-06-05 19:29:59,4.214,4.215,4.211,4.216,4.210561133889039,4.214,4.211,4.216,True,0.0049552134680960645,0.0015566610457510297,0,4.212140171709509,4.211828528333678,16.071179565518634,16.071179565518634,4.2167063411720465,4.216760058270253,99.99999999999984,99.99999999999984,0,2
2023-06-05 19:30:00,2023-06-05 19:32:59,4.214,4.214,4.212,4.215,4.21228056694452,4.21375,4.212,4.215,True,0.004815555363232068,0.0016199836073430346,0,4.211984350021592,4.211753137599807,16.765525245550435,16.765525245550435,4.216676924841976,4.216732595003883,99.28694604693978,99.76231534897983,1,2
2023-06-05 19:33:00,2023-06-05 19:35:59,4.215,4.207,4.207,4.215,4.213015283472259,4.211,4.207,4.215,True,0.005043015694429777,0.0011217885184301938,0,4.211868743810699,4.211688614619969,8.132061645401862,8.132061645401862,4.216620438027628,4.216635753262551,90.98117414289952,96.75604006327973,0,1
2023-06-05 19:36:00,2023-06-05 19:38:59,4.207,4.209,4.207,4.212,4.21200764173613,4.20875,4.207,4.21200764173613,True,0.005039943144827643,0.0008982343876018323,0,4.2117786792153336,4.211617653202772,4.7558008547559325,4.7558008547559325,4.216542125211433,4.216559775618148,77.06981936882005,89.11264651955314,0,1
2023-06-05 19:39:00,2023-06-05 19:41:59,4.21,4.214,4.21,4.214,4.2103788208680655,4.212,4.21,4.214,True,0.005037090063054296,0.001066528948385144,0,4.211698166209052,4.211564408085612,7.1128231267351225,7.1128231267351225,4.216496929935698,4.216534305213987,71.51322023237242,79.85473791469735,0,2
2023-06-05 19:42:00,2023-06-05 19:44:59,4.213,4.215,4.213,4.215,4.211189410434033,4.214,4.213,4.215,True,0.004820155058550402,0.0012045826153040163,0,4.211631287147331,4.21153919858112,9.4473575184076,9.4473575184076,4.21647208486171,4.21651903849544,76.91646589645812,75.16650183255022,0,2
2023-06-05 19:45:00,2023-06-05 19:47:59,4.213,4.212,4.21,4.215,4.2125947052170165,4.2125,4.21,4.215,True,0.004833001125796794,0.0010406339109146048,0,4.211585242864225,4.211525943080456,7.208476930608597,7.208476930608597,4.216432561629255,4.216474072938271,81.02227802692683,76.48398805191914,0,1
2023-06-05 19:48:00,2023-06-05 19:50:59,4.212,4.216,4.211,4.216,4.212547352608508,4.21375,4.211,4.216,True,0.004844929616811301,0.0011670933966023461,0,4.21155559297234,4.211530766327239,9.202159577250093,9.202159577250093,4.21640586947374,4.216469355794607,81.98620087884167,79.97498160074223,0,2
2023-06-05 19:51:00,2023-06-05 19:53:59,4.216,4.216,4.215,4.216,4.213148676304254,4.21575,4.215,4.216,True,0.004570291787039089,0.0011994417215015739,0,4.211543179649789,4.211563512133352,10.531281341677754,10.531281341677754,4.216399343409325,4.216464685587695,84.88872711879624,82.63240200818825,0,2
2023-06-05 19:54:00,2023-06-05 19:56:59,4.215,4.216,4.214,4.217,4.214449338152127,4.2155000000000005,4.214,4.217,True,0.004458128087964813,0.0011675336540284168,0,4.21155334589157,4.211616301629874,11.417362517962864,11.417362517962864,4.216390394718685,4.216460061850504,93.03206328806885,86.63566376190226,0,2
2023-06-05 19:57:00,2023-06-05 19:59:59,4.217,4.219,4.216,4.22,4.214974669076064,4.218,4.216,4.22,True,0.004425404653110152,0.0012993225772847145,0,4.211584823760721,4.211701662131391,14.742490175681866,14.742490175681866,4.216406410691634,4.216485334866917,98.33779352566171,92.08619464417562,0,2
2023-06-05 20:00:00,2023-06-05 20:02:59,4.217,4.221,4.215,4.222,4.216487334538032,4.21875,4.215,4.222,True,0.004609304320745181,0.001460336790928365,0,4.211643242946056,4.2118172261479785,18.402052548629854,18.402052548629854,4.216429729988234,4.216530256908042,98.33779352566171,96.56921677979744,0,2
2023-06-05 20:03:00,2023-06-05 20:05:59,4.221,4.221,4.22,4.221,4.217618667269016,4.22075,4.22,4.221,True,0.004351496869263406,0.001493489759391837,0,4.211730234547017,4.211969498839268,20.84176079726184,20.84176079726184,4.216472717749546,4.216574731963683,99.99999999999984,98.8918623504411,0,2
2023-06-05 20:06:00,2023-06-05 20:08:59,4.221,4.223,4.22,4.224,4.219184333634508,4.2219999999999995,4.22,4.224,True,0.004326389950030337,0.0015771925246168069,1,4.211849866693142,4.21215820410504,23.916067216421283,23.916067216421283,4.216527715582884,4.21663866497897,99.99999999999984,99.44593117522048,0,2
2023-06-05 20:09:00,2023-06-05 20:11:59,4.224,4.225,4.223,4.226,4.220592166817253,4.2245,4.223,4.226,True,0.004231647810742464,0.0016872441893510952,0,4.212004035399091,4.212391450932774,27.140051824099487,27.140051824099487,4.2166070417959896,4.2167218623423635,99.99999999999984,99.99999999999984,0,2
2023-06-05 20:12:00,2023-06-05 20:14:59,4.224,4.222,4.222,4.225,4.222546083408627,4.22325,4.222,4.225,True,0.0041436729671179475,0.001463778301818164,0,4.212197743165932,4.212649588994864,22.56474057362921,22.56474057362921,4.216673140882596,4.216774381125027,94.89036478456445,98.29678826152139,0,1
2023-06-05 20:15:00,2023-06-05 20:17:59,4.223,4.216,4.216,4.225,4.222898041704314,4.220000000000001,4.216,4.225,True,0.004490553469466627,0.0008266121414801297,0,4.212423666080398,4.212903254542926,11.761454005518246,11.761454005518246,4.2167062439583916,4.2167666758402005,77.78412180448537,90.89149552968324,0,1
2023-06-05 20:18:00,2023-06-05 20:20:59,4.218,4.222,4.218,4.224,4.221449020852157,4.2205,4.218,4.224,True,0.004741228221647582,0.0007720911227547303,0,4.212663460311663,4.213155088965548,10.655945058450769,10.655945058450769,4.216743992774726,4.2168187487174125,56.711516423069305,76.46200100403972,0,1
2023-06-05 20:21:00,2023-06-05 20:23:59,4.221,4.217,4.216,4.222,4.220974510426078,4.219,4.216,4.222,True,0.004831140491529913,0.00034116963540893695,0,4.212909274638606,4.213393462283081,5.358634661796536,0.0,4.216766440607813,4.216820552212762,33.49574778325092,55.997128670268545,0,1
2023-06-05 20:24:00,2023-06-05 20:26:59,4.218,4.221,4.218,4.222,4.21998725521304,4.21975,4.218,4.222,True,0.004843201884992119,0.00030282706348107096,0,4.213151368460844,4.213624747881049,5.205439078490315,0.0,4.216796127765944,4.216862138757909,24.933266265742343,38.38017682402087,0,1
2023-06-05 20:27:00,2023-06-05 20:29:59,4.22,4.222,4.22,4.223,4.21986862760652,4.2212499999999995,4.22,4.223,True,0.0047115446074926905,0.0003138115840753833,0,4.213388058170946,4.2138591579975895,5.8876723927840615,0.0,4.216840444902601,4.216913261755343,22.790288128014584,27.073100725669295,0,2
2023-06-05 20:30:00,2023-06-05 20:32:59,4.223,4.222,4.22,4.223,4.2205593138032595,4.2219999999999995,4.22,4.223,True,0.0045892914212432205,0.00028711062342637924,0,4.2136236080842675,4.214099565564488,6.342494602313231,0.0,4.216891783759292,4.2169638760662345,30.02369947918665,25.915751290981206,0,1
2023-06-05 20:33:00,2023-06-05 20:35:59,4.222,4.223,4.222,4.223,4.221279656901629,4.2225,4.222,4.223,True,0.004332913462582951,0.0003053463406909088,0,4.213861586824377,4.214346476046389,7.641453020777526,7.641453020777526,4.216947586905965,4.217023937000898,36.63234800310008,29.815445203433782,0,2
2023-06-05 20:36:00,2023-06-05 20:38:59,4.222,4.217,4.214,4.222,4.221889828450815,4.21875,4.214,4.222,True,0.00466627678668413,-0.00012868227528768,0,4.214104031435382,4.214571083262524,1.7862181718240464,0.0,4.216965521364612,4.217023698821785,26.514598188910558,31.056881890399108,0,1
2023-06-05 20:39:00,2023-06-05 20:41:59,4.216,4.214,4.214,4.217,4.220319914225407,4.21525,4.214,4.220319914225407,True,0.004547257016206637,-0.0006297022492253003,0,4.214337557348952,4.214752576194181,-4.351442778561285,-4.351442778561285,4.216948451500287,4.216993612266344,14.273257359658942,25.806734517223205,0,1
2023-06-05 20:42:00,2023-06-05 20:44:59,4.214,4.209,4.209,4.215,4.217784957112704,4.21175,4.209,4.217784957112704,True,0.004651024372191893,-0.001287654184337126,-1,4.214545066771566,4.214874865989814,-11.231565139485497,-11.231565139485497,4.2168967256147125,4.216914073835833,-1.3500311979441904e-13,13.595951849523134,0,-2
2023-06-05 20:45:00,2023-06-05 20:47:59,4.209,4.211,4.208,4.214,4.214767478556352,4.2105,4.208,4.214767478556352,True,0.004747379774178203,-0.001535424444715037,0,4.214709966380689,4.214941129372724,-13.133806222673677,-13.133806222673677,4.216833076603621,4.2168552273300035,-1.3500311979441904e-13,4.75775245321957,0,-2
2023-06-05 20:48:00,2023-06-05 20:50:59,4.211,4.218,4.211,4.218,4.212633739278176,4.2145,4.211,4.218,True,0.004908281218879736,-0.0011615113584799615,0,4.214825547876706,4.214990272383469,-7.46621890919603,-7.46621890919603,4.216809861911047,4.21686661810284,8.711494383333582,2.903831461111117,0,-1
2023-06-05 20:51:00,2023-06-05 20:53:59,4.216,4.214,4.211,4.219,4.213566869639088,4.215,4.211,4.219,True,0.0051291182746740415,-0.0011548382612319857,0,4.214907910130087,4.215029029763225,-6.842732747701525,-6.842732747701525,4.216791853334818,4.216838094539627,19.55068359522733,9.420725992853605,-1,-2
2023-06-05 20:54:00,2023-06-05 20:56:59,4.214,4.212,4.208,4.214,4.214283434819544,4.212,4.208,4.214283434819544,True,0.005191324112197341,-0.0012468683599872964,0,4.214968469946656,4.21503876135543,-7.838625779175629,-7.838625779175629,4.216744173202133,4.216789954295452,25.63001703341216,17.964065003991035,0,-2
2023-06-05 20:57:00,2023-06-05 20:59:59,4.211,4.203,4.194,4.211,4.213141717409772,4.204750000000001,4.194,4.213141717409772,True,0.0061062295327546584,-0.0018765454294230554,0,4.215003615651042,4.2149758312617776,-13.054083955511558,-13.054083955511558,4.216624828195147,4.2166527408198755,16.91852265007844,20.69974109290599,0,-2
2023-06-05 21:00:00,2023-06-05 21:02:59,4.203,4.197,4.197,4.203,4.208945858704887,4.2,4.197,4.208945858704887,True,0.006098641708986484,-0.0026167784752668195,0,4.2149897234564095,4.214823535827757,-18.4206799571661,-18.4206799571661,4.216459407019076,4.216457191159976,6.079333438184695,16.209291040558448,0,-2
2023-06-05 21:03:00,2023-06-05 21:05:59,4.197,4.198,4.188,4.198,4.204472929352443,4.19525,4.188,4.204472929352443,True,0.006377310158344641,-0.00291098209975878,0,4.2149066296420825,4.214569337289976,-20.916474428742557,-20.916474428742557,4.216248368143264,4.216273537516593,-1.3500311979441904e-13,7.665952029421017,0,-2
2023-06-05 21:06:00,2023-06-05 21:08:59,4.197,4.201,4.192,4.201,4.199861464676221,4.19775,4.192,4.201,True,0.00656464514703427,-0.0027617094260811515,0,4.214737983466029,4.214253806452924,-19.325564024790804,-19.325564024790804,4.216064304778654,4.216121562018915,4.391354592439968,3.4902293435415253,0,-2
2023-06-05 21:09:00,2023-06-05 21:11:59,4.201,4.208,4.199,4.208,4.19880573233811,4.204,4.199,4.208,True,0.006738599065103275,-0.002053623160608826,0,4.214495894959477,4.213935034789085,-12.426672831241667,-12.426672831241667,4.215944261945036,4.216040750456538,18.164473841645435,7.518609478028439,0,-1
2023-06-05 21:12:00,2023-06-05 21:14:59,4.207,4.209,4.205,4.21,4.201402866169055,4.20775,4.205,4.21,True,0.00661441341759589,-0.0014241141470359734,0,4.21421546487428,4.213641627700133,-7.123539656362112,-7.123539656362112,4.215862727000309,4.215970693238066,36.63046366091114,19.72876403166553,0,-1
2023-06-05 21:15:00,2023-06-05 21:17:59,4.209,4.206,4.206,4.209,4.204576433084528,4.2075,4.206,4.209,True,0.0063562410306247,-0.0011456320322033274,0,4.213928546287206,4.213368488138161,-5.998224855545331,-5.998224855545331,4.215779515786376,4.2158714823600745,56.85707345207177,37.217336984876134,0,-1
2023-06-05 21:18:00,2023-06-05 21:20:59,4.205,4.2,4.2,4.205,4.206038216542264,4.202500000000001,4.2,4.206038216542264,True,0.006330795242722952,-0.0013104466978231615,0,4.213648517212683,4.213078874053259,-9.024875801234543,-9.024875801234543,4.215647381300939,4.215713557162462,65.3447329018546,52.94409000494585,0,-2
2023-06-05 21:21:00,2023-06-05 21:23:59,4.201,4.203,4.198,4.204,4.2042691082711325,4.2015,4.198,4.2042691082711325,True,0.006307167011099837,-0.0011351840982295313,0,4.213363695632971,4.212771415457748,-8.262763082339319,-8.262763082339319,4.215506611337745,4.215587054106119,67.61865037483962,63.27348557625535,0,-1
2023-06-05 21:24:00,2023-06-05 21:26:59,4.202,4.213,4.2,4.213,4.202884554135567,4.207,4.2,4.213,True,0.006785226510306984,-0.00026606670739671556,0,4.21306755554536,4.212489753095535,-1.3454415381456855,-0.0,4.2154219684388625,4.215561312274217,75.54635011719415,69.50324446462947,0,-1
2023-06-05 21:27:00,2023-06-05 21:29:59,4.213,4.22,4.213,4.228,4.204942277067783,4.218500000000001,4.213,4.228,True,0.007371996045285034,0.0008073475581959954,0,4.212778654320447,4.212309235022399,6.036717286359014,0.0,4.215452595618576,4.2156054783212396,86.6189047515392,76.59463508119102,0,-1
2023-06-05 21:30:00,2023-06-05 21:32:59,4.221,4.219,4.218,4.223,4.211721138533892,4.22025,4.218,4.223,True,0.007202567756336095,0.0014147623503891473,0,4.212543944671423,4.2122215939663805,10.094481050835029,10.094481050835029,4.215500330985555,4.2156392546563515,99.2123307926218,87.1258618871184,0,2
2023-06-05 21:33:00,2023-06-05 21:35:59,4.22,4.216,4.216,4.222,4.215985569266946,4.218500000000001,4.216,4.222,True,0.007116670059454962,0.001554169859966658,0,4.212382769318902,4.212195670088888,10.152906890142091,10.152906890142091,4.215530178438435,4.215642844162258,97.86957083331417,94.56693545915842,0,2
2023-06-05 21:36:00,2023-06-05 21:38:59,4.216,4.215,4.215,4.217,4.2172427846334735,4.21575,4.215,4.2172427846334735,True,0.0067511936266367355,0.0015193426588681364,0,4.212289219703894,4.212199646520921,9.298019772421924,9.298019772421924,4.215532365717655,4.215636447702932,92.47224841472591,96.51805001355399,1,2
2023-06-05 21:39:00,2023-06-05 21:41:59,4.215,4.215,4.214,4.215,4.216496392316737,4.21475,4.214,4.216496392316737,True,0.006340394081876929,0.0014395219229837576,0,4.212244433112407,4.212220275330903,8.728095027275145,8.728095027275145,4.2155245809841455,4.215630114889968,85.89826260338828,92.08002728380949,0,2
2023-06-05 21:42:00,2023-06-05 21:44:59,4.216,4.221,4.216,4.222,4.215623196158369,4.218750000000001,4.216,4.222,True,0.0063875087903143305,0.0017432736092035325,1,4.212232354221655,4.212281317393439,12.273641660088899,12.273641660088899,4.215556674705696,4.215683546582605,85.35510780732699,87.90853960848041,0,2
2023-06-05 21:45:00,2023-06-05 21:47:59,4.222,4.221,4.221,4.227,4.217186598079184,4.2227500000000004,4.221,4.227,True,0.00635982959100618,0.001867104045093599,0,4.212256835807547,4.212401202534314,14.637339415298072,14.637339415298072,4.215628250081759,4.215736446616609,90.75243022591525,87.33526687887685,0,2
2023-06-05 21:48:00,2023-06-05 21:50:59,4.222,4.216,4.216,4.225,4.219968299039593,4.2197499999999994,4.216,4.225,True,0.006548413191648556,0.0015231446750031592,0,4.21232901917093,4.21254600951463,10.434419148638469,10.434419148638469,4.215669262518756,4.215739069038334,91.24429548658607,89.11727783994279,0,1
2023-06-05 21:51:00,2023-06-05 21:53:59,4.215,4.22,4.215,4.22,4.219859149519796,4.217499999999999,4.215,4.22,True,0.006437812249387937,0.0015068440393370222,0,4.2124375143427795,4.212694006711725,10.726679080235208,10.726679080235208,4.215687478812102,4.215781466361336,83.47787461926806,88.49153344392313,0,2
2023-06-05 21:54:00,2023-06-05 21:56:59,4.22,4.223,4.22,4.228,4.218679574759898,4.22275,4.22,4.228,True,0.0065493970887173705,0.0016320850890138535,0,4.212565760527252,4.212879520753955,12.834320525522699,12.834320525522699,4.215757752654768,4.215853292566696,80.74050699228162,85.15422569937859,0,2
2023-06-05 21:57:00,2023-06-05 21:59:59,4.223,4.224,4.219,4.224,4.220714787379949,4.2225,4.219,4.224,True,0.0064387258680946935,0.0017034066177785215,0,4.212722640640603,4.213091583982716,14.854555533669881,14.854555533669881,4.2158248396930285,4.215934354332202,83.57053866925537,82.59630676026836,0,2
2023-06-05 22:00:00,2023-06-05 22:02:59,4.224,4.234,4.223,4.234,4.2216073936899745,4.22875,4.223,4.234,True,0.006764531163230795,0.0023510271197025264,0,4.212907112311659,4.2133659762401265,20.36882250873056,20.36882250873056,4.2159534482532965,4.216114112000538,94.01054349932038,86.10719638695247,0,2
2023-06-05 22:03:00,2023-06-05 22:05:59,4.235,4.236,4.235,4.246,4.225178696844987,4.2379999999999995,4.235,4.246,True,0.007138493223000057,0.0027897558705217004,0,4.213136544275892,4.213751022794485,24.59054575459575,24.59054575459575,4.216172816927393,4.216311981532871,96.7479111263068,91.44299776496086,0,2
2023-06-05 22:06:00,2023-06-05 22:08:59,4.237,4.238,4.235,4.242,4.231589348422493,4.238,4.235,4.242,True,0.0071286008499286,0.003069176980596244,0,4.213443783535189,4.21422054642617,27.94507180914934,27.94507180914934,4.2163900028286125,4.2165277827116485,99.99999999999987,96.91948487520904,0,2
2023-06-05 22:09:00,2023-06-05 22:11:59,4.238,4.235,4.234,4.239,4.234794674211247,4.2365,4.234,4.239,True,0.00697655793207655,0.002885187342520962,0,4.213832164980679,4.214743066428295,26.0425288725597,26.0425288725597,4.216590102302955,4.2167115858687465,95.62157679714477,97.45649597448384,0,2
2023-06-05 22:12:00,2023-06-05 22:14:59,4.235,4.23,4.23,4.236,4.235647337105624,4.23275,4.23,4.236,True,0.006906803794071035,0.0022679958618936303,0,4.214287615704487,4.21527799681468,19.312664327419753,19.312664327419753,4.216750897304915,4.216843808894928,80.73718708497297,92.11958796070589,0,1
2023-06-05 22:15:00,2023-06-05 22:17:59,4.23,4.23,4.225,4.232,4.234198668552812,4.22925,4.225,4.234198668552812,True,0.0069134606659231445,0.0017375910591521625,0,4.214782806259583,4.215795014070412,14.826087963993118,14.826087963993118,4.21687526648596,4.216974716269108,56.84819047950908,77.73565145387562,0,1
2023-06-05 22:18:00,2023-06-05 22:20:59,4.231,4.227,4.226,4.231,4.231724334276406,4.22875,4.226,4.231724334276406,True,0.006776784904071484,0.0010785594245064064,0,4.215288910164998,4.2162909503724695,8.784403616568547,0.0,4.216993423038339,4.217074470336081,36.068977287787675,57.88478495075659,0,1
2023-06-05 22:21:00,2023-06-05 22:23:59,4.226,4.228,4.226,4.229,4.230237167138203,4.22725,4.226,4.230237167138203,True,0.006507014553780672,0.0006384805818512949,0,4.215789930268733,4.216756595245805,5.849442208977642,0.0,4.217095478530495,4.217183182074031,20.37218015859252,37.76311597529644,0,1
2023-06-05 22:24:00,2023-06-05 22:26:59,4.229,4.223,4.22,4.23,4.228743583569101,4.2255,4.22,4.23,True,0.006756513514224958,-5.275092493505634e-05,0,4.2162732627572685,4.217183189784188,-0.5982872831937982,-0.0,4.217179105609794,4.217241060859364,10.927843430723078,22.456333625701102,0,1
2023-06-05 22:27:00,2023-06-05 22:29:59,4.224,4.222,4.22,4.225,4.227121791784551,4.22275,4.22,4.227121791784551,True,0.006631048263208881,-0.0006009535952069042,0,4.216728226270728,4.217557244902509,-5.636228257924003,-5.636228257924003,4.217234537394771,4.217288413487629,2.7521464919662457,11.35072336042729,0,1
2023-06-05 22:30:00,2023-06-05 22:32:59,4.222,4.225,4.22,4.225,4.224935895892275,4.222999999999999,4.22,4.225,True,0.006514544815836811,-0.0007568037001108464,0,4.217142735586618,4.217889084215887,-5.063213480386125,-5.063213480386125,4.217291905181887,4.2173651456917325,0.514860404127384,4.731616775605579,0,1
2023-06-05 22:33:00,2023-06-05 22:35:59,4.224,4.228,4.224,4.23,4.223967947946138,4.2265,4.224,4.23,True,0.006477791614705626,-0.0006507529111850052,0,4.217515909901253,4.218209423680684,-1.4961234364705263,-0.0,4.217383528015898,4.2174709651375855,8.056102769957635,3.7743698886837644,0,1
2023-06-05 22:36:00,2023-06-05 22:38:59,4.228,4.229,4.227,4.231,4.225233973973069,4.22875,4.227,4.231,True,0.006300806499369478,-0.0005162170444277785,0,4.217862666790968,4.218533948757218,1.8607942901428203,0.0,4.217496627239621,4.217585681902386,19.772121809012518,9.447694994365856,0,2
2023-06-05 22:39:00,2023-06-05 22:41:59,4.228,4.23,4.227,4.23,4.226991986986534,4.22875,4.227,4.23,True,0.00606503460655738,-0.000368462285375991,0,4.218198307774093,4.218859542608162,5.1148949505348185,0.0,4.2176086010979335,4.217709207455596,30.97328044393988,19.600501674303356,0,2
2023-06-05 22:42:00,2023-06-05 22:44:59,4.229,4.232,4.227,4.233,4.2278709934932674,4.23025,4.227,4.233,True,0.0060603892775175205,-0.00014962199528685636,0,4.218528925191128,4.2191940355878375,9.204470200431011,9.204470200431011,4.217734386161635,4.217851404396336,38.05818693149494,29.601196394815787,0,2
2023-06-05 22:45:00,2023-06-05 22:47:59,4.232,4.232,4.231,4.233,4.229060496746634,4.232,4.231,4.233,True,0.005770361471980539,-3.154679204163749e-05,0,4.218861480389483,4.219545246797648,11.930853700361808,11.930853700361808,4.217876332567987,4.217992186442144,44.28866965507341,37.773379010169414,0,2
2023-06-05 22:48:00,2023-06-05 22:50:59,4.231,4.23,4.229,4.231,4.2305302483733165,4.23025,4.229,4.231,True,0.005572478509696222,-0.00012101198991904243,0,4.219203363593566,4.219895203844153,9.756349763364916,9.756349763364916,4.2179994536369625,4.218111667174063,46.998242238432965,43.11503294166712,0,1
2023-06-05 22:51:00,2023-06-05 22:53:59,4.23,4.228,4.225,4.23,4.230390124186658,4.22825,4.225,4.230390124186658,True,0.00553158718757512,-0.0003404440350008222,0,4.21954928371886,4.220228050274632,5.060041052573254,0.0,4.218101449123162,4.218210058545465,43.9108135291267,45.065908474211035,0,1
2023-06-05 22:54:00,2023-06-05 22:56:59,4.227,4.232,4.226,4.234,4.229320062093329,4.229749999999999,4.226,4.234,True,0.005707902388462612,-0.00022206717594922942,0,4.219888666996746,4.220555433311495,7.302854514561858,0.0,4.218217355102036,4.218347271893272,45.75533644426665,45.55479740394211,0,2
2023-06-05 22:57:00,2023-06-05 22:59:59,4.231,4.23,4.23,4.232,4.229535031046664,4.2307500000000005,4.23,4.232,True,0.005443052217858124,-0.0003016674114462905,0,4.2202220501541206,4.220883129847815,5.685517917648774,0.0,4.2183420580363435,4.2184632194366225,55.25391322602591,48.30668773313976,0,1
2023-06-05 23:00:00,2023-06-05 23:02:59,4.231,4.21,4.21,4.233,4.230142515523332,4.221,4.21,4.233,True,0.006697119916582521,-0.0017394852070302374,-1,4.220552590000968,4.221141929488946,-6.6620711754799515,-6.6620711754799515,4.218368505220061,4.2183790082979495,43.715193081946865,48.24148091741315,0,-2
2023-06-05 23:03:00,2023-06-05 23:05:59,4.208,4.182,4.167,4.208,4.225571257761667,4.19125,4.167,4.225571257761667,True,0.009290182779683782,-0.0045366086013242084,0,4.220847259744957,4.22114059384113,-18.12454796357705,-18.12454796357705,4.218098669347225,4.21801702811588,23.924168404173553,40.964424904048784,-1,-2
2023-06-05 23:06:00,2023-06-05 23:08:59,4.183,4.175,4.172,4.183,4.208410628880833,4.17825,4.172,4.208410628880833,True,0.009412312581134948,-0.006639572836668871,0,4.220993926793043,4.220845267189823,-26.16874566224694,-26.16874566224694,4.217702165174616,4.217588997985374,-1.4210854715202004e-13,22.546453828706763,0,-2
2023-06-05 23:09:00,2023-06-05 23:11:59,4.176,4.192,4.176,4.201,4.193330314440416,4.18625,4.176,4.201,True,0.01059714739676815,-0.006542768718949999,0,4.220919596991433,4.220375394116565,-22.852237439535305,-22.852237439535305,4.217389208307207,4.217334381089997,6.71821063270887,10.214126345627433,0,-2
2023-06-05 23:12:00,2023-06-05 23:14:59,4.191,4.184,4.177,4.193,4.189790157220209,4.186249999999999,4.177,4.193,True,0.010983065439856141,-0.006731696971360633,0,4.220647495553998,4.219771323246768,-22.189164131178178,-22.189164131178178,4.217079365438479,4.217002695706017,13.436421265417605,6.718210632708785,0,-2
2023-06-05 23:15:00,2023-06-05 23:17:59,4.185,4.165,4.164,4.185,4.188020078610104,4.1747499999999995,4.164,4.188020078610104,True,0.011698560765580696,-0.007840172643622417,0,4.220209409400383,4.218986839846727,-24.48112076938493,-24.48112076938493,4.216658177722673,4.216485255947748,16.848783030883762,12.33447164300342,0,-2
2023-06-05 23:18:00,2023-06-05 23:20:59,4.164,4.149,4.13,4.164,4.181385039305052,4.15175,4.13,4.181385039305052,True,0.013362949282324942,-0.009274881009158213,0,4.2195981246235545,4.217907894323561,-27.55453689711201,-27.55453689711201,4.21601232520802,4.215813760863691,10.13057239817475,13.471925564825382,0,-2
2023-06-05 23:21:00,2023-06-05 23:23:59,4.149,4.161,4.144,4.163,4.166567519652526,4.154249999999999,4.144,4.166567519652526,True,0.013765595762158883,-0.008920950657102121,0,4.2187530094735575,4.2166216720723995,-24.966639322130348,-24.966639322130348,4.215397774708437,4.215268350307833,5.155228889697295,10.711528106251942,0,-2
2023-06-05 23:24:00,2023-06-05 23:26:59,4.16,4.127,4.09,4.16,4.160408759826263,4.13425,4.09,4.160408759826263,True,0.017853767493433228,-0.010566222267264126,0,4.2176873407729785,4.215043862978793,-26.876989480786307,-26.876989480786307,4.2145903341640745,4.21439005826497,1.742867124231136,5.6762228040344,0,-2
2023-06-05 23:27:00,2023-06-05 23:29:59,4.128,4.142,4.128,4.146,4.147329379913131,4.136,4.128,4.147329379913131,True,0.01793564124390229,-0.010052918833329826,0,4.216365601875886,4.213259317822908,-23.834065761753372,-23.834065761753372,4.213808340789307,4.213669759177756,2.931059753189801,3.2763852557060837,0,-2
2023-06-05 23:30:00,2023-06-05 23:32:59,4.141,4.135,4.113,4.147,4.141664689956565,4.134,4.113,4.147,True,0.019083095440766397,-0.009659235331048784,0,4.214812459849397,4.211310529661943,-22.69187021435883,-22.69187021435883,4.213014227945632,4.212886975504345,2.070670565299753,2.2481991475735703,0,-2
2023-06-05 23:33:00,2023-06-05 23:35:59,4.135,4.128,4.127,4.137,4.137832344978283,4.13175,4.127,4.137832344978283,True,0.01843430290928307,-0.009344795182101826,0,4.21306149475567,4.20923036519448,-22.818530710771388,-22.818530710771388,4.212205628662591,4.212042328981914,2.5998473156086357,2.53385921136607,0,-2
2023-06-05 23:36:00,2023-06-05 23:38:59,4.128,4.137,4.126,4.138,4.134791172489141,4.132250000000001,4.126,4.138,True,0.017974709844334247,-0.007983306342271027,0,4.211145929975075,4.207064469909157,-19.9321429154453,-19.9321429154453,4.211410050267939,4.211295639141298,2.3396692425612775,2.336729041156562,0,-1
2023-06-05 23:39:00,2023-06-05 23:41:59,4.137,4.14,4.135,4.153,4.133520586244571,4.141249999999999,4.135,4.153,True,0.017976516284024642,-0.006404391143523525,0,4.209105199942116,4.204907688064217,-17.013028963504226,-17.013028963504226,4.210711940315024,4.210586229796609,13.527512748080673,6.155676435416869,0,-1
2023-06-05 23:42:00,2023-06-05 23:44:59,4.142,4.148,4.142,4.154,4.137385293122286,4.1465,4.142,4.154,True,0.017692479406594328,-0.004402479926311188,0,4.2070064440031665,4.20280889969529,-12.424810565465215,-12.424810565465215,4.21007301553577,4.209963481241418,46.331669331105125,20.732950440582368,0,-1
2023-06-05 23:45:00,2023-06-05 23:47:59,4.149,4.134,4.134,4.151,4.141942646561143,4.142,4.134,4.151,True,0.017643016591837552,-0.0037183542686671615,0,4.204907671849228,4.20073929513248,-12.699336280662529,-12.699336280662529,4.209395672097603,4.209207625706678,74.89543137309202,44.91820448409262,0,-1
2023-06-05 23:48:00,2023-06-05 23:50:59,4.135,4.125,4.125,4.137,4.141971323280572,4.1305,4.125,4.141971323280572,True,0.017239943978134838,-0.003568005236174253,0,4.202823483490854,4.198627964643869,-14.617461780982488,-14.617461780982488,4.208610640534443,4.208369738883726,83.60155053294882,68.27621707904866,0,-1
2023-06-05 23:51:00,2023-06-05 23:53:59,4.126,4.093,4.053,4.126,4.136235661640286,4.099500000000001,4.053,4.136235661640286,True,0.021222805122553805,-0.005340827039139091,0,4.200725724067362,4.1962855760455025,-19.85715640573413,-19.85715640573413,4.207524962519175,4.207221781282893,55.00365015945661,71.16687735516582,0,-2
2023-06-05 23:54:00,2023-06-05 23:56:59,4.093,4.073,4.073,4.107,4.117867830820144,4.0865,4.073,4.117867830820144,True,0.022135461899514233,-0.007445864718381948,0,4.198505650056433,4.193688151224178,-24.79409926436547,-24.79409926436547,4.206320734036397,4.205886241170625,25.552197943887716,54.719132878764384,0,-2
2023-06-05 23:57:00,2023-06-05 23:59:59,4.072,3.988,3.982,4.083,4.102183915410071,4.03125,3.982,4.102183915410071,True,0.027768643192406073,-0.014116164579026966,0,4.196096900640305,4.190528681931065,-30.789255985046587,-30.789255985046587,4.204578736682801,4.20371821887042,4.7757573421703015,28.443868481838212,0,-2
