start_time,end_time,open,close,low,high,h_open,h_close,h_low,h_high,finish,atr_14,macd_13_34,st_signal,av2_open,av2_close,histo2,qqe,ema_h200,ema_200,fastk,fastd,xo_signal,macd_hists
2023-06-13 00:00:00,2023-06-13 00:00:59,0.2529,0.253,0.2525,0.2531,0.2527718384577299,0.25287499999999996,0.2525,0.2531,True,0.0004227440904968012,5.346952268996179e-05,0,0.25251896687176095,0.25253000650473734,8.730222693322098,8.730222693322098,0.25287101912630383,0.25287758903449137,55.436016350252885,57.98703042685514,0,2
2023-06-13 00:01:00,2023-06-13 00:01:59,0.2529,0.2519,0.2517,0.253,0.2528234192288649,0.252375,0.2517,0.253,True,0.0004854052268898885,-1.892082806925718e-05,0,0.2525244866882492,0.25253420362640633,-0.6612876295716461,-0.0,0.25286608361260926,0.2528678617804168,42.21016000824111,51.67160357198105,0,1
2023-06-13 00:02:00,2023-06-13 00:02:59,0.252,0.252,0.2513,0.2521,0.2525992096144325,0.25185,0.2513,0.2525992096144325,True,0.000507876282112037,-5.857474413208902e-05,0,0.2525293451573277,0.2525328136853093,-5.692063745734444,-5.692063745734444,0.25285597332790666,0.25285922633981567,24.547593084885932,40.73125648112666,0,1
2023-06-13 00:03:00,2023-06-13 00:03:59,0.2519,0.2518,0.2514,0.2521,0.25222460480721626,0.2518,0.2514,0.25222460480721626,True,0.0005215994048183185,-9.575896945925391e-05,0,0.2525310794213185,0.2525266914937059,-10.337252279284641,-10.337252279284641,0.25284546613061404,0.2528486867742454,3.637274417090488,23.465009170072523,-1,-2
2023-06-13 00:04:00,2023-06-13 00:04:59,0.2517,0.2516,0.2515,0.252,0.25201230240360817,0.2517,0.2515,0.25201230240360817,True,0.0005200565901884387,-0.00012952062711738829,0,0.25252888545751223,0.25251619946639753,-14.644095949763553,-14.644095949763553,0.2528340684576726,0.252836262030223,-3.552713678800501e-15,9.394955833992153,0,-2
2023-06-13 00:05:00,2023-06-13 00:05:59,0.2516,0.2513,0.2511,0.2517,0.25185615120180405,0.251425,0.2511,0.25185615120180405,True,0.0005257668337464067,-0.00016619934108626618,0,0.2525225424619549,0.25250045223071976,-19.09355071180438,-19.09355071180438,0.2528200478760042,0.25282097584086755,-3.552713678800501e-15,1.2124248056968412,0,-2
2023-06-13 00:06:00,2023-06-13 00:06:59,0.2514,0.2513,0.2511,0.2515,0.25164057560090203,0.251325,0.2511,0.25164057560090203,True,0.000516783488478807,-0.0001822744474206193,0,0.2525114973463373,0.252479989468972,-22.059853886498264,-22.059853886498264,0.2528051717777355,0.2528058417528987,-3.552713678800501e-15,1.0658141036401503e-14,0,-2
2023-06-13 00:07:00,2023-06-13 00:07:59,0.2513,0.2518,0.2512,0.2518,0.251482787800451,0.251525,0.2512,0.2518,True,0.0005227275250160383,-0.00014972364600816665,0,0.2524957434076547,0.25245732674938687,-16.28481458528958,-16.28481458528958,0.2527924337500963,0.252795833377248,6.218895512007563,2.0729651706691996,0,-1
2023-06-13 00:08:00,2023-06-13 00:08:59,0.2518,0.2522,0.2518,0.2522,0.25150389390022554,0.252,0.2518,0.2522,True,0.0005139612732291753,-9.380886733060146e-05,0,0.2524765350785208,0.25243634648302815,-8.37416007140262,-8.37416007140262,0.25278454883716,0.2527899046869271,24.728565031298015,10.315820181101872,0,-1
2023-06-13 00:09:00,2023-06-13 00:09:59,0.2521,0.252,0.252,0.2522,0.25175194695011277,0.252075,0.252,0.2522,True,0.0004915354679985184,-6.628872138659059e-05,0,0.2524564407807745,0.2524173493506255,-5.356260614780929,-5.356260614780929,0.2527774886497256,0.25278204493879847,44.9393992474722,25.295619930259274,0,-1
2023-06-13 00:10:00,2023-06-13 00:10:59,0.2521,0.2521,0.252,0.2526,0.2519134734750564,0.2522,0.252,0.2526,True,0.000499282934570052,-3.768251806231254e-05,0,0.2524368950657,0.2524009015269971,-2.258994916386108,-0.0,0.2527717424940069,0.2527752584219945,61.76468623655844,43.810883505109565,0,-1
2023-06-13 00:11:00,2023-06-13 00:11:59,0.2521,0.2523,0.2521,0.2523,0.25205673673752815,0.2522,0.2521,0.2523,True,0.00047790558210076493,-2.739840208676507e-06,0,0.25241889829634856,0.25238657364165684,1.9059442213192526,0.0,0.252766053513967,0.25277052948247214,67.32998961528084,58.01135836643717,0,-1
2023-06-13 00:12:00,2023-06-13 00:12:59,0.2523,0.252,0.2518,0.2523,0.25212836836876407,0.2521,0.2518,0.2523,True,0.00047948375480785316,4.494664006581884e-07,0,0.2524027359690027,0.2523733269968235,0.7159849638426792,0.0,0.2527594261158181,0.25276286252244756,68.63806733498377,65.91091439560769,0,-1
2023-06-13 00:13:00,2023-06-13 00:13:59,0.252,0.252,0.2519,0.252,0.25211418418438203,0.251975,0.2519,0.25211418418438203,True,0.00045237777232157714,3.5367478493899195e-06,0,0.2523880314829131,0.2523601648733831,-0.07732120780836738,-0.0,0.2527516208808348,0.2527552718505824,63.98683735918976,66.6516314364848,0,-1
2023-06-13 00:14:00,2023-06-13 00:14:59,0.2521,0.252,0.2519,0.2522,0.252044592092191,0.25205,0.2519,0.2522,True,0.0004414936457271764,6.413679989834603e-06,0,0.2523740981781481,0.25234767418015375,-0.6061919889090674,-0.0,0.25274463957853793,0.25274775670779054,68.4080080084701,67.01097090088122,0,-1
2023-06-13 00:15:00,2023-06-13 00:15:59,0.2521,0.2523,0.2518,0.2524,0.2520472960460955,0.25215,0.2518,0.2524,True,0.00045281552817523447,2.9586403738564944e-05,0,0.2523608861791509,0.25233648391443697,3.4239519725675294,3.4239519725675294,0.2527387227668112,0.2527433014171658,79.40378536804654,70.59954357856883,0,-1
2023-06-13 00:16:00,2023-06-13 00:16:59,0.2524,0.2522,0.2522,0.2525,0.2520986480230477,0.25232499999999997,0.2522,0.2525,True,0.0004419001333055765,3.736369429558625e-05,0,0.2523486850467939,0.2523275949476758,4.217156488983413,4.217156488983413,0.2527346061223653,0.25273789543291536,94.34416617608008,80.71865318419893,0,2
2023-06-13 00:17:00,2023-06-13 00:17:59,0.2522,0.2521,0.252,0.2522,0.25221182401152387,0.252125,0.252,0.25221182401152387,True,0.00042462155235517665,3.47771795814977e-05,0,0.25233813999723487,0.25231920658483864,2.8894616065914605,0.0,0.25272854038980447,0.2527315482146774,92.32559943833292,88.69118366081987,0,2
2023-06-13 00:18:00,2023-06-13 00:18:59,0.252,0.2521,0.2518,0.2523,0.2521684120057619,0.25205,0.2518,0.2523,True,0.0004300057271869498,3.240664052075101e-05,0,0.25232867329103675,0.2523107553243213,2.0043316849968207,0.0,0.25272178874413476,0.2527252641528398,83.84928902003486,90.17301821148264,0,2
2023-06-13 00:19:00,2023-06-13 00:19:59,0.2521,0.2528,0.2521,0.2529,0.25210920600288095,0.252475,0.2521,0.2529,True,0.00045643388953074075,7.822925989657106e-05,0,0.252319714307679,0.2523052284806253,9.733530792491827,9.733530792491827,0.2527193331347404,0.25272600779311005,83.84928902003486,86.67472582613424,1,2
2023-06-13 00:20:00,2023-06-13 00:20:59,0.2527,0.2525,0.2523,0.2528,0.25229210300144045,0.252575,0.2523,0.2528,True,0.0004595457545642593,8.445373959589856e-05,0,0.2523124713941522,0.25230272807723086,9.747341072020134,9.747341072020134,0.25271789698414593,0.2527237589593478,90.70504554382217,86.13454119463064,0,2
2023-06-13 00:21:00,2023-06-13 00:21:59,0.2525,0.2524,0.2522,0.2525,0.2524335515007202,0.2524,0.2522,0.2525,True,0.00044814962923824236,7.837374542878515e-05,0,0.25230759973569156,0.2523014268808896,8.246283785886405,8.246283785886405,0.2527147338300748,0.2527205374771652,88.63246224272267,87.72893226885992,0,2
2023-06-13 00:22:00,2023-06-13 00:22:59,0.2525,0.2524,0.2522,0.2526,0.25241677575036015,0.252425,0.2522,0.2526,True,0.00044471037000694014,7.13406972911036e-05,0,0.25230451330829057,0.2523012502828721,7.245578928463921,7.245578928463921,0.2527118509063925,0.2527173480495317,78.62537081043273,85.98762619899254,0,2
2023-06-13 00:23:00,2023-06-13 00:23:59,0.2524,0.2515,0.2515,0.2524,0.2524208878751801,0.25195,0.2515,0.2524208878751801,True,0.00047723105786358816,2.176479772509326e-06,0,0.25230288179558136,0.25229870129552817,-2.546873033799578,-0.0,0.25270427030035875,0.252705235133616,45.29203747709939,70.8499568434183,-1,1
2023-06-13 00:24:00,2023-06-13 00:24:59,0.2514,0.2518,0.2511,0.2518,0.25218544393759,0.251525,0.2511,0.25218544393759,True,0.0004931431251590485,-2.1769947661018486e-05,0,0.25230079154555474,0.25229138604617485,-5.0976551203568405,-5.0976551203568405,0.25269253626751936,0.25269622781885365,23.32624190104339,49.0812167295252,0,-2
2023-06-13 00:25:00,2023-06-13 00:25:59,0.2517,0.2521,0.2516,0.2521,0.251855221968795,0.251875,0.2516,0.2521,True,0.0004936329019334022,-1.5371001093285143e-05,0,0.2522960887958648,0.25228276984782516,-3.474527582379295,-3.474527582379295,0.2526844015782903,0.2526902952037407,11.928018166426467,26.84876584818978,0,2
2023-06-13 00:26:00,2023-06-13 00:26:59,0.2522,0.2524,0.2521,0.2524,0.2518651109843975,0.25227499999999997,0.2521,0.2524,True,0.00047980198036673226,1.0384954576453528e-05,0,0.25228942932184495,0.25227593294485123,0.38357299426049707,0.0,0.25268032793074513,0.2526874066942507,35.146217694717706,23.466825920729217,0,2
2023-06-13 00:27:00,2023-06-13 00:27:59,0.2524,0.253,0.2524,0.2532,0.25207005549219874,0.25275000000000003,0.2524,0.2532,True,0.0005026732674833919,6.805389288935714e-05,0,0.25228268113334806,0.2522738028072107,6.931361826383437,6.931361826383437,0.25268102118516556,0.25269051707540247,68.47955102805103,38.517928963065096,1,2
2023-06-13 00:28:00,2023-06-13 00:28:59,0.2531,0.2531,0.253,0.2533,0.2524100277460994,0.253125,0.253,0.2533,True,0.0004881966055202941,0.00010936951108819679,0,0.2522782419702793,0.2522779658528267,11.834717535590634,11.834717535590634,0.25268543888481565,0.2526945915323636,89.88486619495791,64.50354497257558,0,2
2023-06-13 00:29:00,2023-06-13 00:29:59,0.2531,0.2531,0.253,0.2533,0.2527675138730497,0.253125,0.253,0.2533,True,0.00047475399084027475,0.00013122151495776826,0,0.252278103911553,0.25228705500295784,15.103621341728768,15.103621341728768,0.2526898126272553,0.25269862544746446,100.0,86.12147240766967,0,2
2023-06-13 00:30:00,2023-06-13 00:30:59,0.2531,0.253,0.253,0.2535,0.25294625693652484,0.25315,0.253,0.2535,True,0.0004765572772088266,0.0001324372038954719,0,0.25228257945725535,0.2523001316751677,15.563929378151258,15.563929378151258,0.2526943916060886,0.252701624199231,100.0,96.62828873165266,0,2
2023-06-13 00:31:00,2023-06-13 00:31:59,0.253,0.2539,0.253,0.2539,0.2530481284682624,0.25345,0.253,0.2539,True,0.0005068031859796256,0.00018861150611855452,1,0.2522913555662115,0.2523183163507143,20.757150752120623,20.757150752120623,0.2527019100975703,0.2527135483365521,100.0,100.00000000000001,0,2
2023-06-13 00:32:00,2023-06-13 00:32:59,0.2539,0.2537,0.2536,0.2539,0.2532490642341312,0.25377500000000003,0.2536,0.2539,True,0.0004920315298382254,0.00020205961412736966,0,0.25230483595846287,0.2523426276726234,21.39408608210745,21.39408608210745,0.25271258760903725,0.25272336377598936,100.0,100.00000000000001,0,2
2023-06-13 00:33:00,2023-06-13 00:33:59,0.2537,0.2534,0.2533,0.2538,0.25351203211706563,0.25355,0.2533,0.2538,True,0.0004926007062783521,0.00018009310092275543,0,0.25232373181554313,0.25237005200549784,17.98525194705485,17.98525194705485,0.2527209200706389,0.2527300964747357,95.0016083993263,98.33386946644212,0,1
2023-06-13 00:34:00,2023-06-13 00:34:59,0.2534,0.2538,0.2534,0.2539,0.2535310160585328,0.25362500000000004,0.2534,0.2539,True,0.0004931292272584699,0.00018392217304334375,0,0.25234689191052045,0.2524002536534693,18.328086903901763,18.328086903901763,0.25272991589083155,0.2527407422809572,90.86499695806846,95.28886845246494,0,2
2023-06-13 00:35:00,2023-06-13 00:35:59,0.2537,0.2537,0.2535,0.2539,0.25357800802926644,0.2537,0.2535,0.2539,True,0.0004864771395971514,0.000169670967829103,0,0.25237357278199485,0.2524329492654848,17.24189979859331,17.24189979859331,0.2527395684690322,0.25275028713388303,87.61073765225707,91.15911433655062,0,2
2023-06-13 00:36:00,2023-06-13 00:36:59,0.2538,0.2536,0.2535,0.2538,0.25363900401463324,0.25367500000000004,0.2535,0.2538,True,0.0004731573439116422,0.00014409314604501937,0,0.25240326102373983,0.2524672125396755,15.12571934906326,15.12571934906326,0.2527488762454598,0.25275874198827225,88.73094911976908,89.06889457669821,0,1
2023-06-13 00:37:00,2023-06-13 00:37:59,0.2535,0.2537,0.2534,0.2537,0.25365700200731667,0.253575,0.2534,0.2537,True,0.0004607889622036654,0.00012581974351215516,0,0.25243523678170765,0.25250178885647623,14.647088278936366,14.647088278936366,0.25275709638232086,0.2527681077396327,86.42645498019685,87.58938058407436,0,1
2023-06-13 00:38:00,2023-06-13 00:38:59,0.2536,0.2545,0.2536,0.2547,0.25361600100365833,0.2541,0.2536,0.2547,True,0.0005064468934748315,0.00016088389012151145,0,0.25246851281909194,0.25253997646194043,19.25469192147429,19.25469192147429,0.2527704586073724,0.2527853404984423,89.68071428600824,88.27937279532476,0,2
2023-06-13 00:39:00,2023-06-13 00:39:59,0.2544,0.2545,0.2544,0.2548,0.25385800050182916,0.254525,0.2544,0.2548,True,0.0004988435439409158,0.00017373827597733625,0,0.2525042446405162,0.252583661204754,22.32642768316623,22.32642768316623,0.2527879167306821,0.252802401787015,93.55889441916993,89.88868789512503,0,2
2023-06-13 00:40:00,2023-06-13 00:40:59,0.2544,0.2536,0.2536,0.2546,0.2541915002509146,0.25405,0.2536,0.2546,True,0.0005346404336594218,0.00010965829588141388,0,0.2525439529226351,0.2526281151535231,13.98011709555449,13.98011709555449,0.2528004747731629,0.25281033808764175,77.92373610931998,87.0544482714994,0,1
2023-06-13 00:41:00,2023-06-13 00:41:59,0.2536,0.2536,0.2531,0.2537,0.2541207501254573,0.2535,0.2531,0.2541207501254573,True,0.0005393089741123195,6.0250205156741124e-05,0,0.2525860340380791,0.25266909611728117,8.41591003714666,8.41591003714666,0.2528074352231812,0.25281819542010303,44.59040277598664,72.02434443482552,0,1
2023-06-13 00:42:00,2023-06-13 00:42:59,0.2537,0.2542,0.2537,0.2542,0.25381037506272863,0.25395,0.2537,0.2542,True,0.0005436440473900102,6.359075195166237e-05,0,0.25262756507768014,0.25271014908108186,9.558473058814435,9.558473058814435,0.2528188040269307,0.2528319447194055,20.0753198525171,47.52981957927458,0,2
2023-06-13 00:43:00,2023-06-13 00:43:59,0.2542,0.2544,0.2542,0.2544,0.2538801875313643,0.25429999999999997,0.2542,0.2544,True,0.0005190980440050119,7.335253085919932e-05,0,0.252668857079381,0.2527533784362452,11.585314343302123,11.585314343302123,0.25283354229531946,0.2528475472595109,23.605811965531746,29.423844864678504,0,2
2023-06-13 00:44:00,2023-06-13 00:44:59,0.2544,0.2543,0.2542,0.2544,0.25409009376568215,0.254325,0.2542,0.2544,True,0.0004963053265760849,6.613636113942127e-05,0,0.25271111775781313,0.2527981962068712,11.7042703829284,11.7042703829284,0.2528483826704904,0.2528619995255854,38.80960129956109,27.496911039203322,0,1
2023-06-13 00:45:00,2023-06-13 00:45:59,0.2543,0.2541,0.254,0.2544,0.2542075468828411,0.2542,0.254,0.2544,True,0.0004894263746777939,4.130229860293221e-05,0,0.2527546569823422,0.25284309941766003,9.32500936868938,9.32500936868938,0.2528618315991423,0.25287431793826615,41.44280598876992,34.61940641795426,0,1
2023-06-13 00:46:00,2023-06-13 00:46:59,0.2541,0.2535,0.2533,0.2541,0.25420377344142053,0.25375000000000003,0.2533,0.25420377344142053,True,0.0005116102050579492,-2.1303275989532954e-05,0,0.2527988782000011,0.25288467433375167,2.281344551284306,0.0,0.25287066909566824,0.2528805436304227,26.655244433101974,35.63588390714434,0,1
2023-06-13 00:47:00,2023-06-13 00:47:59,0.2535,0.2535,0.2535,0.2536,0.2539768867207103,0.253525,0.2535,0.2539768867207103,True,0.0004822094761252377,-6.434078886265681e-05,0,0.2528417762668764,0.2529217998726042,-2.414431993652414,-0.0,0.2528771798509352,0.25288670737539365,11.45145509907263,26.516501840314856,0,1
2023-06-13 00:48:00,2023-06-13 00:48:59,0.2534,0.2536,0.2532,0.2539,0.25375094336035514,0.253525,0.2532,0.2539,True,0.0004977659421162945,-8.583246527248795e-05,0,0.25288178806974027,0.2529551676647876,-4.161034414310649,-4.161034414310649,0.2528836258225677,0.25289380481444446,4.736951571734001e-15,12.70223317739155,0,1
2023-06-13 00:49:00,2023-06-13 00:49:59,0.2536,0.2533,0.2533,0.2536,0.25363797168017754,0.25345,0.2533,0.25363797168017754,True,0.0004836398033936997,-0.00011971760322357345,0,0.2529184778672639,0.2529848334382919,-8.074157367839476,-8.074157367839476,0.25288926138652223,0.2528978465575843,4.736951571734001e-15,3.8171516996908945,0,1
2023-06-13 00:50:00,2023-06-13 00:50:59,0.2533,0.2533,0.2531,0.2534,0.25354398584008875,0.25327500000000003,0.2531,0.25354398584008875,True,0.0004705226745798656,-0.00013932723402925161,0,0.2529516556527779,0.25301018036159434,-10.68290600352536,-10.68290600352536,0.2528930995816812,0.2529018480843745,4.736951571734001e-15,1.934255225124717e-14,0,1
2023-06-13 00:51:00,2023-06-13 00:51:59,0.2533,0.2535,0.2533,0.2539,0.2534094929200444,0.2535,0.2533,0.2539,True,0.0004797710549670173,-0.00013488512130720653,0,0.2529809180071861,0.25303349685619025,-8.96228304504595,-8.96228304504595,0.2528991383918137,0.252907799844729,4.505868302682832,1.5019561008942952,0,-2
2023-06-13 00:52:00,2023-06-13 00:52:59,0.2536,0.2535,0.2534,0.2539,0.2534547464600222,0.2536,0.2534,0.2539,True,0.00048121597961223037,-0.00012858632702030085,0,0.25300720743168814,0.2530557409103837,-7.815201072726346,-7.815201072726346,0.25290611213915887,0.2529136923835874,10.953911232713963,5.153259845132282,0,-2
2023-06-13 00:53:00,2023-06-13 00:53:59,0.2535,0.2534,0.2534,0.2537,0.25352737323001107,0.2535,0.2534,0.2537,True,0.0004682719810684973,-0.00012801714027005454,0,0.2530314741710359,0.2530763019004922,-8.560550221045133,-8.560550221045133,0.25291202147110753,0.25291853126534275,17.84668212058642,11.102153885327752,0,-2
2023-06-13 00:54:00,2023-06-13 00:54:59,0.2534,0.2533,0.2533,0.2536,0.2535136866150055,0.2534,0.2533,0.2536,True,0.00045625255384931654,-0.00013096886793597734,0,0.253053888035764,0.2530947106258058,-10.50771914230107,-10.50771914230107,0.25291687697885773,0.2529223269741453,16.87683337683332,15.225808910044583,0,-2
2023-06-13 00:55:00,2023-06-13 00:55:59,0.2535,0.2528,0.2527,0.2536,0.25345684330750273,0.25315,0.2527,0.2536,True,0.00048794880000293763,-0.00016327919271216963,0,0.2530742993307849,0.2531095832886115,-16.49535137462719,-16.49535137462719,0.2529191966109089,0.25292110979032295,10.428790446802187,15.05076864807399,-1,-2
2023-06-13 00:56:00,2023-06-13 00:56:59,0.2528,0.2531,0.2525,0.2531,0.25330342165375136,0.25287499999999996,0.2525,0.25330342165375136,True,0.0004959524571455842,-0.00015799636047873067,0,0.2530919413096982,0.2531196831498008,-14.692921905514346,-14.692921905514346,0.2529187568436362,0.2529228897924093,3.5360195589297354,10.28054779418843,0,-2
2023-06-13 00:57:00,2023-06-13 00:57:59,0.2532,0.2535,0.2532,0.2535,0.25308921082687563,0.25334999999999996,0.2532,0.2535,True,0.0004890987102066147,-0.00012153049371488862,0,0.2531058122297495,0.2531292150600696,-8.162788876241109,-8.162788876241109,0.25292304782031644,0.2529286321825346,12.569307063195454,8.844705689642474,0,-1
2023-06-13 00:58:00,2023-06-13 00:58:59,0.2536,0.2534,0.2533,0.2536,0.2532196054134378,0.253475,0.2533,0.2536,True,0.00047559165947756845,-0.00010062838069511577,0,0.25311751364490953,0.25313909205247626,-5.141358673288799,-5.141358673288799,0.2529285398818058,0.25293332240957406,29.694671054733874,15.266665892286369,0,-1
2023-06-13 00:59:00,2023-06-13 00:59:59,0.2534,0.2536,0.2534,0.2536,0.2533473027067189,0.2535,0.2534,0.2536,True,0.00045590654094345486,-6.999145332436637e-05,0,0.25312830284869287,0.2531493444903918,-0.6931685515050461,-0.0,0.2529342260521361,0.252939956017439,56.99566533418487,33.08654781737141,1,-1
2023-06-13 01:00:00,2023-06-13 01:00:59,0.2537,0.253,0.253,0.2537,0.2534236513533594,0.25334999999999996,0.253,0.2537,True,0.00047334178801892085,-8.917907708236609e-05,0,0.2531388236695423,0.25315879301704985,-4.492740034422624,-4.492740034422624,0.2529383631063437,0.2529405534700018,68.32393149176437,51.67142262689438,-1,-2
2023-06-13 01:01:00,2023-06-13 01:01:59,0.253,0.2528,0.2528,0.2531,0.2533868256766797,0.252925,0.2528,0.2533868256766797,True,0.00046096023173185273,-0.00011214414331639742,0,0.2531488083432961,0.25316462783980775,-8.572499247192496,-8.572499247192496,0.2529382301401114,0.2529391549280118,56.13779361514611,60.485796813698464,0,-2
2023-06-13 01:02:00,2023-06-13 01:02:59,0.2527,0.2533,0.2525,0.2533,0.2531559128383398,0.25295,0.2525,0.2533,True,0.000485177358036722,-8.833726466184382e-05,0,0.25315671809155194,0.25316774906156875,-5.317914932334233,-5.317914932334233,0.2529383472531451,0.2529427454262405,35.18155014139925,53.214425082769914,0,-1
2023-06-13 01:03:00,2023-06-13 01:03:59,0.2534,0.2534,0.2533,0.2536,0.2530529564191699,0.253425,0.2533,0.2536,True,0.0004719504038912395,-6.264411943175552e-05,0,0.25316223357656037,0.2531719714364264,-2.1629542294778545,-0.0,0.2529431895690342,0.25294729522299436,41.867622844442124,44.3956555336625,0,-1
2023-06-13 01:04:00,2023-06-13 01:04:59,0.2533,0.2539,0.2533,0.2539,0.25323897820958496,0.25360000000000005,0.2533,0.2539,True,0.0004810968036132931,-9.354167361596131e-06,0,0.2531671025064934,0.2531782324729855,4.013760230784719,0.0,0.252949724996208,0.25295677487251683,70.26173006285529,49.10363434956556,1,-1
2023-06-13 01:05:00,2023-06-13 01:05:59,0.254,0.253,0.2529,0.254,0.2534194891047925,0.253475,0.2529,0.254,True,0.0005253041747837714,-3.659937285212777e-05,0,0.25317266748973943,0.25318519797193695,0.04927102491114965,0.0,0.25295495161316117,0.25295720497328783,91.75385680260057,67.96106990329933,-1,-2
2023-06-13 01:06:00,2023-06-13 01:06:59,0.2529,0.2528,0.2527,0.2532,0.25344724455239626,0.2529,0.2527,0.25344724455239626,True,0.0005234967337277878,-6.663001486539181e-05,0,0.2531789327308382,0.2531887251968614,-3.8401482082015903,-3.8401482082015903,0.25295440483094067,0.2529556407446979,67.34587714645237,76.45382133730276,0,-2
2023-06-13 01:07:00,2023-06-13 01:07:59,0.2528,0.2535,0.2528,0.2535,0.2531736222761981,0.25315,0.2528,0.2535,True,0.0005361041098900871,-3.529014290770135e-05,0,0.2531838289638498,0.2531912365098166,-0.8546532208466644,-0.0,0.2529563510515283,0.2529610572547009,50.526208766738335,69.8753142385971,0,-1
2023-06-13 01:08:00,2023-06-13 01:08:59,0.2535,0.2533,0.2531,0.2535,0.25316181113809905,0.25335,0.2531,0.2535,True,0.0005263823877550817,-2.733612042499895e-05,0,0.2531875327368332,0.25319430297054935,-0.4293612010257988,-0.0,0.25296026795648824,0.25296442981933076,46.95941267389128,54.94383286236067,0,-1
2023-06-13 01:09:00,2023-06-13 01:09:59,0.2533,0.2534,0.2532,0.2534,0.25325590556904953,0.253325,0.2532,0.2534,True,0.0005030693600582925,-1.424282592581965e-05,0,0.25319091785369124,0.2531976139372631,0.6577722834613908,0.0,0.25296389713105055,0.2529687638509792,64.06609590789915,53.850572449509606,0,-1
2023-06-13 01:10:00,2023-06-13 01:10:59,0.2534,0.2533,0.2533,0.2534,0.2532904527845248,0.25335,0.2533,0.2534,True,0.0004742786914826994,-1.2105729066331642e-05,0,0.25319426589547717,0.2532012662150891,0.4115801001694521,0.0,0.25296773895064206,0.25297205973305903,70.55020461857991,60.5252377334568,0,-1
2023-06-13 01:11:00,2023-06-13 01:11:59,0.2533,0.253,0.253,0.2533,0.25332022639226237,0.25315,0.253,0.25332022639226237,True,0.00046183021351965106,-3.084262192095533e-05,0,0.2531977660552831,0.25320378993835113,-2.5082795130439024,-0.0,0.25296955249342173,0.2529723377456654,59.55521316320566,64.72383789656159,0,-2
2023-06-13 01:12:00,2023-06-13 01:12:59,0.253,0.2527,0.2527,0.2531,0.2532351131961312,0.25287499999999996,0.2527,0.2532351131961312,True,0.0004574137696968197,-6.218358457365509e-05,0,0.2532007779968171,0.25320352103479005,-6.756631853497808,-6.756631853497808,0.25296861167259166,0.25296962791735034,37.36910927626901,55.82484235268487,0,-2
2023-06-13 01:13:00,2023-06-13 01:13:59,0.2527,0.2523,0.2523,0.2528,0.2530550565980656,0.252525,0.2523,0.2530550565980656,True,0.00046045564328990406,-0.00010702193756521701,-1,0.25320214951580355,0.2531986539492434,-12.01705125873437,-12.01705125873437,0.25296419762609823,0.2529629649529986,14.371335611968954,37.09855268381455,0,-2
2023-06-13 01:14:00,2023-06-13 01:14:59,0.2523,0.253,0.2523,0.253,0.2527900282990328,0.25265000000000004,0.2523,0.253,True,0.0004775659544834808,-8.297031493123971e-05,0,0.25320040173252345,0.2531910577089983,-8.132849121874727,-8.132849121874727,0.2529610712815599,0.2529633334609289,6.376804979918169,19.37241662271872,0,-1
2023-06-13 01:15:00,2023-06-13 01:15:59,0.253,0.2529,0.2526,0.2531,0.2527200141495164,0.2529,0.2526,0.2531,True,0.00047916838630608936,-7.018076406833164e-05,0,0.2531957297207609,0.25318308017021873,-6.367217947500258,-6.367217947500258,0.25296046360711655,0.2529627032772381,20.574891049431695,13.774343880439616,0,-1
2023-06-13 01:16:00,2023-06-13 01:16:59,0.2529,0.2525,0.2524,0.253,0.2528100070747582,0.25270000000000004,0.2524,0.253,True,0.0004877992158556537,-8.57035598274818e-05,0,0.2531894049454898,0.25317348495412834,-8.222812240682664,-8.222812240682664,0.2529578719294338,0.2529580992645292,29.745032308854245,18.898909446068046,0,-2
2023-06-13 01:17:00,2023-06-13 01:17:59,0.2525,0.2522,0.2522,0.2528,0.2527550035373791,0.252425,0.2522,0.2528,True,0.000495813557580253,-0.0001118371454954076,0,0.25318144494980904,0.25316079517024836,-11.336904288508862,-11.336904288508862,0.25295256972118074,0.25295055598826527,25.91344830886287,25.411123889049616,0,-2
2023-06-13 01:18:00,2023-06-13 01:18:59,0.2522,0.2523,0.2521,0.2523,0.25259000176868956,0.252225,0.2521,0.25259000176868956,True,0.00047468401775309447,-0.00011604642431027614,0,0.25317112006002873,0.2531443838641045,-12.154765573674183,-12.154765573674183,0.2529453302214675,0.25294408279435215,10.619116624608479,22.092532414108543,0,-2
2023-06-13 01:19:00,2023-06-13 01:19:59,0.2522,0.252,0.252,0.2522,0.25240750088434477,0.2521,0.252,0.25240750088434477,True,0.00046220658791358934,-0.00013313108744269508,0,0.25315775196206663,0.25312429754339016,-14.721008814144007,-14.721008814144007,0.2529369189754827,0.25293468893570187,1.4489753651859278,12.66051343288577,0,-2
2023-06-13 01:20:00,2023-06-13 01:20:59,0.252,0.2512,0.2509,0.252,0.25225375044217235,0.251525,0.2509,0.25225375044217235,True,0.0005077632602054751,-0.00019184137158105417,0,0.2531410247527284,0.25309751055988855,-19.93767700392629,-19.93767700392629,0.25292287003045305,0.252917428349277,-1.5395092608135503e-14,4.022697329931474,0,-2
2023-06-13 01:21:00,2023-06-13 01:21:59,0.2512,0.251,0.2503,0.2522,0.2518893752210862,0.251175,0.2503,0.2522,True,0.0006072087416193665,-0.00023337185446713356,0,0.2531192676563085,0.2530632305124326,-24.035387659518694,-24.035387659518694,0.2529054782888565,0.2528983494602295,-1.5395092608135503e-14,0.4829917883953097,0,-2
2023-06-13 01:22:00,2023-06-13 01:22:59,0.2509,0.2505,0.2499,0.2512,0.2515321876105431,0.250625,0.2499,0.2515321876105431,True,0.0006566938315036953,-0.0002821208493046691,0,0.25309124908437053,0.25301951273570533,-28.078150554360217,-28.078150554360217,0.25288278696259925,0.25287448528649586,-1.5395092608135503e-14,-4.687608326195105e-15,0,-2
2023-06-13 01:23:00,2023-06-13 01:23:59,0.2505,0.2494,0.2487,0.2516,0.25107859380527153,0.25005,0.2487,0.2516,True,0.0008169299863962876,-0.0003740303543878031,0,0.25305538091003793,0.2529647194072994,-32.47432472659518,-32.47432472659518,0.25285460002764804,0.2528399132935954,-1.5395092608135503e-14,-4.687608326195105e-15,0,-2
2023-06-13 01:24:00,2023-06-13 01:24:59,0.2495,0.2506,0.2493,0.251,0.25056429690263576,0.2501,0.2493,0.251,True,0.0008800064159394104,-0.0003313929538596509,0,0.2530100501586687,0.252901925212844,-25.49951512801166,-25.49951512801166,0.25282719107214907,0.25281762559913173,1.2585537647027378,0.4195179215675797,0,-1
2023-06-13 01:25:00,2023-06-13 01:25:59,0.2506,0.2507,0.2503,0.2508,0.2503321484513179,0.25060000000000004,0.2503,0.2508,True,0.0008528631005151669,-0.00027856871404755023,0,0.25295598768575633,0.2528366932469668,-20.20267808738143,-20.20267808738143,0.25280502996695353,0.25279655469764784,15.056794662147668,5.438449475616808,0,-1
2023-06-13 01:26:00,2023-06-13 01:26:59,0.2506,0.2508,0.2505,0.2509,0.250466074225659,0.25070000000000003,0.2505,0.2509,True,0.0008205157361926557,-0.00022107526529560064,0,0.25289634046636156,0.2527706756735097,-15.946991860667275,-15.946991860667275,0.25278408439514305,0.25277668848175083,31.146910034698948,15.82075282051646,0,-1
2023-06-13 01:27:00,2023-06-13 01:27:59,0.2509,0.2506,0.2506,0.2511,0.2505830371128295,0.2508,0.2506,0.2511,True,0.0007976217550360375,-0.0001833548579072543,0,0.2528335080699356,0.2527051786427878,-14.251508594291273,-14.251508594291273,0.25276434226185807,0.2527550298898926,48.31755741759567,31.507087371480775,0,-1
2023-06-13 01:28:00,2023-06-13 01:28:59,0.2507,0.2507,0.2506,0.2508,0.25069151855641475,0.25070000000000003,0.2506,0.2508,True,0.0007549344868191801,-0.00013924111292754494,0,0.2527693433563617,0.2526398547119602,-12.186871043942311,-12.186871043942311,0.2527438015428346,0.2527345818312867,51.751292631362055,43.73858669455223,0,-1
2023-06-13 01:29:00,2023-06-13 01:29:59,0.2507,0.2504,0.2504,0.2507,0.2506957592782074,0.25055,0.2504,0.2507,True,0.0007224391663320935,-0.00012017573560137228,0,0.2527045990341609,0.2525740860960122,-12.798782523234784,-12.798782523234784,0.2527219726717616,0.2527113521613237,53.054300918153764,51.0410503223705,0,-1
2023-06-13 01:30:00,2023-06-13 01:30:59,0.2505,0.251,0.2503,0.251,0.2506228796391037,0.25070000000000003,0.2503,0.251,True,0.0007208363687369424,-5.62504002861291e-05,0,0.2526393425650865,0.25250944777850926,-7.77613508963703,-0.0,0.2527018535406993,0.252694323781609,60.58370255528023,55.12976536826536,0,-1
2023-06-13 01:31:00,2023-06-13 01:31:59,0.2511,0.2505,0.2503,0.2512,0.25066143981955186,0.25077499999999997,0.2503,0.2512,True,0.000733633770970015,-4.1528580003067804e-05,0,0.25257439517179786,0.2524466574202796,-7.961968769708307,-0.0,0.25268268086865253,0.2526724897141303,76.11004834792577,63.249350607119936,0,-1
2023-06-13 01:32:00,2023-06-13 01:32:59,0.2505,0.25,0.2498,0.2506,0.25071821990977594,0.250225,0.2498,0.25071821990977594,True,0.0007383742159007278,-5.9211516341236246e-05,0,0.2525105262960387,0.25238197919710886,-10.804816854349447,-0.0,0.25265822633264606,0.2526458977766763,80.9392493104333,72.54433340454645,0,-2
2023-06-13 01:33:00,2023-06-13 01:33:59,0.2501,0.2498,0.2496,0.2501,0.25047160995488793,0.2499,0.2496,0.25047160995488793,True,0.000721347486193533,-7.638309162859497e-05,0,0.2524462527465738,0.25231402856036134,-13.659497009442866,-13.659497009442866,0.2526307812945103,0.25261758038586357,71.78989138772732,76.27972968202882,0,-2
2023-06-13 01:34:00,2023-06-13 01:34:59,0.2497,0.2499,0.2496,0.2501,0.25018580497744397,0.24982500000000002,0.2496,0.25018580497744397,True,0.0007055369514654236,-7.175695199656163e-05,0,0.2523801406534676,0.25224345316326263,-14.429317884411702,-14.429317884411702,0.2526028630726744,0.2525905397850092,54.64528210258453,69.1248076002484,0,-1
2023-06-13 01:35:00,2023-06-13 01:35:59,0.25,0.2502,0.2496,0.2503,0.250005402488722,0.250025,0.2496,0.2503,True,0.0007051414549321815,-3.941418669887531e-05,0,0.25231179690836514,0.25217266770885205,-11.644526175228485,-0.0,0.2525772126938418,0.25256675331948675,56.67478080358368,61.03665143129853,0,-1
2023-06-13 01:36:00,2023-06-13 01:36:59,0.2504,0.2499,0.2496,0.2504,0.250015201244361,0.250075,0.2496,0.2504,True,0.0007119170652941702,-3.1682406046703096e-05,0,0.2522422323086086,0.25210254559151096,-12.021222009866989,-0.0,0.2525523150550971,0.2525402184605864,66.26923243224397,59.19643177947074,0,-1
2023-06-13 01:37:00,2023-06-13 01:37:59,0.2498,0.25,0.2496,0.2502,0.2500451006221805,0.2499,0.2496,0.2502,True,0.0007039229892017287,-1.2729223731723638e-05,0,0.2521723889500598,0.2520322261503007,-11.069134241475659,-0.0,0.25252592386051903,0.2525149426550084,72.77268341391203,65.23889888324658,0,-1
2023-06-13 01:38:00,2023-06-13 01:38:59,0.2499,0.2505,0.2499,0.2509,0.24997255031109025,0.25029999999999997,0.2499,0.2509,True,0.0007250713471158909,4.0077332899252126e-05,0,0.2521023075501802,0.2519649782461553,-5.375575617924589,-0.0,0.25250377536439444,0.25249489347436155,81.8541934243957,73.63203642351725,0,-1
2023-06-13 01:39:00,2023-06-13 01:39:59,0.2505,0.2506,0.2501,0.2506,0.2501362751555451,0.25045,0.2501,0.2506,True,0.0007089948223218987,8.490622192024676e-05,0,0.25203364289816776,0.25190163913640007,-0.7295347600942748,-0.0,0.2524833397886293,0.25247603881292513,88.78383026704877,81.13690236845218,0,-1
2023-06-13 01:40:00,2023-06-13 01:40:59,0.2506,0.2506,0.2501,0.2506,0.25029313757777255,0.250475,0.2501,0.2506,True,0.0006940666207274775,0.00011556881372731093,0,0.2519676410172839,0.2518419835481955,2.3678258117926063,0.0,0.2524633563081454,0.2524573717600602,99.99999999999996,90.21267456381482,0,-1
2023-06-13 01:41:00,2023-06-13 01:41:59,0.2507,0.2509,0.2507,0.2513,0.2503840687888863,0.2509,0.2507,0.2513,True,0.00069449043353266,0.00015607851772187474,0,0.2519048122827397,0.2517885532751617,7.199895777575186,7.199895777575186,0.2524478005239848,0.2524418755236417,99.99999999999996,96.2612767556829,0,-1
2023-06-13 01:42:00,2023-06-13 01:42:59,0.2511,0.2515,0.251,0.2518,0.25064203439444316,0.25134999999999996,0.251,0.2518,True,0.000709169688280328,0.00022145248465306618,0,0.25184668277895067,0.2517434783035954,14.007628234094511,14.007628234094511,0.25243687713568647,0.2524325036278841,99.99999999999996,99.99999999999996,0,2
2023-06-13 01:43:00,2023-06-13 01:43:59,0.2516,0.2528,0.2516,0.2528,0.25099601719722153,0.2522,0.2516,0.2528,True,0.0007513718534031633,0.0003476052459477364,1,0.25179508054127303,0.2517111226858196,21.960541291197913,21.960541291197913,0.2524345201492617,0.25243616030820365,99.99999999999996,99.99999999999996,0,2
2023-06-13 01:44:00,2023-06-13 01:44:59,0.2529,0.2527,0.2524,0.2532,0.25159800859861076,0.2528,0.2524,0.2532,True,0.0007548452924457922,0.00041082183807734745,0,0.2517531016135463,0.2516931197367589,26.075063956780426,26.075063956780426,0.25243815676469195,0.2524387855787688,99.99999999999996,99.99999999999996,1,2
2023-06-13 01:45:00,2023-06-13 01:45:59,0.2528,0.2539,0.2528,0.2545,0.2521990042993054,0.2535,0.2528,0.2545,True,0.0008294992001282373,0.0005189821018624404,0,0.2517231106751526,0.25169134300851553,30.74662135798819,30.74662135798819,0.2524487223690234,0.25245332502574624,99.99999999999996,99.99999999999996,0,2
2023-06-13 01:46:00,2023-06-13 01:46:59,0.2539,0.255,0.2538,0.2553,0.25284950214965274,0.2545,0.2538,0.2553,True,0.0008773921144047918,0.0006436391895163129,0,0.25170722684183405,0.25170921455174405,34.814008494622485,34.814008494622485,0.25246913309171964,0.2524786650752413,99.99999999999996,99.99999999999996,0,2
2023-06-13 01:47:00,2023-06-13 01:47:59,0.2551,0.2551,0.2548,0.2555,0.2536747510748264,0.255125,0.2548,0.2555,True,0.0008647212490901623,0.0007037428619081901,0,0.25170822069678905,0.25174672086415384,37.59731491340409,37.59731491340409,0.2524955596281204,0.25250474800981604,99.99999999999996,99.99999999999996,0,2
2023-06-13 01:48:00,2023-06-13 01:48:59,0.2551,0.2553,0.2547,0.2555,0.25439987553741317,0.25515,0.2547,0.2555,True,0.0008600983027265809,0.0007251204178977615,0,0.2517274707804714,0.25179959996182016,39.608331506137176,39.608331506137176,0.25252197197012916,0.2525325614624547,99.99999999999996,99.99999999999996,0,2
2023-06-13 01:49:00,2023-06-13 01:49:59,0.2553,0.2547,0.2543,0.2556,0.2547749377687066,0.254975,0.2543,0.2556,True,0.0008915198525318227,0.0006644595325764064,0,0.25176353537114576,0.2518630186684781,34.79449558521617,34.79449558521617,0.25254638020923237,0.25255412801506705,98.16392835984176,99.38797611994723,0,2
2023-06-13 01:50:00,2023-06-13 01:50:59,0.2548,0.2542,0.2542,0.255,0.2548749688843533,0.25455,0.2542,0.255,True,0.0008849827202081227,0.0005592541444870984,0,0.25181327701981193,0.25193138421167205,27.458238682212055,27.458238682212055,0.25256631672456337,0.252570504850738,92.07673973096756,96.7468893636031,0,1
2023-06-13 01:51:00,2023-06-13 01:51:59,0.2543,0.2535,0.2532,0.2544,0.25471248444217665,0.25385,0.2532,0.25471248444217665,True,0.0009074839544789736,0.0004153455252661868,0,0.251872330615742,0.25199837262930386,18.031266525806785,18.031266525806785,0.25257908969247816,0.2525797535586909,77.56900604118546,89.2698913773316,0,1
2023-06-13 01:52:00,2023-06-13 01:52:59,0.2535,0.2531,0.2517,0.2535,0.25428124222108833,0.25295,0.2517,0.25428124222108833,True,0.00097123510058762,0.0002727685990659626,0,0.2519353516225229,0.2520576422573927,9.62554789933624,9.62554789933624,0.25258278034230425,0.25258493014019645,55.932629023957965,75.19279159870368,0,1
2023-06-13 01:53:00,2023-06-13 01:53:59,0.2531,0.2534,0.2529,0.2535,0.25361562111054414,0.253225,0.2529,0.25361562111054414,True,0.0009447183076885036,0.00018500872969450758,0,0.2519964969399578,0.2521123149679642,6.010030524258802,6.010030524258802,0.25258917058765445,0.2525930402880552,40.10719106113647,57.86960870875998,0,1
2023-06-13 01:54:00,2023-06-13 01:54:59,0.2533,0.2538,0.2531,0.2538,0.25342031055527203,0.25350000000000006,0.2531,0.2538,True,0.0009272384285678986,0.00014318509245727165,0,0.252054405953961,0.25216488017256194,6.041595828513522,6.041595828513522,0.25259823356688177,0.25260504983742776,29.682450002152763,41.90742336241575,0,1
2023-06-13 01:55:00,2023-06-13 01:55:59,0.2539,0.2534,0.2533,0.2541,0.25346015527763605,0.25367500000000004,0.2533,0.2541,True,0.0009181499693844749,7.784751702698831e-05,0,0.25210964306326145,0.2522166261557868,3.3231277359921663,0.0,0.25260894766074365,0.25261295978929416,26.543211272610108,32.11095077863313,0,1
2023-06-13 01:56:00,2023-06-13 01:56:59,0.2533,0.2543,0.253,0.2545,0.25356757763881804,0.25377500000000003,0.253,0.2545,True,0.0009597106858570125,8.925674369106187e-05,0,0.2521631346095241,0.2522680582341351,6.434123251654768,6.434123251654768,0.252620550171582,0.25262974625905243,22.77721022773113,26.334290500831347,0,2
2023-06-13 01:57:00,2023-06-13 01:57:59,0.2543,0.2542,0.2541,0.2546,0.25367128881940904,0.25429999999999997,0.2541,0.2546,True,0.0009268742082957973,8.105572244076955e-05,0,0.2522155964218296,0.25232249235253196,7.747623563095097,7.747623563095097,0.2526372611151484,0.25264537067438525,26.692804112031723,25.337741870791003,0,1
2023-06-13 01:58:00,2023-06-13 01:58:59,0.2541,0.2537,0.2537,0.2541,0.2539856444097045,0.2539,0.2537,0.2541,True,0.0008963831934175262,3.2983377415573395e-05,0,0.2522690443871808,0.25237617209684415,5.014828633695757,0.0,0.25264982568116684,0.25265586449852073,26.61105208235553,25.360355474039476,0,1
2023-06-13 01:59:00,2023-06-13 01:59:59,0.2537,0.2537,0.2536,0.2538,0.25394282220485226,0.2537,0.2536,0.25394282220485226,True,0.0008466415367448481,-4.476784922423068e-06,0,0.25232260824201247,0.25242751740430885,3.192965347429528,0.0,0.2526602751768766,0.25266625390649566,22.87868961494425,25.394181936443847,0,1
2023-06-13 02:00:00,2023-06-13 02:00:59,0.2536,0.2528,0.2527,0.2537,0.2538214111024261,0.2532,0.2527,0.2538214111024261,True,0.0008575957126916447,-9.510093812846823e-05,0,0.25237506282316063,0.25247324197808085,-3.262134167977244,-0.0,0.2526656455731266,0.25266758471339623,10.562237146076122,20.017326281125314,0,1
2023-06-13 02:01:00,2023-06-13 02:01:59,0.2527,0.253,0.2526,0.253,0.253510705551213,0.25282499999999997,0.2526,0.253510705551213,True,0.0008249103046422424,-0.00014044456110172984,0,0.2524241524006207,0.25251165469068637,-5.844819286679872,-0.0,0.2526672311893144,0.2526708923281883,3.9223432293473075,12.454423330122571,0,1
2023-06-13 02:02:00,2023-06-13 02:02:59,0.2531,0.2522,0.2522,0.2531,0.2531678527756065,0.25265,0.2522,0.2531678527756065,True,0.0008302738543106545,-0.00022281923033621773,0,0.2524679035456535,0.2525428464854088,-11.107361431007334,-11.107361431007334,0.25266705973469433,0.25266620683238544,-5.033011044967376e-14,4.828193458474471,0,1
2023-06-13 02:03:00,2023-06-13 02:03:59,0.2523,0.2523,0.252,0.2525,0.25290892638780327,0.252275,0.252,0.25290892638780327,True,0.0008066828647170363,-0.00026335907783211197,0,0.25250537501553116,0.2525655662930177,-13.678267031137288,-13.678267031137288,0.2526631586428068,0.25266256298330697,-5.033011044967376e-14,1.307447743115747,0,-2
2023-06-13 02:04:00,2023-06-13 02:04:59,0.2523,0.2533,0.2523,0.2533,0.25259196319390165,0.2528,0.2523,0.2533,True,0.0008204912315229624,-0.00021288701627912175,0,0.2525354706542744,0.2525850622218691,-8.045619198967472,-8.045619198967472,0.252664520248351,0.2526689056401895,8.982650549236732,2.9942168497455555,0,2
2023-06-13 02:05:00,2023-06-13 02:05:59,0.2532,0.2519,0.2517,0.2535,0.25269598159695084,0.252575,0.2517,0.2535,True,0.0008904561435570382,-0.00027006291993932573,0,0.2525602664380717,0.2526003424662179,-10.496195390122054,-10.496195390122054,0.2526636294996112,0.25266125483779955,14.600485540763984,7.861045363333567,0,-2
2023-06-13 02:06:00,2023-06-13 02:06:59,0.2519,0.2521,0.2516,0.2523,0.2526354907984754,0.251975,0.2516,0.2526354907984754,True,0.0008768521333029666,-0.00028411424229963085,0,0.2525803044521448,0.2526080821957054,-10.89661699560633,-10.89661699560633,0.2526567774647892,0.2526556702125478,14.600485540763984,12.727873876921578,-1,-2
2023-06-13 02:07:00,2023-06-13 02:07:59,0.2522,0.252,0.2518,0.2524,0.2523052453992377,0.2521,0.2518,0.2524,True,0.0008570769809241824,-0.0002897608955955399,0,0.2525941933239251,0.2526106897549712,-11.582732998662216,-11.582732998662216,0.2526512373905127,0.2526491461308309,7.728551206908321,12.309840762812108,0,-2
2023-06-13 02:08:00,2023-06-13 02:08:59,0.2519,0.252,0.2514,0.2523,0.25220262269961885,0.2519,0.2514,0.2523,True,0.0008601429108581703,-0.00028238992797595495,0,0.2526024415394481,0.25260786661720636,-12.040143667366145,-12.040143667366145,0.25264376239160213,0.25264268696534997,2.110716215381069,8.146584321017803,0,-2
2023-06-13 02:09:00,2023-06-13 02:09:59,0.252,0.2521,0.2518,0.2522,0.2520513113498094,0.252025,0.2518,0.2522,True,0.0008272755600825835,-0.00025961542370173194,0,0.25260515407832723,0.25260164485613795,-11.397774427138025,-11.397774427138025,0.2526376055518847,0.25263728709504796,4.3792209825921695,4.739496134960532,0,-2
2023-06-13 02:10:00,2023-06-13 02:10:59,0.252,0.2524,0.2517,0.2524,0.25203815567490473,0.252125,0.2517,0.2524,True,0.0008181844486481157,-0.00021376644257622485,0,0.2526033994672326,0.25259347612928557,-8.168382781004318,-8.168382781004318,0.25263250499912965,0.2526349260294256,6.396667736826572,4.295534978266615,0,-1
2023-06-13 02:11:00,2023-06-13 02:11:59,0.2523,0.2516,0.2516,0.2526,0.25208157783745233,0.252025,0.2516,0.2526,True,0.000831171273744679,-0.00023013719647970324,0,0.2525984377982591,0.25258314448238606,-10.990615210197333,-10.990615210197333,0.2526264601732677,0.25262462825798854,9.729093815979843,6.834994178466206,0,-2
2023-06-13 02:12:00,2023-06-13 02:12:59,0.2517,0.2523,0.2517,0.2525,0.25205328891872614,0.25205,0.2517,0.2525,True,0.0008360876113343456,-0.00018276702326912935,0,0.25259079114032257,0.25257135236599426,-7.429882122273838,-7.429882122273838,0.2526207242511456,0.25262139812606826,12.02256399402282,9.382775182276424,0,-1
2023-06-13 02:13:00,2023-06-13 02:13:59,0.2524,0.2521,0.252,0.2524,0.25205164445936307,0.252225,0.252,0.2524,True,0.0008049384962390359,-0.00015772910410411458,0,0.2525810717531584,0.25255969200426565,-6.33968408527425,-6.33968408527425,0.25261678669640786,0.25261621008501284,22.859715976267825,14.87045792875684,0,-1
2023-06-13 02:14:00,2023-06-13 02:14:59,0.2521,0.2524,0.2521,0.2526,0.2521383222296815,0.25229999999999997,0.2521,0.2526,True,0.0007831571750791048,-0.00011371059110226023,0,0.252570381878712,0.2525487299561516,-3.4029008695814724,-0.0,0.25261363458997593,0.25261405874088333,45.232256603605684,26.70484552463212,0,-1
2023-06-13 02:15:00,2023-06-13 02:15:59,0.2525,0.2516,0.2515,0.2525,0.2522191611148408,0.252025,0.2515,0.2525,True,0.0007986459482877403,-0.00013463980603031764,0,0.2525595559174318,0.25253650611411216,-6.368020674884534,-6.368020674884534,0.2526077775293792,0.2526039686041581,51.07075666959647,39.720909749823335,0,-2
2023-06-13 02:16:00,2023-06-13 02:16:59,0.2516,0.2516,0.2512,0.2519,0.25212208055742036,0.251575,0.2512,0.25212208055742036,True,0.0007915998091243328,-0.00014154307327463023,0,0.25254803101577195,0.25252028524283854,-8.344767211753236,-8.344767211753236,0.252597501136052,0.2525939788668033,36.10544171773594,44.13615166364605,0,-2
2023-06-13 02:17:00,2023-06-13 02:17:59,0.2516,0.2519,0.2516,0.252,0.2518485402787102,0.251775,0.2516,0.252,True,0.0007636283941868813,-0.00011826567406139068,0,0.25253415812930524,0.2525024009874595,-6.922724245571722,-6.922724245571722,0.25258931704514603,0.25258707360444704,20.966849416436077,36.04768260125618,0,-1
2023-06-13 02:18:00,2023-06-13 02:18:59,0.2519,0.2526,0.2519,0.2526,0.2518117701393551,0.25225,0.2519,0.2526,True,0.0007590835088878169,-4.8898999561748305e-05,0,0.2525182795583824,0.25248658884823344,-1.1117643785603732,-0.0,0.2525859407561396,0.2525872022252983,43.89970773852454,33.65733295756553,0,-1
2023-06-13 02:19:00,2023-06-13 02:19:59,0.2525,0.2521,0.2521,0.2525,0.2520308850696775,0.25229999999999997,0.2521,0.2525,True,0.0007405775439672586,-3.5054498998091376e-05,0,0.2525024342033079,0.2524728596418909,-1.0258277510919953,-0.0,0.2525830955744865,0.252582354441962,77.23304107185787,47.36653274227283,0,-1
2023-06-13 02:20:00,2023-06-13 02:20:59,0.252,0.2523,0.2516,0.2523,0.25216544253483875,0.25205,0.2516,0.2523,True,0.0007376791479695997,-9.67114152853799e-06,0,0.2524876469225994,0.2524591492743458,0.43320196577459313,0.0,0.2525777911409095,0.25257954494502705,89.95649505766471,70.36308128934904,0,-1
2023-06-13 02:21:00,2023-06-13 02:21:59,0.2523,0.2519,0.2519,0.2523,0.25210772126741937,0.2521,0.2519,0.2523,True,0.0007135592088289148,-1.909428831069188e-05,0,0.2524733980984726,0.2524458908595935,-1.5390376562370705,-0.0,0.25257303700020395,0.252572783303783,82.26111553846148,83.15021722266135,0,-2
2023-06-13 02:22:00,2023-06-13 02:22:59,0.2519,0.2524,0.2519,0.2525,0.2521038606337097,0.252175,0.2519,0.2525,True,0.0007054478367697058,1.1147634525399271e-05,0,0.252459644479033,0.25243359381703834,0.8260108212308594,0.0,0.2525690764330377,0.2525710640669295,78.22093772278998,83.47951610630538,0,-1
2023-06-13 02:23:00,2023-06-13 02:23:59,0.2523,0.2518,0.2517,0.2524,0.2521394303168548,0.25205,0.2517,0.2524,True,0.0007050587055718721,-9.77033315884934e-06,0,0.2524466191480357,0.25242128040743117,-1.721562261980715,-0.0,0.2525639114934055,0.2525633917876565,78.57102354450561,79.68435893525235,0,-2
2023-06-13 02:24:00,2023-06-13 02:24:59,0.2517,0.252,0.2517,0.2521,0.2520947151584274,0.251875,0.2517,0.2521,True,0.000683268798031025,-7.952467702839437e-06,0,0.2524339497777334,0.2524078379089073,-1.8708051961779049,-0.0,0.2525570566526751,0.2525577858992221,68.83212704389443,75.20802943706333,0,-1
2023-06-13 02:25:00,2023-06-13 02:25:59,0.252,0.2515,0.2514,0.2521,0.25198485757921374,0.25175000000000003,0.2514,0.2521,True,0.0006844638838859502,-3.9503824955022104e-05,-1,0.25242089384332034,0.2523927410676413,-5.111800383290145,-5.111800383290145,0.2525490262382206,0.25254726066639405,50.04132451482234,65.81482503440746,0,-2
2023-06-13 02:26:00,2023-06-13 02:26:59,0.2514,0.2519,0.2514,0.252,0.2518674287896069,0.25167500000000004,0.2514,0.252,True,0.0006784307493226672,-2.9434032889756324e-05,0,0.2524068174554808,0.2523759307513263,-4.006591884634041,-4.006591884634041,0.2525403294597309,0.2525408202617533,33.644464842327906,50.83930546701489,0,-1
2023-06-13 02:27:00,2023-06-13 02:27:59,0.2519,0.2522,0.2518,0.2523,0.25177121439480343,0.25205,0.2518,0.2523,True,0.0006656856957996196,2.8390591965045007e-07,0,0.25239137410340357,0.25236045963950143,-1.107591209225376,-0.0,0.25253545055963406,0.2525374290153677,46.965879275284244,43.55055621081149,0,-1
2023-06-13 02:28:00,2023-06-13 02:28:59,0.2521,0.2521,0.2517,0.2521,0.2519106071974017,0.252,0.2517,0.2521,True,0.0006538510032425039,1.3941663320905914e-05,0,0.2523759168714525,0.2523458059878966,-0.044566109216226835,-0.0,0.25253012269336905,0.2525330764878516,63.187137091061196,47.932493736224444,0,-1
2023-06-13 02:29:00,2023-06-13 02:29:59,0.252,0.2522,0.252,0.2524,0.2519553035987009,0.25215,0.252,0.2524,True,0.000635718788725183,3.0294340184237135e-05,0,0.2523608614296745,0.2523329256276252,1.5289629488348595,0.0,0.25252634037801214,0.25252976229394264,89.27741588417523,66.47681075017356,0,-1
2023-06-13 02:30:00,2023-06-13 02:30:59,0.2523,0.2522,0.2518,0.2526,0.25205265179935044,0.252225,0.2518,0.2526,True,0.0006474531609590962,4.074856015459812e-05,0,0.25234689352864986,0.25232204434482064,2.5779823208689194,0.0,0.2525233419662906,0.2525264810770875,93.3902774710333,81.95161014875657,0,-1
2023-06-13 02:31:00,2023-06-13 02:31:59,0.2523,0.252,0.2519,0.2524,0.2521388258996752,0.25215,0.2519,0.2524,True,0.0006369207923191608,3.313906006139475e-05,0,0.2523344689367352,0.25231229702717645,0.818713722994211,0.0,0.2525196271208549,0.252521242459405,95.35710481701086,92.67493272407313,0,-2
2023-06-13 02:32:00,2023-06-13 02:32:59,0.252,0.2517,0.2516,0.252,0.2521444129498376,0.251825,0.2516,0.2521444129498376,True,0.0006199978785820787,7.28121555562672e-06,0,0.25232338298195583,0.25230127951961656,-3.4346238552118464,-3.4346238552118464,0.2525127154082096,0.25251307089264474,72.15620834679888,86.96786354494766,0,-2
2023-06-13 02:33:00,2023-06-13 02:33:59,0.2518,0.2525,0.2518,0.2525,0.2519847064749188,0.25215,0.2518,0.2525,True,0.0006328551729690747,4.6202905941261586e-05,0,0.25231233125078617,0.25229156742004805,1.6726811983127945,0.0,0.25250910629967016,0.25251294083401143,69.00669565083929,78.84000293821633,0,-1
2023-06-13 02:34:00,2023-06-13 02:34:59,0.2527,0.2525,0.2525,0.2528,0.2520673532374594,0.252625,0.2525,0.2528,True,0.0006090798034712853,7.032646804190352e-05,0,0.2523019493354171,0.25228620871784885,5.077551233995891,0.0,0.25251025947081773,0.2525128120694939,73.64959083382837,71.60416494382217,0,2
2023-06-13 02:35:00,2023-06-13 02:35:59,0.2525,0.2527,0.2524,0.253,0.2523461766187297,0.25265000000000004,0.2524,0.253,True,0.0006084312460804785,9.739895548680263e-05,0,0.252294079026633,0.25228448576899665,8.892860022440452,8.892860022440452,0.25251164992384445,0.2525146746359666,96.85048730404037,79.83559126290267,1,2
2023-06-13 02:36:00,2023-06-13 02:36:59,0.2525,0.2522,0.252,0.2525,0.2524980883093649,0.25229999999999997,0.252,0.2525,True,0.0006149718713604427,7.700349530080072e-05,0,0.2522892823978148,0.252283235723372,5.507761766229628,5.507761766229628,0.25250954395445296,0.25251154354506145,87.41842252776718,85.97283355521195,0,1
2023-06-13 02:37:00,2023-06-13 02:37:59,0.2522,0.2523,0.252,0.2524,0.2523990441546824,0.252225,0.252,0.2524,True,0.0005996167376918405,6.78514055605216e-05,0,0.2522862590605934,0.25228185199466674,4.28136966476886,4.28136966476886,0.2525067126713241,0.2525094386341653,72.32812294536218,85.53234425905656,0,1
2023-06-13 02:38:00,2023-06-13 02:38:59,0.2522,0.2521,0.2519,0.2522,0.25231202207734116,0.2521,0.2519,0.25231202207734116,True,0.0005853583992852813,4.569720277335234e-05,0,0.25228405552763006,0.25227951487724926,1.2797150301165772,0.0,0.2525026657790721,0.25250536461790496,53.04174640873054,70.9294306272866,0,1
2023-06-13 02:39:00,2023-06-13 02:39:59,0.2521,0.2523,0.2521,0.2524,0.2522060110386706,0.252225,0.2521,0.2524,True,0.0005649756564791913,4.348537812054573e-05,0,0.25228178520243966,0.2522773008182379,1.6813702478748311,0.0,0.25249990293549923,0.2525033211888711,50.816483929348045,58.728784427813565,0,2
2023-06-13 02:40:00,2023-06-13 02:40:59,0.2523,0.2524,0.252,0.2524,0.25221550551933525,0.252275,0.252,0.2524,True,0.0005531916810163928,4.7338078432713517e-05,0,0.2522795430103388,0.25227554188794776,3.109214370636302,3.109214370636302,0.252497665095345,0.25250229311734,49.9781326083216,51.27878764880004,0,2
2023-06-13 02:41:00,2023-06-13 02:41:59,0.2524,0.2524,0.2522,0.2524,0.25224525275966764,0.25235,0.2522,0.2524,True,0.0005279637038009385,4.800427188631565e-05,0,0.25227754244914324,0.25227466793159276,4.06111045247728,4.06111045247728,0.2524961957909137,0.2525012752753764,56.74160885001305,52.51207512922755,0,2
2023-06-13 02:42:00,2023-06-13 02:42:59,0.2523,0.2528,0.2523,0.2528,0.25229762637983383,0.25255000000000005,0.2523,0.2528,True,0.0005259662963865858,7.393057749032706e-05,0,0.25227610519036797,0.2522758689304035,9.050911858539372,9.050911858539372,0.25249673115617827,0.25250424766069607,67.76664633907883,58.16212926580448,0,2
2023-06-13 02:43:00,2023-06-13 02:43:59,0.2528,0.2529,0.2527,0.253,0.2524238131899169,0.25285,0.2527,0.253,True,0.0005098258466446885,9.433214910247801e-05,0,0.25227598706038573,0.252280753634919,13.221231195931615,13.221231195931615,0.2525002462690521,0.252508185494918,83.69529724251028,69.40118414386738,0,2
2023-06-13 02:44:00,2023-06-13 02:44:59,0.2528,0.2528,0.2526,0.2528,0.25263690659495847,0.25275000000000003,0.2526,0.2528,True,0.0004948382861700695,9.637752474853265e-05,0,0.2522783703476523,0.2522878189262276,13.870730797713001,13.870730797713001,0.2525027313808028,0.25251108912183423,91.67302031381233,81.04498796513381,0,2
2023-06-13 02:45:00,2023-06-13 02:45:59,0.2528,0.2526,0.2525,0.2531,0.2526934532974793,0.25275000000000003,0.2525,0.2531,True,0.0005023498371579209,7.944873066796496e-05,0,0.25228309463693993,0.2522965525334416,10.46888936189589,10.46888936189589,0.2525051917650734,0.2525119738071891,90.90964555272366,88.75932103634875,0,1
2023-06-13 02:46:00,2023-06-13 02:46:59,0.2526,0.2527,0.2526,0.2527,0.25272172664873965,0.25265,0.2526,0.25272172664873965,True,0.0004736105630752115,7.145433968093079e-05,0,0.25228982358519075,0.25230585358932056,9.68022816219154,9.68022816219154,0.25250663264303286,0.25251384471458027,78.61511774585897,87.06592787079832,0,1
2023-06-13 02:47:00,2023-06-13 02:47:59,0.2528,0.2531,0.2528,0.2531,0.2526858633243698,0.25295,0.2528,0.2531,True,0.0004683526657126972,9.005001406122389e-05,0,0.25229783858725563,0.2523175959054289,13.55276006261245,13.55276006261245,0.25251104425852505,0.25251967710547996,83.1602949694971,84.22835275602658,0,2
2023-06-13 02:48:00,2023-06-13 02:48:59,0.2532,0.2531,0.2529,0.2534,0.2528179316621849,0.25315,0.2529,0.2534,True,0.0004706131895903617,9.742647999410462e-05,0,0.25230771724634227,0.25233255189080117,16.134447996226385,16.134447996226385,0.25251740202709694,0.2525254514626394,87.70547219313524,83.1602949694971,0,2
2023-06-13 02:49:00,2023-06-13 02:49:59,0.2531,0.253,0.253,0.2533,0.25298396583109245,0.2531,0.253,0.2533,True,0.00045842653319105175,9.020198945623446e-05,0,0.2523201345685717,0.2523495923534472,15.435446956507462,15.435446956507462,0.2525231990218522,0.25253017333863303,97.27280211053397,89.37952309105543,0,2
2023-06-13 02:50:00,2023-06-13 02:50:59,0.253,0.2531,0.253,0.2533,0.25304198291554625,0.2531,0.253,0.2533,True,0.00044711035224883537,8.74289156333452e-05,0,0.2523348634610095,0.25236815702401455,16.27478744665028,16.27478744665028,0.2525289383350676,0.2525358432556616,94.545604221068,93.1746261749124,0,2
2023-06-13 02:51:00,2023-06-13 02:51:59,0.253,0.253,0.2529,0.253,0.2530709914577731,0.252975,0.2529,0.2530709914577731,True,0.0004294596128024884,7.38012975387985e-05,0,0.252351510242512,0.25238693670788137,14.216583764883836,14.216583764883836,0.2525333767595943,0.25254046173072964,84.53005716628165,92.11615449929455,0,1
2023-06-13 02:52:00,2023-06-13 02:52:59,0.2531,0.2534,0.2531,0.2536,0.25302299572888654,0.25329999999999997,0.2531,0.2536,True,0.0004416410690308813,8.793295890304834e-05,0,0.2523692234751967,0.25240798667025416,17.589884889880224,17.589884889880224,0.25254100485153863,0.25254901435032434,87.25725505574763,88.77763881436577,0,2
2023-06-13 02:53:00,2023-06-13 02:53:59,0.2535,0.2532,0.2532,0.2535,0.25316149786444325,0.25334999999999996,0.2532,0.2535,True,0.0004315238498143914,7.809094029871021e-05,0,0.2523886050727254,0.25243102266690615,15.46946181755726,15.46946181755726,0.2525490545545084,0.25255549181947534,89.9844529452136,87.25725505574763,0,1
2023-06-13 02:54:00,2023-06-13 02:54:59,0.2532,0.2532,0.2531,0.2533,0.2532557489322216,0.2532,0.2531,0.2533,True,0.0004149864319705087,6.677788055765052e-05,0,0.25240981386981576,0.25245443507135834,14.055846436008608,14.055846436008608,0.25255553162361777,0.252561904836197,88.8369743818226,88.69289412759461,0,1
2023-06-13 02:55:00,2023-06-13 02:55:59,0.2532,0.2534,0.2529,0.2534,0.2532278744661108,0.253225,0.2529,0.2534,True,0.000421058829686901,6.862694158753983e-05,0,0.25243212447058705,0.2524781547169126,15.730496436015358,15.730496436015358,0.2525621930004972,0.2525702440915582,75.01987602819611,84.61376778507743,0,2
2023-06-13 02:56:00,2023-06-13 02:56:59,0.2534,0.2533,0.2532,0.2534,0.2532264372330554,0.253325,0.2532,0.2534,True,0.00040526891328069616,5.821922499351138e-05,0,0.2524551395937498,0.25250263961990016,14.352302973992977,14.352302973992977,0.25256978311989525,0.2525775053443785,67.5980406274574,77.15163034582537,0,1
2023-06-13 02:57:00,2023-06-13 02:57:59,0.2533,0.2529,0.2529,0.2533,0.2532757186165277,0.2531,0.2529,0.2533,True,0.00040489256233207583,1.9687931325687363e-05,0,0.25247888960682496,0.2525260152836938,6.40926605608874,6.40926605608874,0.252575058909747,0.2525807142464245,47.9542898716382,63.52406884243057,0,1
2023-06-13 02:58:00,2023-06-13 02:58:59,0.2528,0.2528,0.2527,0.2529,0.2531878593082638,0.2528,0.2527,0.2531878593082638,True,0.0003902573793083585,-1.475685438573365e-05,0,0.2525024524452594,0.2525462989347169,-0.14339833645905742,-0.0,0.2525772971295505,0.25258289619422125,28.43805489193137,47.99679513034232,0,1
2023-06-13 02:59:00,2023-06-13 02:59:59,0.2529,0.2534,0.2529,0.2535,0.2529939296541319,0.253175,0.2529,0.2535,True,0.0004123818522149028,3.011005800335068e-06,0,0.25252437568998815,0.2525665819537234,3.9479293664046153,0.0,0.2525832444217938,0.2525910265803484,17.898751988286133,31.4303655839519,0,2
2023-06-13 03:00:00,2023-06-13 03:00:59,0.2535,0.2527,0.2525,0.2537,0.2530844648270659,0.2531,0.2525,0.2537,True,0.00046864029134240825,-3.5409573826745804e-05,0,0.25254547882185574,0.25258621073229814,-0.7739666415845861,-0.0,0.2525883862683431,0.2525921108929817,27.11150372445492,24.482770201557475,0,1
2023-06-13 03:01:00,2023-06-13 03:01:59,0.2527,0.2525,0.2525,0.2527,0.25309223241353296,0.2526,0.2525,0.25309223241353296,True,0.00044945169910366327,-7.4089168396526e-05,0,0.25256584477707694,0.25260175921675204,-5.377743352424488,-5.377743352424488,0.2525885018278621,0.2525911943666834,27.11150372445492,24.040586479065325,0,1
2023-06-13 03:02:00,2023-06-13 03:02:59,0.2526,0.2525,0.2525,0.2526,0.25284611620676645,0.25255,0.2525,0.25284611620676645,True,0.0004244908634534008,-9.736434157568474e-05,0,0.2525838019969145,0.25261364552463766,-8.446927826317754,-8.446927826317754,0.2525881187250973,0.25259028696004976,11.73930869550553,21.987438714805123,0,-2
2023-06-13 03:03:00,2023-06-13 03:03:59,0.2525,0.2522,0.2522,0.2525,0.2526980581033832,0.25234999999999996,0.2522,0.2526980581033832,True,0.00041559865892101664,-0.00013004754336759338,0,0.2525987237607761,0.25262119480975076,-12.755846806813913,-12.755846806813913,0.25258574938454903,0.25258640350771094,-3.552713678800501e-14,12.95027080665347,-1,-2
2023-06-13 03:04:00,2023-06-13 03:04:59,0.2522,0.2522,0.252,0.2523,0.2525240290516916,0.252175,0.252,0.2525240290516916,True,0.00040734161185523133,-0.00014656216350727858,0,0.2526099592852634,0.252624077044104,-15.62845946047802,-15.62845946047802,0.2525816623259963,0.25258255869668894,-3.552713678800501e-14,3.913102898501819,0,-2
2023-06-13 03:05:00,2023-06-13 03:05:59,0.2523,0.2526,0.2523,0.2527,0.25234951452584575,0.252475,0.2523,0.2527,True,0.00041396006815128626,-0.00012421397131774254,0,0.2526170181646837,0.2526253234204191,-11.14316226743128,-11.14316226743128,0.2525806010093197,0.2525827322419955,8.214343382575077,2.7381144608583345,0,-1
2023-06-13 03:06:00,2023-06-13 03:06:59,0.2526,0.2524,0.2524,0.2526,0.2524122572629229,0.2525,0.2524,0.2526,True,0.0003986772061404785,-0.00011868322832256603,0,0.25262117079255136,0.2526254448493161,-10.368652084194316,-10.368652084194316,0.252579799009227,0.25258091401073185,17.07674290021127,8.430362094262103,0,-2
2023-06-13 03:07:00,2023-06-13 03:07:59,0.2524,0.2525,0.2523,0.2525,0.25245612863146144,0.252425,0.2523,0.2525,True,0.00038448597713044275,-0.00010350860301720137,0,0.25262330782093373,0.2526241651863083,-8.34320151846837,-8.34320151846837,0.252578258720578,0.2525801088961972,24.86515381284964,16.718746698545328,0,-1
2023-06-13 03:08:00,2023-06-13 03:08:59,0.2525,0.2525,0.2525,0.2526,0.2524405643157307,0.252525,0.2525,0.2526,True,0.0003641655501925532,-8.946837150454789e-05,0,0.252623736503621,0.25262247731998616,-6.992901141317738,-6.992901141317738,0.2525777287830598,0.25257931179275245,27.50828771585962,23.150061476306846,0,-1
2023-06-13 03:09:00,2023-06-13 03:09:59,0.2526,0.2525,0.2525,0.2526,0.25248278215786535,0.25255,0.2525,0.2526,True,0.0003452965823216558,-7.6645867235983e-05,0,0.2526231069118036,0.25262065117946847,-6.092700889883986,-6.092700889883986,0.2525774528747706,0.25257852262068525,30.285242894818335,27.552894807842534,0,-1
2023-06-13 03:10:00,2023-06-13 03:10:59,0.2524,0.252,0.2517,0.2524,0.25251639107893264,0.252125,0.2517,0.25251639107893264,True,0.00037777539787011056,-9.934694335739663e-05,0,0.25262187904563604,0.2526158127519977,-11.577878267769435,-11.577878267769435,0.2525729508561162,0.2525727661766983,24.156334342773473,27.31662165115048,0,-2
2023-06-13 03:11:00,2023-06-13 03:11:59,0.252,0.252,0.2515,0.2524,0.25232069553946634,0.251975,0.2515,0.2524,True,0.00041507715516510355,-0.00010954795629132605,0,0.25261884589881684,0.2526076067670627,-15.234663186359732,-15.234663186359732,0.2525670010963538,0.25256706701076104,13.29885705718838,22.580144764926732,0,-2
2023-06-13 03:12:00,2023-06-13 03:12:59,0.252,0.2525,0.252,0.2526,0.2521478477697332,0.25227499999999997,0.252,0.2526,True,0.0004282859297961668,-7.674472296536112e-05,0,0.25261322633293976,0.2525988641012764,-8.842487961728075,-8.842487961728075,0.252564095612808,0.25256639967732064,13.65056981830766,17.035253739423172,0,-1
2023-06-13 03:13:00,2023-06-13 03:13:59,0.2524,0.252,0.252,0.2524,0.2522114238848666,0.2522,0.252,0.2524,True,0.0004334083633821549,-8.605685727135756e-05,0,0.25260604521710806,0.25258924430710655,-10.059186594079165,-10.059186594079165,0.25256047277088955,0.2525607638596359,22.75996259497424,16.56979649015676,0,-2
2023-06-13 03:14:00,2023-06-13 03:14:59,0.252,0.2521,0.252,0.2522,0.2522057119424333,0.252075,0.252,0.2522057119424333,True,0.00041673633742628517,-8.089641203707242e-05,0,0.2525976447621073,0.2525781423126771,-9.450937863888576,-9.450937863888576,0.2525556421960548,0.25255617914461465,35.012008798954106,23.807513737412005,0,-2
2023-06-13 03:15:00,2023-06-13 03:15:59,0.2522,0.2524,0.2522,0.2526,0.25214035597121665,0.25234999999999996,0.2522,0.2526,True,0.00042268374189583625,-5.2764333062253055e-05,0,0.2525878935373922,0.25256783633550073,-5.221775700499556,-5.221775700499556,0.2525535960050493,0.2525546251232752,55.97023121491799,37.91406753628211,0,-1
2023-06-13 03:16:00,2023-06-13 03:16:59,0.2524,0.2527,0.2524,0.2527,0.2522451779856083,0.25255,0.2524,0.2527,True,0.00041392061747470274,-1.0957316744584768e-05,0,0.25257786493644646,0.25255959999096217,0.5778091578933342,0.0,0.2525535602239045,0.25255607163946153,78.53466941099123,56.50563647495445,0,-1
2023-06-13 03:17:00,2023-06-13 03:17:59,0.2527,0.2526,0.2526,0.2528,0.2523975889928042,0.252675,0.2526,0.2528,True,0.00039864057336936925,1.0403233541663955e-05,0,0.2525687324637043,0.25255390722577,2.971829574451526,0.0,0.25255476857988557,0.25255650873757635,99.6159565403447,78.04028572208465,0,-1
2023-06-13 03:18:00,2023-06-13 03:18:59,0.2527,0.2528,0.2518,0.253,0.2525362944964021,0.252575,0.2518,0.253,True,0.00045588053241441283,3.8139916211832065e-05,0,0.2525613198447372,0.25254956999056194,6.618783124367447,6.618783124367447,0.2525549698875484,0.25255893153620745,95.62978211514788,91.26013602216126,0,-1
2023-06-13 03:19:00,2023-06-13 03:19:59,0.2528,0.2527,0.2527,0.2531,0.252555647248201,0.25282499999999997,0.2527,0.2531,True,0.00045188906581338417,4.811994538714593e-05,0,0.2525554449176496,0.2525480449975555,7.3377942982747015,7.3377942982747015,0.25255765675433894,0.25256033520251386,95.62978211514788,96.9585069235468,0,-1
2023-06-13 03:20:00,2023-06-13 03:20:59,0.2527,0.2525,0.2524,0.2527,0.2526903236241005,0.252575,0.2524,0.2527,True,0.0004410398468267115,3.923596553112834e-05,0,0.2525517449576026,0.25254702929981937,4.6490423248542925,0.0,0.2525578293239475,0.2525597348522401,86.3047711874985,92.52144513926474,0,-2
2023-06-13 03:21:00,2023-06-13 03:21:59,0.2524,0.2518,0.2517,0.2524,0.25263266181205024,0.252075,0.2517,0.25263266181205024,True,0.0004666798577676623,-1.579507407325287e-05,0,0.252549387128711,0.2525429910108654,-3.7862944392729787,-3.7862944392729787,0.2525530250520674,0.25255217530147156,66.39679737124048,82.77711689129562,0,-2
2023-06-13 03:22:00,2023-06-13 03:22:59,0.2518,0.252,0.2518,0.2522,0.25235383090602514,0.25195,0.2518,0.25235383090602514,True,0.0004619170107842547,-3.645074550974688e-05,0,0.25254618906978826,0.2525357430886127,-6.541539169965617,-6.541539169965617,0.25254702480279306,0.2525466810198649,38.94430507937319,63.881957879370724,0,-2
2023-06-13 03:23:00,2023-06-13 03:23:59,0.2519,0.252,0.2516,0.2521,0.2521519154530126,0.2519,0.2516,0.2521519154530126,True,0.0004646372242996651,-4.7609065918509825e-05,0,0.2525409660792005,0.2525256748747732,-8.378368990427376,-8.378368990427376,0.2525405867450538,0.25254124140772694,19.535549384963332,41.625550611859,0,-2
2023-06-13 03:24:00,2023-06-13 03:24:59,0.2519,0.2521,0.2519,0.2522,0.25202595772650627,0.252025,0.2519,0.2522,True,0.0004528774225639724,-4.519120039395621e-05,0,0.2525333204769869,0.2525143129371206,-7.935456531614953,-7.935456531614953,0.2525354565286851,0.2525368509459585,20.058727692709002,26.179527385681837,0,-2
2023-06-13 03:25:00,2023-06-13 03:25:59,0.2521,0.252,0.252,0.2522,0.2520254788632531,0.252075,0.252,0.2522,True,0.00043481474952368704,-4.7744976456235946e-05,0,0.2525238167070538,0.2525023534497604,-8.903013647628747,-8.903013647628747,0.25253087487168324,0.2525315091455012,22.272266076145897,20.62218105127274,0,-2
2023-06-13 03:26:00,2023-06-13 03:26:59,0.2519,0.2517,0.2516,0.2519,0.2520502394316265,0.251775,0.2516,0.2520502394316265,True,0.00043232798170056734,-6.703474639644242e-05,0,0.25251308507840714,0.2524879472430754,-12.694205028606618,-12.694205028606618,0.2525233537286814,0.2525232354226604,17.67269936487178,20.001231044575558,0,-2
2023-06-13 03:27:00,2023-06-13 03:27:59,0.2517,0.2517,0.2515,0.2517,0.25191261971581325,0.25165,0.2515,0.25191261971581325,True,0.000415733125864811,-7.5597904346284e-05,0,0.25250051616074126,0.25247085592602436,-15.221665949258536,-15.221665949258536,0.25251466364182884,0.25251504402542,8.094379424902899,16.013114955306857,0,-2
2023-06-13 03:28:00,2023-06-13 03:28:59,0.2517,0.2519,0.2516,0.2519,0.2517813098579066,0.251775,0.2516,0.2519,True,0.0004074664740173261,-6.300380009832286e-05,0,0.25248568604338284,0.25245262550024306,-12.50505164124764,-12.50505164124764,0.25250730380459674,0.25250892418437104,5.433287742392149,10.40012217738894,0,-1
2023-06-13 03:29:00,2023-06-13 03:29:59,0.2519,0.252,0.2519,0.252,0.2517781549289533,0.25195,0.2519,0.252,True,0.0003855045830160877,-4.405060725671498e-05,0,0.25246915577181295,0.2524348240123621,-8.766544923125757,-8.766544923125757,0.25250175849310824,0.2525038602621385,18.086248008987003,10.537971725427349,0,-1
2023-06-13 03:30:00,2023-06-13 03:30:59,0.252,0.2516,0.2516,0.252,0.25186407746447664,0.2518,0.2516,0.252,True,0.00038653996994351085,-5.6050823578874485e-05,0,0.25245198989208756,0.25241645320792505,-11.586831055451817,-11.586831055451817,0.252494775821535,0.2524948666276894,26.183591773754035,16.567709175044396,0,-2
2023-06-13 03:31:00,2023-06-13 03:31:59,0.2516,0.2514,0.2514,0.2516,0.25183203873223836,0.2515,0.2514,0.25183203873223836,True,0.00037321568637611565,-7.371878399313811e-05,0,0.25243422155000633,0.2523957019007753,-15.259700162310708,-15.259700162310708,0.25248487755465404,0.252483972432389,20.750304031361853,21.67338127136763,0,-2
2023-06-13 03:32:00,2023-06-13 03:32:59,0.2513,0.2512,0.2508,0.2514,0.2516660193661192,0.251175,0.2508,0.2516660193661192,True,0.0003894145659206781,-9.41375019014062e-05,0,0.25241496172539085,0.25237098893750803,-19.210630212385205,-19.210630212385205,0.25247184394714506,0.2524711965872906,8.097343764766997,18.343746523294296,0,-2
2023-06-13 03:33:00,2023-06-13 03:33:59,0.2513,0.2511,0.2511,0.2513,0.2514205096830596,0.2512,0.2511,0.2514205096830596,True,0.00037588495406920346,-0.00010840707323538589,0,0.25239297533144944,0.2523434980183147,-22.530027647191,-22.530027647191,0.2524591887834919,0.2524575528401534,1.1943337111350256,10.013993835754627,0,-2
2023-06-13 03:34:00,2023-06-13 03:34:59,0.251,0.2509,0.2509,0.251,0.2513102548415298,0.25095,0.2509,0.2513102548415298,True,0.0003633217430642588,-0.0001247405101557781,0,0.25236823667488206,0.2523122933459596,-25.97463873697868,-25.97463873697868,0.25244417197967606,0.25244205480194293,1.1943337111350256,3.495337062345685,0,-2
2023-06-13 03:35:00,2023-06-13 03:35:59,0.2509,0.2506,0.2506,0.2509,0.2511301274207649,0.25075000000000003,0.2506,0.2511301274207649,True,0.00035879876141681335,-0.00014832844625455407,0,0.25234026501042084,0.25227700669416747,-29.653437304780343,-29.653437304780343,0.2524273145470425,0.25242372589844103,1.1943337111350256,1.1943337111350283,0,-2
2023-06-13 03:36:00,2023-06-13 03:36:59,0.2507,0.251,0.2506,0.251,0.25094006371038247,0.25082499999999996,0.2506,0.251,True,0.00036174170702989893,-0.0001273054190645525,0,0.2523086358522941,0.2522392629549749,-24.010043351479005,-24.010043351479005,0.2524113711187137,0.2524095594715909,4.356747615825089,2.2484716793650494,0,-1
2023-06-13 03:37:00,2023-06-13 03:37:59,0.2511,0.2508,0.2506,0.2514,0.2508825318551912,0.250975,0.2506,0.2514,True,0.00039304587081347923,-0.00011931894104406444,0,0.2522739494036345,0.252200872855302,-22.030289754399252,-22.030289754399252,0.25239707886877627,0.2523935439544606,17.2637097849404,7.604930370633507,0,-2
2023-06-13 03:38:00,2023-06-13 03:38:59,0.2508,0.2508,0.2507,0.2508,0.2509287659275956,0.25077499999999997,0.2507,0.2509287659275956,True,0.00037211402289823387,-0.00010621047555528675,0,0.2522374111294683,0.25216086505569474,-20.71045402301275,-20.71045402301275,0.25238093878052975,0.2523776877957098,24.768416827543444,15.462958076102979,0,-1
2023-06-13 03:39:00,2023-06-13 03:39:59,0.2508,0.2508,0.2507,0.2509,0.2508518829637978,0.2508,0.2507,0.2509,True,0.00035982016411979095,-9.020562686312819e-05,0,0.2521991380925815,0.25212002965219127,-19.83056353542175,-19.83056353542175,0.2523652080463951,0.25236198940968285,29.38683806283356,23.806321558439137,0,-1
2023-06-13 03:40:00,2023-06-13 03:40:59,0.2509,0.2515,0.2509,0.2516,0.2508259414818989,0.251225,0.2509,0.2516,True,0.000391261580968375,-2.4899488315633907e-05,0,0.25215958387238635,0.25208173879658774,-8.703036887800984,-0.0,0.25235386269269966,0.2523534124006313,47.73565799856505,33.96363762964736,0,-1
2023-06-13 03:41:00,2023-06-13 03:41:59,0.2514,0.2514,0.2509,0.2516,0.25102547074094944,0.251325,0.2509,0.2516,True,0.0004133143251849181,1.453284037218253e-05,0,0.252120661334487,0.2520464001037775,-2.847302659942848,-0.0,0.2523436252529713,0.25234392571007774,73.56428428929534,50.22892678356465,0,-1
2023-06-13 03:42:00,2023-06-13 03:42:59,0.2514,0.2516,0.2514,0.2518,0.2511752353704747,0.25155,0.2514,0.2518,True,0.00041236330195742473,5.601422933146626e-05,0,0.25208353071913225,0.2520151718697895,3.118886768812253,3.118886768812253,0.25233572848428504,0.2523365234642063,97.92244877151343,73.0741303531246,0,-1
2023-06-13 03:43:00,2023-06-13 03:43:59,0.2515,0.2515,0.2515,0.2518,0.2513626176852374,0.251575,0.2515,0.2518,True,0.0004043373518176103,7.6295088399838e-05,0,0.2520493512944609,0.2519875656144213,5.301493417805901,5.301493417805901,0.2523281590466305,0.25232819984764704,99.99999999999996,90.49557768693624,0,-1
2023-06-13 03:44:00,2023-06-13 03:44:59,0.2514,0.2514,0.2514,0.2514,0.2514688088426187,0.2514,0.2514,0.2514688088426187,True,0.0003825989695449231,8.183402330560867e-05,0,0.2520184584544411,0.2519617996904561,4.959520164780713,4.959520164780713,0.25231892363323116,0.2523189640282675,94.72954753015846,97.55066543389061,0,-1
2023-06-13 03:45:00,2023-06-13 03:45:59,0.2515,0.2515,0.2513,0.2519,0.2514344044213094,0.25155,0.2513,0.2519,True,0.0003981276145774278,9.117384522914086e-05,0,0.2519901290724486,0.25193868861350616,6.222442912826864,6.222442912826864,0.252311272651806,0.25231081513246384,94.25376922378496,96.32777225131446,0,-1
2023-06-13 03:46:00,2023-06-13 03:46:59,0.2515,0.2523,0.2514,0.2524,0.2514922022106547,0.2519,0.2514,0.2524,True,0.0004411184992504687,0.00015040286276238107,1,0.2519644088429774,0.25192022765506006,13.723609511424108,13.723609511424108,0.25230718038661387,0.2523107075192055,94.25376922378496,94.41236199257612,0,2
2023-06-13 03:47:00,2023-06-13 03:47:59,0.2523,0.2517,0.2517,0.2523,0.25169610110532736,0.252,0.2517,0.2523,True,0.00045246717787543846,0.00014298195477151324,0,0.25194231824901875,0.2519062405357685,10.758573443680056,10.758573443680056,0.25230412386535406,0.25230463082747207,99.52422169362647,96.01058671373214,0,2
2023-06-13 03:48:00,2023-06-13 03:48:59,0.2517,0.2521,0.2516,0.2521,0.2518480505526637,0.251875,0.2516,0.2521,True,0.0004558623794557643,0.00016114100189480534,0,0.25192427939239365,0.25189501403508596,11.723938500204873,11.723938500204873,0.25229985397614657,0.2523025946998355,96.79554528535932,96.85784540092358,0,2
2023-06-13 03:49:00,2023-06-13 03:49:59,0.2522,0.2526,0.2522,0.2527,0.2518615252763319,0.25242499999999995,0.2522,0.2527,True,0.0004661579237803518,0.00020161702440987095,0,0.25190964671373983,0.251889811599488,15.113499270012085,15.113499270012085,0.25230109921021476,0.2523055539565536,96.79554528535932,97.70510408811504,1,2
2023-06-13 03:50:00,2023-06-13 03:50:59,0.2527,0.2525,0.2524,0.2528,0.2521432626381659,0.25260000000000005,0.2524,0.2528,True,0.0004614323577960418,0.00021323233608662716,0,0.2518997291566139,0.251890588333043,16.136859338723525,16.136859338723525,0.25230407334742655,0.25230748874305553,96.79554528535932,96.79554528535931,0,2
2023-06-13 03:51:00,2023-06-13 03:51:59,0.2524,0.2525,0.2524,0.2526,0.25237163131908297,0.252475,0.2524,0.2526,True,0.0004427586179534658,0.00021217581935661025,0,0.2518951587448285,0.2518952095463699,16.819099384531143,16.819099384531143,0.2523057741101387,0.2523094042779505,97.11756589159495,96.90288548743786,0,2
2023-06-13 03:52:00,2023-06-13 03:52:59,0.2526,0.2528,0.2525,0.2528,0.25242331565954146,0.252675,0.2525,0.2528,True,0.0004325615738139341,0.00022319903216393825,0,0.2518951841455992,0.2519041980519129,19.206825017380055,19.206825017380055,0.2523094479995901,0.25231428582742366,96.74331792495128,96.88547636730185,0,2
2023-06-13 03:53:00,2023-06-13 03:53:59,0.2527,0.2522,0.2521,0.2527,0.2525491578297707,0.25242499999999995,0.2521,0.2527,True,0.00045166431854151267,0.0001794585478487263,0,0.25189969109875604,0.2519148480207578,13.294248480743676,13.294248480743676,0.25231059777073844,0.2523131486550115,87.78478330972125,93.88188904208916,0,1
2023-06-13 03:54:00,2023-06-13 03:54:59,0.2522,0.2526,0.2522,0.2528,0.2524870789148853,0.25244999999999995,0.2522,0.2528,True,0.00046225972435997925,0.00017055395040741034,0,0.25190726955975695,0.2519269045278192,12.519691071558107,12.519691071558107,0.25231198485759676,0.25231600289725015,81.3552614323076,88.62778755566005,0,2
2023-06-13 03:55:00,2023-06-13 03:55:59,0.2526,0.2521,0.2521,0.2526,0.25246853945744263,0.25234999999999996,0.2521,0.2526,True,0.00046495545833426645,0.00012257887734372716,0,0.25191708704378807,0.25193929958550343,7.389732976418713,7.389732976418713,0.25231236311772015,0.25231385361469044,67.56505094014246,78.90169856072377,0,1
2023-06-13 03:56:00,2023-06-13 03:56:59,0.2522,0.2526,0.2522,0.2526,0.2524092697287213,0.25239999999999996,0.2522,0.2526,True,0.0004674586398818189,0.00011986882841958097,0,0.2519281933146458,0.25195221919636973,7.742734988232691,7.742734988232691,0.25231323512649906,0.252316700842405,63.83703142439015,70.91911459894673,0,2
2023-06-13 03:57:00,2023-06-13 03:57:59,0.2527,0.2526,0.2526,0.2527,0.2524046348643606,0.25265,0.2526,0.2527,True,0.0004412115941759739,0.00011206426043624211,0,0.2519402062555078,0.2519671784152413,7.978069662775347,7.978069662775347,0.25231658602076273,0.25231951973949546,67.4619306821109,66.28800434888116,0,2
2023-06-13 03:58:00,2023-06-13 03:58:59,0.2525,0.2521,0.2521,0.2525,0.25252731743218026,0.25229999999999997,0.2521,0.25252731743218026,True,0.0004454107660205472,6.6847662757656e-05,0,0.25195369233537457,0.25198123942347644,3.54395984791703,3.54395984791703,0.25231642098573026,0.25231733546348056,57.74413127440075,63.014364460300605,0,1
2023-06-13 03:59:00,2023-06-13 03:59:59,0.2522,0.2522,0.2522,0.2525,0.2524136587160901,0.25227499999999997,0.2522,0.2525,True,0.0004421671398762232,4.050689367346972e-05,0,0.25196746587942553,0.25199432526410426,1.5750003742942909,0.0,0.25231600883661853,0.252316167946431,37.09735207204977,54.101138009520476,0,1
2023-06-13 04:00:00,2023-06-13 04:00:59,0.2522,0.2526,0.2518,0.2529,0.25234432935804507,0.252375,0.2518,0.2529,True,0.0004891552013136352,4.805786724979992e-05,0,0.25198089557176495,0.25200723967198035,3.830203643702646,3.830203643702646,0.25231659581336857,0.25231899214596903,14.607315831931402,36.48293305946064,0,2
2023-06-13 04:01:00,2023-06-13 04:01:59,0.2526,0.2521,0.2521,0.2527,0.25235966467902254,0.25237499999999996,0.2521,0.2527,True,0.000497072686934089,1.538911911661239e-05,0,0.2519940676218727,0.25201993050307336,0.7701916335753154,0.0,0.25231717694955397,0.252316813119641,10.312480730230355,20.67238287807051,0,1
2023-06-13 04:02:00,2023-06-13 04:02:59,0.2521,0.2523,0.2519,0.2523,0.25236733233951125,0.25215,0.2519,0.25236733233951125,True,0.0004901389235816549,6.158724710105489e-06,0,0.2520069990624731,0.2520308144987155,0.5979761767260072,0.0,0.2523155134973196,0.2523166458249182,10.312480730230355,11.744092430797373,0,1
2023-06-13 04:03:00,2023-06-13 04:03:59,0.2523,0.2525,0.2521,0.2525,0.2522586661697556,0.25235,0.2521,0.2525,True,0.000483700429040109,1.2486314299133135e-05,0,0.25201890678059435,0.2520415734970086,2.279400601673437,0.0,0.2523158566466,0.25231847024457077,14.0158229395793,11.546928133346674,0,2
2023-06-13 04:04:00,2023-06-13 04:04:59,0.2525,0.2525,0.2522,0.2526,0.2523043330848778,0.25245,0.2522,0.2526,True,0.00047772182696581626,1.4853849413408834e-05,0,0.25203024013880154,0.25205284637218617,3.400350218305057,3.400350218305057,0.25231719140633535,0.252320276510794,22.21464154488226,15.514315071563976,0,2
2023-06-13 04:05:00,2023-06-13 04:05:59,0.2525,0.2526,0.2521,0.2526,0.2523771665424389,0.25245,0.2521,0.2526,True,0.00047931312503968654,2.1387682263051302e-05,0,0.2520415432554939,0.25206444648233667,5.21741177384623,5.21741177384623,0.2523185128848793,0.25232305982909453,35.56970051529856,23.933388333253376,0,2
2023-06-13 04:06:00,2023-06-13 04:06:59,0.2525,0.2526,0.2524,0.2526,0.25241358327121943,0.252525,0.2524,0.2526,True,0.0004593621875368502,2.3429736855752815e-05,0,0.2520529948689153,0.25207673921755064,6.428786144207017,6.428786144207017,0.25232056748303966,0.2523258154526856,47.4669503986853,35.083764152955375,0,2
2023-06-13 04:07:00,2023-06-13 04:07:59,0.2526,0.2527,0.2526,0.253,0.2524692916356097,0.252725,0.2526,0.253,True,0.00045512203128421884,2.929492544367156e-05,0,0.252064867043233,0.25209086513280454,8.530541746478406,8.530541746478406,0.2523245916871885,0.25232953868201213,65.44676880420381,49.494473239395894,0,2
2023-06-13 04:08:00,2023-06-13 04:08:59,0.2526,0.2526,0.2524,0.2527,0.25259714581780485,0.252575,0.2524,0.2527,True,0.0004440418861924866,2.3606438032424694e-05,0,0.2520778660880188,0.25210530824527505,7.804845026599587,7.804845026599587,0.2523270833121916,0.25233222983940506,71.48003067703715,61.464583293308756,0,1
2023-06-13 04:09:00,2023-06-13 04:09:59,0.2527,0.2529,0.2527,0.2531,0.2528,0.25285,0.2527,0.2531,True,0.0004480388943215947,3.809357718453877e-05,0,0.2520915871666469,0.2521217887866865,11.220382391388661,11.220382391388661,0.25233228646331407,0.25233787929373935,83.98483020808835,73.63720989644311,0,2
2023-06-13 04:10:00,2023-06-13 04:10:59,0.253,0.2536,0.253,0.2537,0.252825,0.25332499999999997,0.253,0.2537,True,0.0004731789732986213,9.234081138198534e-05,0,0.25210668797666674,0.25214301934133676,18.063038389304268,18.063038389304268,0.25234216420994776,0.252350437708727,85.98328616548689,80.48271568353748,0,2
2023-06-13 04:11:00,2023-06-13 04:11:59,0.2536,0.2534,0.2533,0.2536,0.253075,0.253475,0.2533,0.2536,True,0.0004608090466344317,0.0001079935278425201,0,0.2521248536590018,0.25216887311015174,19.132740291441593,19.132740291441593,0.2523534362078587,0.2523608811146103,99.92829865557057,89.96547167638194,0,2
2023-06-13 04:12:00,2023-06-13 04:12:59,0.2534,0.2533,0.2532,0.2534,0.25327500000000003,0.253325,0.2532,0.2534,True,0.000442179829017689,0.00010467175898987136,0,0.25214686338457676,0.25219716022412336,18.149573338336168,18.149573338336168,0.25236310350927305,0.2523702255811316,93.13778459266831,93.01645647124194,0,2
2023-06-13 04:13:00,2023-06-13 04:13:59,0.2532,0.2526,0.2526,0.2532,0.2533,0.2529,0.2526,0.2533,True,0.0004605955555164279,4.79177953624175e-05,0,0.25217201180435006,0.2522242530961928,9.223217561426047,9.223217561426047,0.2523684457629121,0.25237251189375715,69.68863171913983,87.58490498912624,0,1
2023-06-13 04:14:00,2023-06-13 04:14:59,0.2525,0.2527,0.2523,0.2528,0.2531,0.252575,0.2523,0.2531,True,0.0004634101586938259,1.3945328997895079e-05,0,0.25219813245027145,0.25224799000167325,4.452506007750422,0.0,0.2523705010289528,0.252375770481879,36.3552983858065,66.39390489920488,0,1
2023-06-13 04:15:00,2023-06-13 04:15:59,0.2527,0.2523,0.2523,0.2529,0.2528375,0.25255000000000005,0.2523,0.2529,True,0.0004731665759299805,-3.8081389754921835e-05,0,0.2522230612259724,0.2522687503440555,-2.092203824980025,-0.0,0.25237228708836623,0.2523750165467359,9.884180459804776,38.642703521583705,0,1
2023-06-13 04:16:00,2023-06-13 04:16:59,0.2523,0.2524,0.2523,0.2525,0.25269375000000005,0.252375,0.2523,0.25269375000000005,True,0.000453654677649266,-6.509695387966493e-05,0,0.25224590578501394,0.25228582409324457,-5.083057200668449,-5.083057200668449,0.2523723140825118,0.25237526513831066,-8.052817671947803e-14,15.413159615203732,0,1
2023-06-13 04:17:00,2023-06-13 04:17:59,0.2524,0.252,0.2519,0.2524,0.25253437500000003,0.252175,0.2519,0.25253437500000003,True,0.0004569650578171756,-0.00010890853073906707,0,0.2522658649391292,0.2522985060049166,-10.096240586856467,-10.096240586856467,0.2523703507583077,0.2523715311568349,-8.052817671947803e-14,3.2947268199348723,0,-2
2023-06-13 04:18:00,2023-06-13 04:18:59,0.2521,0.252,0.2519,0.2521,0.2523546875,0.252025,0.2519,0.2523546875,True,0.00043861041083023293,-0.0001340058123307718,0,0.2522821854720229,0.25230661402110494,-13.438362844315144,-13.438362844315144,0.25236691443235443,0.25236783432940374,-8.052817671947803e-14,-8.013343075516686e-14,0,-2
2023-06-13 04:19:00,2023-06-13 04:19:59,0.2521,0.2521,0.252,0.2525,0.25218984375,0.252175,0.252,0.2525,True,0.00044299538148521636,-0.00013880098456395276,0,0.2522943997465639,0.25231209450711867,-13.860134655929969,-13.860134655929969,0.2523650048360126,0.25236516931120073,3.6722436411781474,1.2240812137259958,-1,-2
2023-06-13 04:20:00,2023-06-13 04:20:59,0.252,0.252,0.2519,0.2522,0.25218242187499995,0.252025,0.2519,0.2522,True,0.00043278142566484146,-0.0001437426000184817,0,0.2523032471268413,0.25231443955866556,-15.139775686421352,-15.139775686421352,0.25236162170331594,0.25236153578571613,4.570335627825619,2.7475264230012293,0,-2
2023-06-13 04:21:00,2023-06-13 04:21:59,0.252,0.2523,0.2519,0.2523,0.25210371093749995,0.252125,0.2519,0.2523,True,0.00043043989526021076,-0.00012089377382498165,0,0.25230884334275344,0.2523149860774055,-10.711991022477818,-10.711991022477818,0.2523592672585068,0.25236092348934086,7.996105504024567,5.412894924342779,0,-1
2023-06-13 04:22:00,2023-06-13 04:22:59,0.2522,0.2524,0.2521,0.2525,0.25211435546874994,0.25229999999999997,0.2521,0.2525,True,0.0004282656170273394,-9.462035016849065e-05,0,0.25231191471007947,0.2523153135350247,-6.280599990857247,-6.280599990857247,0.2523586775345416,0.2523613123103424,11.996145047924912,8.187528726591701,0,-1
2023-06-13 04:23:00,2023-06-13 04:23:59,0.2523,0.2524,0.2523,0.2524,0.25220717773437495,0.25235,0.2523,0.2524,True,0.0004048180729539572,-7.401510317328258e-05,0,0.2523136141225521,0.2523158093307487,-3.3263393031102026,-3.3263393031102026,0.2523585911909143,0.2523616972624783,19.958347068086223,13.316865873345236,0,-1
2023-06-13 04:24:00,2023-06-13 04:24:59,0.2524,0.2527,0.2524,0.2528,0.25227858886718746,0.252575,0.2524,0.2528,True,0.00040447392488581824,-3.7307369887559764e-05,0,0.25231471172665043,0.2523179779978402,2.909958561914138,0.0,0.25236074451239776,0.25236506345887155,30.49869024934793,20.81772745511969,0,-1
2023-06-13 04:25:00,2023-06-13 04:25:59,0.2527,0.2523,0.2522,0.2528,0.2524267944335937,0.2525,0.2522,0.2528,True,0.000418440073108263,-3.9776078600846074e-05,0,0.25231634486224536,0.25232093426920155,0.49358306155267684,0.0,0.25236213013914005,0.25236441606127086,36.892468929055525,29.116502082163226,0,-2
2023-06-13 04:26:00,2023-06-13 04:26:59,0.2522,0.2523,0.2522,0.2525,0.2524633972167969,0.25229999999999997,0.2522,0.2525,True,0.00040998006788624583,-3.9969204397266354e-05,0,0.2523186395657234,0.25232311813108493,-1.1173339386882972,-0.0,0.25236151192880035,0.25236377510543734,42.11841610498964,36.503191761131035,0,-2
2023-06-13 04:27:00,2023-06-13 04:27:59,0.2523,0.2524,0.2523,0.2525,0.25238169860839843,0.252375,0.2523,0.2525,True,0.0003949814916086553,-3.176002652206725e-05,0,0.2523208788484042,0.25232519346569926,-0.41706192988122837,-0.0,0.252361646138464,0.2523641355521494,50.126389081143714,43.04575803839629,0,-1
2023-06-13 04:28:00,2023-06-13 04:28:59,0.2524,0.2527,0.2524,0.2527,0.2523783493041992,0.25255,0.2524,0.2527,True,0.00038819709935089184,-4.720938624124777e-06,0,0.25232303615705176,0.2523283698031352,4.309300478325952,0.0,0.2523635203062405,0.25236747748695393,68.02808266866252,53.42429595159863,1,-1
2023-06-13 04:29:00,2023-06-13 04:29:59,0.2527,0.2526,0.2526,0.2529,0.2524641746520996,0.25270000000000004,0.2526,0.2529,True,0.0003818973065401154,5.8573988909054494e-06,0,0.2523257029800935,0.25233342033430256,5.453147043149713,0.0,0.2523668683628948,0.25236979114380015,87.27517481925297,68.47654885635308,0,2
2023-06-13 04:30:00,2023-06-13 04:30:59,0.2527,0.2521,0.2521,0.253,0.2525820873260498,0.252475,0.2521,0.253,True,0.0004189046417872509,-2.2119722912005434e-05,0,0.25232956165719805,0.25233836804008064,-0.7453716691583949,-0.0,0.2523679442995824,0.2523671066548071,86.95871123133934,80.75398957308495,-1,-2
2023-06-13 04:31:00,2023-06-13 04:31:59,0.2521,0.252,0.2519,0.2522,0.2525285436630249,0.25205,0.2519,0.2525285436630249,True,0.0004104114530881592,-4.630332849840647e-05,0,0.25233396484863935,0.25234028489221066,-5.858972194904176,-5.858972194904176,0.25236478067471096,0.2523634538522717,58.74921619539165,77.66103408199466,0,-2
2023-06-13 04:32:00,2023-06-13 04:32:59,0.2521,0.252,0.2519,0.2521,0.25228927183151245,0.252025,0.2519,0.25228927183151245,True,0.0003953820635818605,-6.0015775058130855e-05,0,0.252337124870425,0.25233963085371813,-9.268039212068025,-9.268039212068025,0.252361399772475,0.2523598373960302,26.50561710950031,57.40451484541045,0,-2
2023-06-13 04:33:00,2023-06-13 04:33:59,0.2519,0.2522,0.2519,0.2522,0.2521571359157562,0.25205,0.2519,0.2522,True,0.00038856905904029664,-5.2530365242269216e-05,0,0.25233837786207153,0.2523371287489446,-7.421244185960482,-7.421244185960482,0.25235830126727626,0.25235824697417913,7.375230707444557,30.876688004112193,0,-1
2023-06-13 04:34:00,2023-06-13 04:34:59,0.2521,0.2525,0.2521,0.2526,0.25210356795787814,0.25232499999999997,0.2521,0.2526,True,0.00039652841196598975,-2.4733065271259794e-05,0,0.25233775330550806,0.2523350756081439,-1.6798047255936552,-0.0,0.252357969911383,0.252359657452048,20.501604645765887,18.12748415423694,0,-1
2023-06-13 04:35:00,2023-06-13 04:35:59,0.2526,0.2523,0.2521,0.2527,0.2522142839789391,0.252425,0.2521,0.2527,True,0.00041106209682556115,-1.9296882332864442e-05,0,0.252336414456826,0.25233407613291214,-1.1949147422916226,-0.0,0.25235863687743887,0.25235906384556,41.399050780919374,23.09196204470996,0,-1
2023-06-13 04:36:00,2023-06-13 04:36:59,0.2524,0.2526,0.2524,0.2527,0.25231964198946955,0.252525,0.2524,0.2527,True,0.00041027194705230363,5.755299799945382e-06,0,0.25233524529486906,0.25233459917980233,3.0099886969796614,0.0,0.2523602922318922,0.25236146122023106,65.8819896792322,42.594215035305844,0,-1
2023-06-13 04:37:00,2023-06-13 04:37:59,0.2527,0.2528,0.2527,0.2529,0.2524223209947348,0.25277499999999997,0.2527,0.2529,True,0.0004023953794057121,3.5498494785890866e-05,0,0.25233492223733567,0.2523380325962747,7.825375679105186,7.825375679105186,0.25236441867734605,0.252365824790179,82.33068865788692,63.20390970601286,1,2
2023-06-13 04:38:00,2023-06-13 04:38:59,0.2529,0.253,0.2528,0.2532,0.25259866049736734,0.252975,0.2528,0.2532,True,0.0004022242808767295,6.68812077031869e-05,0,0.25233647741680515,0.2523451060229912,12.750428842179282,12.750428842179282,0.25237049411339235,0.25237213499127176,93.67684160862477,80.62983998191466,0,2
2023-06-13 04:39:00,2023-06-13 04:39:59,0.2529,0.2531,0.2529,0.2531,0.25278683024868365,0.253,0.2529,0.2531,True,0.00038777968938553297,9.09485627231208e-05,0,0.25234079171989815,0.2523551682507286,16.82499326611402,16.82499326611402,0.2523767578535576,0.25237937742916955,99.99999999999993,92.00251008883724,0,2
2023-06-13 04:40:00,2023-06-13 04:40:59,0.2532,0.2528,0.2528,0.2534,0.2528934151243418,0.25305,0.2528,0.2534,True,0.0004029382830008513,8.162868092167114e-05,0,0.2523479799853134,0.2523678575981189,13.600270276181597,13.600270276181597,0.25238345678038787,0.2523835627283818,99.99999999999993,97.89228053620825,0,2
2023-06-13 04:41:00,2023-06-13 04:41:59,0.2529,0.2533,0.2529,0.2533,0.2529717075621709,0.2531,0.2529,0.2533,True,0.0004098712627865048,0.00010586524367096984,0,0.25235791879171615,0.25238287128604286,16.053050408751886,16.053050408751886,0.2523905865636676,0.2523926815072039,99.99999999999993,99.99999999999996,0,2
2023-06-13 04:42:00,2023-06-13 04:42:59,0.2532,0.253,0.253,0.2534,0.25303585378108545,0.25315,0.253,0.2534,True,0.00040916617258746963,9.56789187840486e-05,0,0.25237039503887954,0.2523999549869227,13.23390796773485,13.23390796773485,0.2523981429162679,0.25239872447728146,99.99999999999993,99.99999999999996,0,2
2023-06-13 04:43:00,2023-06-13 04:43:59,0.253,0.2528,0.2528,0.253,0.25309292689054275,0.2529,0.2528,0.25309292689054275,True,0.00039422573168836306,7.039542085497232e-05,0,0.25238517501290114,0.25241683594533804,8.840794380461269,8.840794380461269,0.2524031365190911,0.2524027172685523,88.47423616774199,96.15807872258064,0,1
2023-06-13 04:44:00,2023-06-13 04:44:59,0.2529,0.2531,0.2526,0.2531,0.2529964634452714,0.25292499999999996,0.2526,0.2531,True,0.0004017810365677657,7.065709884016203e-05,0,0.2524010054791196,0.25243361298844486,9.087354676570918,9.087354676570918,0.2524083291905429,0.2524096554051836,77.75081358186884,88.74168324987028,0,2
2023-06-13 04:45:00,2023-06-13 04:45:59,0.2532,0.2527,0.2526,0.2533,0.25296073172263567,0.25295,0.2526,0.2533,True,0.00042308239109864205,3.9307407712853504e-05,0,0.25241730923378225,0.25245036463652765,4.608191919669338,0.0,0.252413718949841,0.2524125444061271,67.86831956634784,78.03112310531958,0,1
2023-06-13 04:46:00,2023-06-13 04:46:59,0.2527,0.2526,0.2525,0.2527,0.25295536586131784,0.252625,0.2525,0.25295536586131784,True,0.0004071479345915946,9.434789123964501e-06,0,0.252433836935155,0.2524647515111827,0.6246965811141081,0.0,0.25241582124884754,0.2524144096359169,55.204262922134696,66.94113202345048,0,1
2023-06-13 04:47:00,2023-06-13 04:47:59,0.2526,0.253,0.2526,0.2532,0.2527901829306589,0.25285,0.2526,0.2532,True,0.00042092308212076567,1.6128673306116013e-05,0,0.25244929422316886,0.25247872161310714,2.543496007277305,0.0,0.2524201414354262,0.25242023640570876,43.84392343521146,55.63883530789801,0,2
2023-06-13 04:48:00,2023-06-13 04:48:59,0.2531,0.2529,0.2529,0.2531,0.25282009146532947,0.253,0.2529,0.2531,True,0.00040514286196928083,1.1851332360129604e-05,0,0.252464007918138,0.25249329689669353,2.5637493647510965,0.0,0.2524259111723871,0.25242501017281616,38.326334062998875,45.79150680678169,0,1
2023-06-13 04:49:00,2023-06-13 04:49:59,0.2529,0.2528,0.2528,0.2529,0.25291004573266473,0.25285,0.2528,0.25291004573266473,True,0.00038334694325718857,6.534532801391808e-07,0,0.2524786524074158,0.25250721948259297,1.2725920965338133,0.0,0.25243013096171657,0.2524287414148777,38.659839297264746,40.276698931825045,0,1
2023-06-13 04:50:00,2023-06-13 04:50:59,0.2526,0.2524,0.2524,0.2528,0.2528800228663324,0.25255000000000005,0.2524,0.2528800228663324,True,0.0003845364473102474,-3.508849907271047e-05,0,0.2524929359450044,0.25251847435222846,-3.859233374845232,-3.859233374845232,0.25243132368846566,0.25242845543065007,27.410268036727803,34.79881379899716,0,1
2023-06-13 04:51:00,2023-06-13 04:51:59,0.2525,0.2531,0.2525,0.2533,0.2527150114331662,0.25285,0.2525,0.2533,True,0.0004213552725023734,-9.608346653884126e-06,0,0.2525057051486164,0.25252961000875296,0.32732306939249156,0.0,0.25243548962191376,0.25243513746616597,21.420386561628273,29.16349796520696,0,2
2023-06-13 04:52:00,2023-06-13 04:52:59,0.2531,0.2534,0.2529,0.2534,0.2527825057165831,0.2532,0.2529,0.2534,True,0.0004269727530379182,2.6896879470713996e-05,0,0.25251765757868466,0.2525429767777233,5.24841792377287,0.0,0.2524430966903524,0.2524447380883932,35.20029227015794,28.010315622838025,0,2
2023-06-13 04:53:00,2023-06-13 04:53:59,0.2534,0.2533,0.2532,0.2534,0.25299125285829155,0.253325,0.2532,0.2534,True,0.0004107604135352122,4.141865839461841e-05,0,0.25253031717820396,0.2525588660398957,7.264573946566578,7.264573946566578,0.2524518718476623,0.2524532481571654,62.0244418861829,39.548373572656395,0,2
2023-06-13 04:54:00,2023-06-13 04:54:59,0.2534,0.2533,0.2531,0.2534,0.2531581264291458,0.2533,0.2531,0.2534,True,0.0004028489554255558,4.786498806094196e-05,0,0.2525445916090498,0.2525764607348829,8.608677961762389,8.608677961762389,0.25246031093375526,0.2524616735486364,75.74783594227817,57.65752336620636,0,2
2023-06-13 04:55:00,2023-06-13 04:55:59,0.2534,0.2534,0.2534,0.2534,0.25322906321457295,0.2534,0.2534,0.2534,True,0.00038121688718087247,5.557986146615537e-05,0,0.25256052617196634,0.25259596351714636,10.503674035078056,10.503674035078056,0.2524696610737179,0.25247101013024204,81.1823744709667,72.98488409980928,0,2
2023-06-13 04:56:00,2023-06-13 04:56:59,0.2533,0.2532,0.253,0.2533,0.25331453160728645,0.2532,0.253,0.25331453160728645,True,0.00038255853809652526,4.310633395792626e-05,0,0.2525782448445563,0.2526154625274214,8.40851493320131,8.40851493320131,0.2524769281277107,0.2524782637607869,76.6074264041882,77.84587893914438,0,1
2023-06-13 04:57:00,2023-06-13 04:57:59,0.2533,0.2531,0.2531,0.2534,0.2532572658036432,0.253225,0.2531,0.2534,True,0.00037666149966106077,2.4927188344920877e-05,0,0.25259685368598883,0.25263499631062303,5.45848102091125,0.0,0.2524843716289275,0.25248445019102783,74.1970292374929,77.32894337088263,0,1
2023-06-13 04:58:00,2023-06-13 04:58:59,0.2531,0.2532,0.253,0.2532,0.2532411329018216,0.253125,0.253,0.2532411329018216,True,0.00036404282111384057,1.7548980767015686e-05,0,0.25261592499830593,0.2526537373419216,5.063750437083442,0.0,0.25249074604057997,0.2524915700896246,63.18404327206867,71.32949963791661,0,1
2023-06-13 04:59:00,2023-06-13 04:59:59,0.2533,0.2538,0.2533,0.2538,0.2531830664509108,0.25355000000000005,0.2533,0.2538,True,0.00038089690531999804,5.174223962095572e-05,0,0.25263483117011376,0.2526746416026392,10.932746711466052,10.932746711466052,0.2525012858809722,0.2525045892927129,74.26817505615554,70.54974918857239,0,2
2023-06-13 05:00:00,2023-06-13 05:00:59,0.2538,0.2531,0.2531,0.2538,0.25336653322545544,0.25345,0.2531,0.2538,True,0.00040368998351142913,2.2050182309874195e-05,0,0.2526547363863765,0.25269641945728555,6.117479193057136,6.117479193057136,0.25251072582245504,0.25251051377736256,78.90646737427404,72.11956190083276,0,1
2023-06-13 05:01:00,2023-06-13 05:01:59,0.2532,0.2531,0.253,0.2533,0.25340826661272775,0.25315,0.253,0.25340826661272775,True,0.00039628355611775725,3.514249047677535e-07,0,0.252675577921831,0.2527166773602933,2.9073008474511894,0.0,0.25251708675954504,0.2525163793119162,74.36298573378822,75.84587605473928,0,1
2023-06-13 05:02:00,2023-06-13 05:02:59,0.2531,0.2529,0.2529,0.2531,0.25327913330636387,0.253,0.2529,0.25327913330636387,True,0.0003822633021093444,-2.8920048963214953e-05,0,0.25269612764106214,0.2527345704444089,-1.2333443707159262,-0.0,0.2525218918664152,0.2525201964331906,47.61885930929432,66.96277080578554,0,1
2023-06-13 05:03:00,2023-06-13 05:03:59,0.2529,0.2529,0.2529,0.2531,0.25313956665318194,0.25295,0.2529,0.25313956665318194,True,0.0003692444948158183,-4.8011784282623774e-05,0,0.2527153490427355,0.2527501358712209,-3.99377451616067,-3.99377451616067,0.25252615164883896,0.25252397557315887,24.156487385348854,48.712777476143806,0,1
2023-06-13 05:04:00,2023-06-13 05:04:59,0.2529,0.2529,0.2528,0.2529,0.25304478332659097,0.252875,0.2528,0.25304478332659097,True,0.0003500127451861162,-5.9586440465929336e-05,0,0.25273274245697824,0.25276324734192734,-5.834061279790497,-5.834061279790497,0.2525296227767112,0.25252771710974437,11.021492662912564,27.59894645251859,0,-2
2023-06-13 05:05:00,2023-06-13 05:05:59,0.2529,0.2532,0.2527,0.2533,0.25295989166329547,0.253025,0.2527,0.2533,True,0.0003678689776728254,-4.5112683876381534e-05,0,0.25274799489945277,0.25277536599662126,-2.0868708821181343,-0.0,0.2525345519033111,0.252534406491737,11.912878870843494,15.69695297303498,0,-1
2023-06-13 05:06:00,2023-06-13 05:06:59,0.2533,0.2528,0.2526,0.2537,0.2529924458316477,0.2531,0.2526,0.2537,True,0.0004201640506961943,-6.237401979995646e-05,0,0.252761680448037,0.2527871344331873,-4.876656800458036,-4.876656800458036,0.2525401782525319,0.25253704921321224,18.583117175751116,13.839162903169068,0,-2
2023-06-13 05:07:00,2023-06-13 05:07:59,0.2528,0.2532,0.2528,0.2532,0.25304622291582385,0.253,0.2528,0.2532,True,0.00041872376136074867,-4.441908776845407e-05,0,0.25277440744061214,0.2527978602902217,-1.5833151425113314,-0.0,0.2525447535933027,0.2525436457384539,24.45488527670962,18.31696044110142,0,-1
2023-06-13 05:08:00,2023-06-13 05:08:59,0.2531,0.2533,0.253,0.2534,0.2530231114579119,0.2532,0.253,0.2534,True,0.00041738634983498173,-2.5000807872225834e-05,0,0.25278613386541693,0.252809063938966,1.6808984271352045,0.0,0.25255127345804596,0.2525511716515041,32.65568404892773,25.231228833796166,0,-1
2023-06-13 05:09:00,2023-06-13 05:09:59,0.2532,0.2535,0.2531,0.2535,0.25311155572895594,0.25332499999999997,0.2531,0.2535,True,0.0004161444677039124,1.3896905793111256e-06,0,0.25279759890219144,0.2528214245204716,5.891229579110501,5.891229579110501,0.25255897222960766,0.25256061272959857,42.859692643881345,33.323420656506244,0,2
2023-06-13 05:10:00,2023-06-13 05:10:59,0.2536,0.2536,0.2535,0.2538,0.2532182778644779,0.253625,0.2535,0.2538,True,0.0004078484342964917,2.4243650500092395e-05,0,0.25280951171133154,0.2528366694755817,9.656437967840567,9.656437967840567,0.2525695794711041,0.2525709548914931,70.14339271637287,48.55292313639399,0,2
2023-06-13 05:11:00,2023-06-13 05:11:59,0.2535,0.2535,0.2533,0.2536,0.25342163893223896,0.253475,0.2533,0.2536,True,0.00040014497470388283,3.0031166655242935e-05,0,0.2528230905934566,0.25285305156219096,10.19244026353703,10.19244026353703,0.25257858863059557,0.2525801991214285,78.87007207667459,63.957719145642955,0,2
2023-06-13 05:12:00,2023-06-13 05:12:59,0.2534,0.2535,0.2534,0.2535,0.25344831946611945,0.25345,0.2534,0.2535,True,0.000378706047939319,3.133296919052123e-05,0,0.25283807107782375,0.25287004499530397,10.54977512733467,10.54977512733467,0.25258725939049015,0.2525893513689765,80.5241958432315,76.51255354542634,0,2
2023-06-13 05:13:00,2023-06-13 05:13:59,0.2536,0.2536,0.2535,0.2536,0.2534491597330597,0.253575,0.2535,0.2536,True,0.0003587984730865097,3.648215926476664e-05,0,0.25285405803656386,0.2528882607857288,12.24234135312576,12.24234135312576,0.2525970876552614,0.2525994075742603,75.72389367382623,78.37272053124413,0,2
2023-06-13 05:14:00,2023-06-13 05:14:59,0.2535,0.2532,0.253,0.2535,0.25351207986652985,0.25329999999999997,0.253,0.25351207986652985,True,0.0003760271535803297,9.542338039687358e-06,0,0.2528711594111463,0.2529054271745145,5.6939437010579965,0.0,0.25260408180794536,0.25260538361829754,63.92366084259751,73.39058345321844,0,1
2023-06-13 05:15:00,2023-06-13 05:15:59,0.2532,0.2532,0.253,0.2535,0.25340603993326494,0.253225,0.253,0.2535,True,0.00038488235689602046,-9.521476212176808e-06,0,0.25288829329283036,0.2529211350025669,1.3283452663461546,0.0,0.2526102600984136,0.25261130019921,49.66572822629427,63.10442758090603,0,1
2023-06-13 05:16:00,2023-06-13 05:16:59,0.2532,0.2534,0.2532,0.2534,0.2533155199666325,0.25329999999999997,0.2532,0.2534,True,0.0003716764742605928,-8.907453517834887e-06,0,0.2529047141476986,0.2529361013028513,2.277381838041805,0.0,0.25261712318201146,0.2526191479584219,33.753601864964764,49.11433031128555,0,1
2023-06-13 05:17:00,2023-06-13 05:17:59,0.2534,0.2527,0.2526,0.2534,0.2533077599833162,0.253025,0.2526,0.2534,True,0.00040227101181340924,-5.729841815393775e-05,0,0.25292040772527496,0.2529484943159202,-5.3720136302138215,-5.3720136302138215,0.25262118165781233,0.25261995245634805,21.1457634469033,34.855031179387474,0,-2
2023-06-13 05:18:00,2023-06-13 05:18:59,0.2527,0.2528,0.2527,0.2528,0.25316637999165814,0.25275000000000003,0.2527,0.25316637999165814,True,0.00038068022525531174,-8.024926040177557e-05,0,0.2529344510205976,0.2529568895401654,-8.754527403998488,-8.754527403998488,0.25262246343236144,0.25262174397419535,12.443039642715197,22.447468318194453,0,-2
2023-06-13 05:19:00,2023-06-13 05:19:59,0.2529,0.2531,0.2529,0.2532,0.2529581899958291,0.253025,0.2529,0.2532,True,0.0003820602091656435,-7.18765338529782e-05,0,0.25294567028038145,0.2529639664694413,-6.46985466836162,-6.46985466836162,0.2526264687713429,0.25262650274062126,10.167463170685783,14.585422086768126,0,-2
2023-06-13 05:20:00,2023-06-13 05:20:59,0.2532,0.253,0.253,0.2532,0.25299159499791457,0.2531,0.253,0.2532,True,0.0003690559085109531,-7.093930151275448e-05,0,0.25295481837491135,0.2529704715203159,-6.177485382413522,-6.177485382413522,0.2526311805248619,0.2526302191312618,22.893828447555006,15.168110420318696,-1,-2
2023-06-13 05:21:00,2023-06-13 05:21:59,0.2528,0.2529,0.2527,0.2529,0.2530457974989573,0.25282499999999997,0.2527,0.2530457974989573,True,0.0003641233436173152,-7.47356043471673e-05,0,0.2529626449476136,0.25297459490328356,-7.231090182665419,-7.231090182665419,0.2526331090768533,0.25263290351801543,27.243783547081794,20.101691721774227,0,-2
2023-06-13 05:22:00,2023-06-13 05:22:59,0.253,0.2528,0.2528,0.253,0.2529353987494786,0.2529,0.2528,0.253,True,0.0003524002476446483,-8.129981901311848e-05,0,0.2529686199254486,0.2529773294713265,-9.179256839329952,-9.179256839329952,0.2526357647079294,0.25263456616957747,24.159558649654883,24.76572354809726,0,-2
2023-06-13 05:23:00,2023-06-13 05:23:59,0.2529,0.2532,0.2529,0.2532,0.2529176993747393,0.25305,0.2529,0.2532,True,0.0003558002299557417,-5.4940404883966414e-05,0,0.2529729746983876,0.25297998101308705,-4.041747813805877,-4.041747813805877,0.25263988645212915,0.2526401923768454,23.84254394297187,25.081962046569547,0,-1
2023-06-13 05:24:00,2023-06-13 05:24:59,0.2532,0.2533,0.2532,0.2533,0.25298384968736964,0.25325,0.2532,0.2533,True,0.00033752878495890617,-2.896007072346324e-05,0,0.25297647785573735,0.25298392120796825,0.6103631404570464,0.0,0.2526459572337,0.25264675762682703,40.71845168517114,29.57351809259933,0,-1
2023-06-13 05:25:00,2023-06-13 05:25:59,0.2532,0.2529,0.2529,0.2532,0.2531169248436848,0.25305,0.2529,0.2532,True,0.0003419910146046994,-3.862971988747295e-05,0,0.2529801995318528,0.2529874767218938,-2.0323720816861197,-0.0,0.25264997755973284,0.2526492774514357,47.31915979202463,37.29338514005591,0,-2
2023-06-13 05:26:00,2023-06-13 05:26:59,0.253,0.2529,0.2528,0.253,0.25308346242184243,0.252925,0.2528,0.25308346242184243,True,0.00033184879927579067,-4.3422386724305505e-05,0,0.2529838381268733,0.2529898473462579,-3.794195563114897,-3.794195563114897,0.25265271410142703,0.25265177220316276,44.194775591037,44.077462356077625,0,-2
2023-06-13 05:27:00,2023-06-13 05:27:59,0.2528,0.2526,0.2526,0.2528,0.2530042312109212,0.25270000000000004,0.2526,0.2530042312109212,True,0.00032957388504180725,-6.534728911009499e-05,0,0.25298684273656563,0.2529897250944536,-8.340717059555459,-8.340717059555459,0.2526531846078805,0.25265125705686264,26.071957722918622,39.19529770199345,0,-2
2023-06-13 05:28:00,2023-06-13 05:28:59,0.2526,0.2526,0.2525,0.2527,0.2528521156054606,0.2526,0.2525,0.2528521156054606,True,0.0003203186075388195,-7.66862048389864e-05,0,0.25298828391550965,0.2529869549161414,-11.371731390515833,-11.371731390515833,0.2526526554078021,0.25265074703639634,12.388011342806186,27.551581552253964,0,-2
2023-06-13 05:29:00,2023-06-13 05:29:59,0.2526,0.2527,0.2526,0.2527,0.2527260578027303,0.25265,0.2526,0.2527260578027303,True,0.0003045815641431887,-7.368951713356905e-05,0,0.25298761941582554,0.2529824620662103,-11.096451515536863,-11.096451515536863,0.2526526289858339,0.2526512371156362,6.52383238689021,14.994600484205035,0,-2
2023-06-13 05:30:00,2023-06-13 05:30:59,0.2528,0.2526,0.2523,0.2528,0.2526880289013651,0.252625,0.2523,0.2528,True,0.0003185400238472467,-7.51529444236804e-05,0,0.2529850407410179,0.2529764722439406,-12.348902883792015,-12.348902883792015,0.252652354070552,0.25265072729359006,5.585372528325113,8.165738752673866,0,-2
2023-06-13 05:31:00,2023-06-13 05:31:59,0.2526,0.2526,0.2526,0.2526,0.25265651445068255,0.2526,0.2526,0.25265651445068255,True,0.00029578716500101474,-7.245442615189693e-05,0,0.25298075649247925,0.25296917341478525,-13.183870462628782,-13.183870462628782,0.2526518331345266,0.2526502225444001,6.430636444765256,6.179947119993556,0,-2
2023-06-13 05:32:00,2023-06-13 05:32:59,0.2526,0.2527,0.2526,0.2527,0.25262825722534127,0.25265,0.2526,0.2527,True,0.00028180236750094146,-6.0210804833276326e-05,0,0.25297496495363225,0.2529612371262065,-10.803328866036445,-10.803328866036445,0.25265181489438204,0.2526507178424658,7.88683375885531,6.634280910648589,0,-1
2023-06-13 05:33:00,2023-06-13 05:33:59,0.2528,0.2524,0.2524,0.2528,0.2526391286126706,0.25260000000000005,0.2524,0.2528,True,0.00029024505553658934,-6.967596388177827e-05,0,0.25296810103991935,0.25295251035954697,-14.029157843265345,-14.029157843265345,0.25265129932329367,0.25264822313756563,7.628893056942037,7.315454420187564,0,-2
2023-06-13 05:34:00,2023-06-13 05:34:59,0.2525,0.2525,0.2525,0.2525,0.25261956430633536,0.2525,0.2525,0.25261956430633536,True,0.00027665612299826073,-6.520921956328371e-05,0,0.25296030569973316,0.2529425350124888,-13.45143893918663,-13.45143893918663,0.2526497938573902,0.25264674828047545,6.783629140501893,7.433118652099776,0,-2
2023-06-13 05:35:00,2023-06-13 05:35:59,0.2526,0.2528,0.2526,0.2528,0.25255978215316766,0.25270000000000004,0.2526,0.2528,True,0.00027832354278410084,-3.811487118900121e-05,0,0.252951420356111,0.2529330173034843,-6.944421604742182,-6.944421604742182,0.25265029342099826,0.25264827317320704,17.064821279553506,10.492447825665842,0,-1
2023-06-13 05:36:00,2023-06-13 05:36:59,0.2527,0.2528,0.2527,0.2528,0.25262989107658385,0.25275000000000003,0.2527,0.2528,True,0.000265586146870954,-1.811676526860501e-05,0,0.25294221882979767,0.2529242682509165,-2.6064100484458805,-0.0,0.252651285526262,0.2526497828928766,33.84544597032636,19.23129879679395,0,-1
2023-06-13 05:37:00,2023-06-13 05:37:59,0.2528,0.2529,0.2528,0.2529,0.25268994553829194,0.25285,0.2528,0.2529,True,0.0002537585649515993,3.282249779461871e-06,0,0.2529332435403571,0.25291687050111844,2.100907042095173,0.0,0.2526532627847071,0.2526522726153355,59.48610501378093,36.79879075455363,0,-1
2023-06-13 05:38:00,2023-06-13 05:38:59,0.253,0.2531,0.253,0.2532,0.252769972769146,0.253075,0.253,0.2532,True,0.0002570615245979113,3.1478007441382755e-05,0,0.2529250570207378,0.25291213113720457,8.18061090230718,8.18061090230718,0.25265745917490906,0.2526567276141879,77.66126148068999,56.997604154932446,0,-1
2023-06-13 05:39:00,2023-06-13 05:39:59,0.2532,0.2534,0.2532,0.2534,0.252922486384573,0.25329999999999997,0.2532,0.2534,True,0.00026012855855520495,6.960788548193745e-05,0,0.2529185940789712,0.25291106099554883,15.122188626190507,15.122188626190507,0.25266385261595475,0.25266412335932037,92.30732571012116,76.48489740153072,0,-1
2023-06-13 05:40:00,2023-06-13 05:40:59,0.2535,0.2536,0.2534,0.2537,0.2531112431922865,0.25355,0.2534,0.2537,True,0.00026297651865840225,0.00010547773436062642,0,0.25291482753726,0.2529146022665571,21.075692886992428,21.075692886992428,0.2526726700028607,0.2526734355647003,99.99999999999993,89.98952906360371,1,2
2023-06-13 05:41:00,2023-06-13 05:41:59,0.2536,0.2536,0.2536,0.2536,0.2533306215961433,0.2536,0.2536,0.2536,True,0.0002441924816113735,0.00012438942793052045,0,0.2529147149019086,0.25292209289147405,25.044695727527042,25.044695727527042,0.25268189716701134,0.2526826551113202,99.99999999999993,97.43577523670704,0,2
2023-06-13 05:42:00,2023-06-13 05:42:59,0.2536,0.2538,0.2536,0.2538,0.25346531079807166,0.25370000000000004,0.2536,0.2538,True,0.0002410358757819921,0.0001449992594540765,0,0.25291840389669135,0.252933327583191,28.90648235867384,28.90648235867384,0.252692027543459,0.25269377297090906,99.99999999999993,99.99999999999996,0,2
2023-06-13 05:43:00,2023-06-13 05:43:59,0.2538,0.2538,0.2538,0.2538,0.25358265539903585,0.2538,0.2538,0.2538,True,0.00022381902751184983,0.00015183063057488987,0,0.2529258657399412,0.25294811902944364,31.48100677943836,31.48100677943836,0.2527030521450166,0.25270478020502934,99.99999999999993,99.99999999999996,0,2
2023-06-13 05:44:00,2023-06-13 05:44:59,0.2539,0.2539,0.2537,0.254,0.25369132769951797,0.253875,0.2537,0.254,True,0.0002292605255467193,0.0001560563467472689,0,0.2529369923846924,0.2529661238282639,33.79315881580783,33.79315881580783,0.252714713317703,0.25271667293930766,99.99999999999993,99.99999999999996,0,2
2023-06-13 05:45:00,2023-06-13 05:45:59,0.2539,0.254,0.2539,0.2542,0.25378316384975896,0.254,0.2539,0.2542,True,0.00023431334515052268,0.0001581529153261132,0,0.2529515581064782,0.2529873926230245,35.86834622907135,35.86834622907135,0.2527275022399149,0.25272944236279715,99.99999999999993,99.99999999999996,0,2
2023-06-13 05:46:00,2023-06-13 05:46:59,0.2541,0.2542,0.254,0.2543,0.2538915819248795,0.25415,0.254,0.2543,True,0.0002390052490683441,0.00016537772717302007,0,0.25296947536475134,0.2530121144177124,38.080694105149234,38.080694105149234,0.25274165644648294,0.2527440747770977,99.99999999999993,99.99999999999996,0,2
2023-06-13 05:47:00,2023-06-13 05:47:59,0.2543,0.2545,0.2543,0.2546,0.25402079096243974,0.254425,0.2543,0.2546,True,0.0002505048741348918,0.00018218086437698714,0,0.25299079489123183,0.253041271958177,40.32904148300675,40.32904148300675,0.25275840613358264,0.2527615466698629,99.99999999999993,99.99999999999996,0,2
2023-06-13 05:48:00,2023-06-13 05:48:59,0.2546,0.2546,0.2545,0.2547,0.2542228954812199,0.2546,0.2545,0.2547,True,0.00024689738312525504,0.00019041053170978093,0,0.2530160334247044,0.2530749224268572,42.01799778886952,42.01799778886952,0.2527767304506614,0.2527798397378245,99.99999999999993,99.99999999999996,0,2
2023-06-13 05:49:00,2023-06-13 05:49:59,0.2546,0.2546,0.2544,0.2546,0.25441144774061,0.25455,0.2544,0.2546,True,0.0002435475700448781,0.00018555967585511142,0,0.2530454779257808,0.253111536278344,43.14396865944471,43.14396865944471,0.25279437492378914,0.2527979507852093,97.92899611583611,99.30966537194536,0,2
2023-06-13 05:50:00,2023-06-13 05:50:59,0.2546,0.2546,0.2544,0.2547,0.25448072387030496,0.254575,0.2544,0.2547,True,0.0002475798864702416,0.00017216670029088904,0,0.25307850710206237,0.2531504035385825,43.894615906494835,43.894615906494835,0.252812092586239,0.25281588162316737,95.96795099924692,97.96564903836101,0,2
2023-06-13 05:51:00,2023-06-13 05:51:59,0.2546,0.2547,0.2546,0.2547,0.2545278619351525,0.25465,0.2546,0.2547,True,0.0002370384660080807,0.0001604283544780759,0,0.2531144553203224,0.2531912928323992,44.64053332061579,44.64053332061579,0.25283038022219684,0.252834629069703,94.72350004957742,96.2068157215535,0,2
2023-06-13 05:52:00,2023-06-13 05:52:59,0.2547,0.2548,0.2547,0.255,0.25458893096757623,0.2548,0.2547,0.255,True,0.00024153571843607652,0.0001500248813785853,0,0.2531528740763608,0.253234522702952,45.34542319007561,45.34542319007561,0.25284997842894114,0.2528541849993577,96.79450393374124,95.8286516608552,0,2
2023-06-13 05:53:00,2023-06-13 05:53:59,0.2548,0.2547,0.2547,0.2549,0.25469446548378816,0.254775,0.2547,0.2549,True,0.00023856888140493058,0.0001269923147662321,0,0.2531936983896564,0.2532791271965573,40.59220203712384,40.59220203712384,0.25286913287243423,0.25287255131777203,96.1530831541019,95.8903623791402,0,1
2023-06-13 05:54:00,2023-06-13 05:54:59,0.2548,0.2549,0.2547,0.2549,0.25473473274189407,0.25482499999999997,0.2547,0.2549,True,0.00023581396130458078,0.00011719286200852956,0,0.2532364127931068,0.25332485095947094,39.18802917459283,39.18802917459283,0.25288859423688764,0.25289272493650067,96.01466226775801,96.3207497852004,0,1
2023-06-13 05:55:00,2023-06-13 05:55:59,0.2549,0.2549,0.2548,0.255,0.254779866370947,0.2549,0.2548,0.255,True,0.00023325582121139487,0.0001024833768838721,0,0.25328063187628885,0.25337165679710294,38.251913932905495,38.251913932905495,0.2529086082245803,0.25291269782270465,96.01466226775801,96.060802563206,0,1
2023-06-13 05:56:00,2023-06-13 05:56:59,0.2549,0.255,0.2547,0.255,0.2548399331854735,0.2549,0.2547,0.255,True,0.0002380232625534397,9.194965444778744e-05,0,0.25332614433669587,0.253418993421948,38.389312181091725,38.389312181091725,0.2529284230681168,0.25293346699859814,98.6171281639865,96.88215089983419,0,1
2023-06-13 05:57:00,2023-06-13 05:57:59,0.2551,0.2547,0.2547,0.2551,0.25486996659273675,0.2549,0.2547,0.2551,True,0.0002495930295139091,5.700993974596031e-05,0,0.2533725688793219,0.25346642315971146,27.354144872835718,27.354144872835718,0.25294804074903104,0.25295104444139815,99.99999999999989,98.21059681058148,0,1
2023-06-13 05:58:00,2023-06-13 05:58:59,0.2547,0.2546,0.2546,0.2548,0.2548849832963684,0.254675,0.2546,0.2548849832963684,True,0.00024605067026291797,2.148093406832024e-05,0,0.2534194960195167,0.2535120570482099,17.585475775642294,0.0,0.25296522442317004,0.2529674519593942,66.66666666666656,88.42793161021767,0,1
2023-06-13 05:59:00,2023-06-13 05:59:59,0.2546,0.2545,0.2545,0.2546,0.2547799916481842,0.25455,0.2545,0.2547799916481842,True,0.0002356184795298516,-1.2868957330719336e-05,0,0.25346577653386326,0.2535551063220142,8.899017015132728,0.0,0.2529809933343823,0.2529827011936291,33.333333333333265,66.66666666666659,0,1
2023-06-13 06:00:00,2023-06-13 06:00:59,0.2546,0.2545,0.2542,0.255,0.2546649958240921,0.254575,0.2542,0.255,True,0.000275931445277721,-3.803612183164598e-05,0,0.2535104414279387,0.2535959968732803,3.1080445081263477,0.0,0.2529968540972243,0.25299779869419,1.1699363671571619,33.723312122385686,0,1
2023-06-13 06:01:00,2023-06-13 06:01:59,0.2543,0.2541,0.2541,0.2544,0.25461999791204604,0.254225,0.2541,0.25461999791204604,True,0.0002847934849007417,-8.350288960225953e-05,0,0.2535532191506095,0.25363250592223063,-6.82633335586803,-6.82633335586803,0.25300907445446585,0.25300876587136223,1.1699363671571619,11.891068689215885,0,1
2023-06-13 06:02:00,2023-06-13 06:02:59,0.2541,0.254,0.254,0.2541,0.254422498956023,0.25405,0.254,0.254422498956023,True,0.0002715939502649737,-0.00011934484739987739,-1,0.25359286253642005,0.25366411420658613,-14.352893095002877,-14.352893095002877,0.25301943192258064,0.2530186288975178,1.1699363671571619,1.169936367157184,0,1
2023-06-13 06:03:00,2023-06-13 06:03:59,0.2541,0.254,0.2539,0.2542,0.2542362494780115,0.25405,0.2539,0.2542362494780115,True,0.0002736229538174732,-0.00014030284856704017,0,0.2536284883715031,0.25369164721806614,-19.370599587759443,-19.370599587759443,0.2530296863313112,0.2530283937841097,-6.455284059760146e-14,0.7799575781047753,0,-2
2023-06-13 06:04:00,2023-06-13 06:04:59,0.2541,0.2542,0.254,0.2542,0.25414312473900574,0.254125,0.254,0.2542,True,0.00026836417140193783,-0.00013675359307080035,0,0.2536600677947846,0.25371629741257223,-16.07358572140766,-16.07358572140766,0.2530405849747807,0.2530400515574021,2.4016491771628488,1.1905285147733375,0,-2
2023-06-13 06:05:00,2023-06-13 06:05:59,0.2543,0.2548,0.2542,0.2548,0.25413406236950287,0.254525,0.2542,0.2548,True,0.0002920524448732312,-8.986715764702476e-05,0,0.2536881826036784,0.2537412532438381,-4.4654382002601665,-4.4654382002601665,0.2530553552735391,0.2530575634822041,15.084406909237382,5.8286853621334105,0,-1
2023-06-13 06:06:00,2023-06-13 06:06:59,0.2547,0.255,0.2547,0.2552,0.25432953118475143,0.2549,0.2547,0.2552,True,0.00030690584166800044,-4.434886355415314e-05,0,0.25371471792375827,0.25376885138033156,4.935339503989411,0.0,0.2530737099474343,0.2530768912087493,34.43534866918844,17.30713491852958,0,2
2023-06-13 06:07:00,2023-06-13 06:07:59,0.255,0.2554,0.255,0.2555,0.2546147655923757,0.255225,0.255,0.2555,True,0.0003206982815488576,1.2027898798187852e-05,1,0.2537417846520449,0.253800570315373,13.626625884953114,0.0,0.2530951158186041,0.25310000671911004,55.7570559989178,35.09227052578123,0,2
2023-06-13 06:08:00,2023-06-13 06:08:59,0.2553,0.2551,0.2549,0.2553,0.2549198827961878,0.25515,0.2549,0.2553,True,0.0003335055471525107,2.48741543215869e-05,0,0.253771177483709,0.253834801378705,14.033835336033917,0.0,0.2531155624273742,0.2531199071497657,64.54337859165459,51.5785944199203,0,2
2023-06-13 06:09:00,2023-06-13 06:09:59,0.2552,0.2552,0.2551,0.2553,0.2550349413980939,0.2552,0.2551,0.2553,True,0.00032396943664161947,3.638779452181583e-05,0,0.253802989431207,0.2538711184499821,15.171223752691049,0.0,0.25313630309973867,0.2531406045910615,67.34546492246274,62.54863317101174,0,2
2023-06-13 06:10:00,2023-06-13 06:10:59,0.2552,0.2557,0.2552,0.2557,0.25511747069904694,0.25544999999999995,0.2552,0.2557,True,0.0003365430483100752,7.389208195789966e-05,0,0.2538370539405946,0.25391054394211976,19.262947161181003,19.262947161181003,0.25315932495944277,0.253166071212046,68.95559367791002,66.94814573067582,0,2
2023-06-13 06:11:00,2023-06-13 06:11:59,0.2557,0.2556,0.2554,0.2557,0.2552837353495234,0.2556,0.2554,0.2557,True,0.0003339328305736389,8.525275522081749e-05,0,0.2538737989413572,0.25395317537457723,20.218164889421516,20.218164889421516,0.2531836102832294,0.25319028940894106,80.81984668643202,72.37363509560163,0,2
2023-06-13 06:12:00,2023-06-13 06:12:59,0.2555,0.2553,0.2553,0.2555,0.25544186767476174,0.2554,0.2553,0.2555,True,0.00033150905696123376,6.534723667562256e-05,0,0.25391348715796724,0.25399666615673794,16.08972290806625,0.0,0.25320566391225197,0.2532112815541257,84.34003765046663,78.03849267160292,0,1
2023-06-13 06:13:00,2023-06-13 06:13:59,0.2552,0.2551,0.2549,0.2552,0.25542093383738085,0.2551,0.2549,0.25542093383738085,True,0.00033640126717828927,3.287133864842589e-05,0,0.2539550766573526,0.2540384767989074,10.699123080471274,0.0,0.25322451302755294,0.2532300747724926,74.85781477471436,80.00589970387104,0,1
2023-06-13 06:14:00,2023-06-13 06:14:59,0.2551,0.2555,0.2551,0.2555,0.2552604669186904,0.25529999999999997,0.2551,0.2555,True,0.00034094403380841227,3.481559667379311e-05,0,0.25399677672813004,0.2540800500022696,11.232969627100978,0.0,0.2532451646392191,0.2532526610931643,61.194256781012236,73.46403640206445,0,2
2023-06-13 06:15:00,2023-06-13 06:15:59,0.2554,0.2552,0.2551,0.2555,0.2552802334593452,0.25529999999999997,0.2551,0.2555,True,0.0003451623171078122,1.0869404257501003e-05,0,0.25403841336519983,0.2541211510320023,7.808874988543906,0.0,0.25326561076221193,0.25327203759969996,55.190813065849625,63.747628207192115,0,1
2023-06-13 06:16:00,2023-06-13 06:16:59,0.2552,0.2554,0.2552,0.2554,0.2552901167296726,0.25529999999999997,0.2552,0.2554,True,0.00033479358017154227,5.5273465551356794e-06,0,0.2540797821986011,0.25416159831934243,7.60389626631067,0.0,0.2532858534411949,0.25329321135492683,59.00932601889357,58.46479862191851,0,1
2023-06-13 06:17:00,2023-06-13 06:17:59,0.2554,0.2556,0.2554,0.2557,0.2552950583648363,0.255525,0.2554,0.2557,True,0.00033230832444500116,1.2444254709064243e-05,0,0.25412069025897177,0.2542027971385736,9.355599804778166,0.0,0.25330813350645665,0.2533161644757733,62.50364427987032,58.90126112153788,0,2
2023-06-13 06:18:00,2023-06-13 06:18:59,0.2556,0.2554,0.2553,0.2558,0.2554100291824182,0.255525,0.2553,0.2558,True,0.00034428630127035823,-4.7248407552744325e-07,0,0.2541617436987727,0.2542443049764343,7.6518633631566075,0.0,0.2533301918795267,0.25333689915760643,58.7088994491001,60.07395658262137,0,1
2023-06-13 06:19:00,2023-06-13 06:19:59,0.2554,0.2556,0.2554,0.2556,0.2554675145912091,0.2555,0.2554,0.2556,True,0.0003339801368939025,1.7969952835123794e-06,0,0.2542030243376035,0.25428559979233883,8.670058856558974,0.0,0.2533517820100787,0.25335941757394864,52.77782101150217,57.99678824682423,0,2
2023-06-13 06:20:00,2023-06-13 06:20:59,0.2555,0.2549,0.2549,0.2557,0.2554837572956046,0.25525,0.2549,0.2557,True,0.00036726726997290715,-4.793428501913104e-05,0,0.25424431206497117,0.25432472830234026,1.8148045253167169,0.0,0.2533706697512719,0.2533747467523173,29.613727410894185,47.033482623832185,0,1
2023-06-13 06:21:00,2023-06-13 06:21:59,0.2549,0.2543,0.2543,0.2549,0.2553668786478023,0.25460000000000005,0.2543,0.2553668786478023,True,0.00038389103640341303,-0.00012211741239552684,0,0.2542845201836557,0.25435742311002685,-6.272537090211529,-6.272537090211529,0.2533829018930503,0.25338395325229424,13.738696902033192,32.043415108143215,0,-2
2023-06-13 06:22:00,2023-06-13 06:22:59,0.2542,0.2539,0.2534,0.2542,0.25498343932390116,0.253925,0.2534,0.25498343932390116,True,0.00042075596237459866,-0.00019486507532450294,-1,0.2543209716468413,0.25438019707964615,-13.329700187728278,-13.329700187728278,0.2533882959040647,0.25338908804580373,-7.579122514774402e-14,14.450808104309134,0,-2
2023-06-13 06:23:00,2023-06-13 06:23:59,0.2539,0.2538,0.2537,0.254,0.2544542196619506,0.25385,0.2537,0.2544542196619506,True,0.00041213053649070036,-0.00024252886931134567,0,0.2543505843632437,0.2543944894702751,-18.422430006433075,-18.422430006433075,0.253392889974671,0.2533931767219649,-7.579122514774402e-14,4.579565634011048,-1,-2
2023-06-13 06:24:00,2023-06-13 06:24:59,0.2538,0.2537,0.2537,0.254,0.2541521098309753,0.2538,0.2537,0.2541521098309753,True,0.00040412121245565194,-0.0002714392015757142,0,0.2543725369167594,0.25440166313994506,-22.233362406365462,-22.233362406365462,0.2533969408206942,0.25339622968990555,-7.579122514774402e-14,-4.1843072216983674e-14,0,-2
2023-06-13 06:25:00,2023-06-13 06:25:59,0.2537,0.2536,0.2536,0.2538,0.2539760549154877,0.253675,0.2536,0.2539760549154877,True,0.0003895411258516792,-0.0002864836657894954,0,0.2543871000283522,0.25440232533860496,-25.213101916771713,-25.213101916771713,0.25339970757869723,0.2533982572551801,-7.579122514774402e-14,-4.1843072216983674e-14,0,-2
2023-06-13 06:26:00,2023-06-13 06:26:59,0.2535,0.2535,0.2533,0.2536,0.25382552745774384,0.253475,0.2533,0.25382552745774384,True,0.0003831453311479855,-0.00029142022766911335,0,0.2543947126834785,0.25439648425426614,-27.656242820543703,-27.656242820543703,0.25340045675701867,0.2533992696208002,-7.579122514774402e-14,-4.1843072216983674e-14,0,-2
2023-06-13 06:27:00,2023-06-13 06:27:59,0.2535,0.2536,0.2535,0.2537,0.2536502637288719,0.253575,0.2535,0.2537,True,0.0003700635217802707,-0.0002754100058692533,0,0.2543955984688723,0.25438624927188436,-27.07550375495723,-27.07550375495723,0.25340219350570503,0.2534012669380062,2.4104165569666853,0.8034721856555452,0,-2
2023-06-13 06:28:00,2023-06-13 06:28:59,0.2536,0.2536,0.2536,0.2538,0.25361263186443594,0.25365,0.2536,0.2538,True,0.00035791612736739664,-0.0002529833673454052,0,0.25439092387037826,0.2543731397452964,-26.68834437789958,-26.68834437789958,0.25340465924196665,0.2534032443814091,6.6340649274681995,3.0148271614783035,0,-2
2023-06-13 06:29:00,2023-06-13 06:29:59,0.2537,0.2536,0.2535,0.2538,0.253631315932218,0.25365,0.2535,0.2538,True,0.00035377926112686994,-0.00022700219522046265,0,0.2543820318078373,0.25435785701513336,-26.430238126527815,-26.430238126527815,0.2534071004435391,0.2534052021487583,10.857713297969715,6.634064927468234,0,-1
2023-06-13 06:30:00,2023-06-13 06:30:59,0.2537,0.2542,0.2537,0.2543,0.253640657966109,0.253975,0.2537,0.2543,True,0.00037850931390352456,-0.000158375936944017,0,0.2543699444114853,0.25434319800792005,-14.761622782776143,-14.761622782776143,0.2534127511853944,0.25341311058508903,20.324384358284316,12.605387527907444,0,-1
2023-06-13 06:31:00,2023-06-13 06:31:59,0.2541,0.254,0.2535,0.2544,0.25380782898305454,0.254,0.2535,0.2544,True,0.0004157586486247022,-0.00011985807385071434,0,0.2543565712097026,0.25432930216513683,-9.985189924322412,-9.985189924322412,0.2534185944571815,0.2534189502807598,28.521149144865603,19.90108226703991,0,-1
2023-06-13 06:32:00,2023-06-13 06:32:59,0.2541,0.254,0.2539,0.2541,0.25390391449152727,0.254025,0.2539,0.2541,True,0.00040034731658007905,-8.86256110083612e-05,0,0.2543429366874197,0.2543162740339224,-6.8009013520199275,-6.8009013520199275,0.2534246283431797,0.25342473187000597,37.594326889080094,28.81328679741004,0,-1
2023-06-13 06:33:00,2023-06-13 06:33:59,0.254,0.2538,0.2538,0.254,0.25396445724576366,0.2539,0.2538,0.254,True,0.0003860367939672147,-7.707524713187263e-05,0,0.254329605360671,0.2543031608120302,-7.673569632349327,-7.673569632349327,0.2534293584094167,0.2534284658812497,39.88293167944432,35.33280257113004,0,-1
2023-06-13 06:34:00,2023-06-13 06:34:59,0.2538,0.2538,0.2538,0.2542,0.25393222862288184,0.2539,0.2538,0.2542,True,0.0003870341658266962,-6.492842766336269e-05,0,0.2543163830863506,0.2542900705682967,-8.25534848590226,-8.25534848590226,0.25343404141031806,0.25343216273815267,55.2472648115542,44.241507793359574,0,-1
2023-06-13 06:35:00,2023-06-13 06:35:59,0.2538,0.2543,0.2538,0.2543,0.2539161143114409,0.25405,0.2538,0.2543,True,0.0003951031539819322,-1.854962891862443e-05,0,0.25430322682732365,0.2542781173879419,-0.821272748615371,-0.0,0.2534401703515089,0.25344079793478796,75.28377203017153,56.80465617372338,0,-1
2023-06-13 06:36:00,2023-06-13 06:36:59,0.2543,0.2545,0.2543,0.2548,0.25398305715572045,0.254475,0.2543,0.2548,True,0.00040259578584036566,2.7337735469896193e-05,0,0.2542906721076328,0.2542700573890832,6.044542483980521,0.0,0.2534504671639317,0.2534513372588199,94.45141295585927,74.99414993252837,0,-1
2023-06-13 06:37:00,2023-06-13 06:37:59,0.2546,0.2547,0.2546,0.2549,0.2542290285778602,0.25470000000000004,0.2546,0.2549,True,0.00040241037256605463,7.080249045234903e-05,0,0.25428036474835797,0.2542666615588388,12.239013202413183,0.0,0.25346290032647967,0.2534637617637073,99.99999999999993,89.91172832867694,0,-1
2023-06-13 06:38:00,2023-06-13 06:38:59,0.2546,0.2549,0.2546,0.2549,0.25446451428893013,0.25475000000000003,0.2546,0.2549,True,0.0003950953459541952,0.00011063387959439768,0,0.25427351315359836,0.2542673042135257,17.734689803504764,17.734689803504764,0.25347570728840524,0.2534780526914316,99.99999999999993,98.15047098528642,0,-1
2023-06-13 06:39:00,2023-06-13 06:39:59,0.2549,0.2545,0.2542,0.2549,0.2546072571444651,0.254625,0.2542,0.2549,True,0.00041687424981461227,0.00010500435452611819,0,0.25427040868356204,0.25427026435357236,14.067611837385684,14.067611837385684,0.2534871430367793,0.2534882213213676,96.46305358061262,98.82101786020421,0,-1
2023-06-13 06:40:00,2023-06-13 06:40:59,0.2544,0.2542,0.2541,0.2545,0.25461612857223254,0.25429999999999997,0.2541,0.25461612857223254,True,0.0004156689462564265,7.692141812325121e-05,0,0.2542703365185672,0.25427279891080584,7.823491757345288,0.0,0.2534952311657666,0.2534953036962794,83.79293113576524,93.41866157212597,0,-2
2023-06-13 06:41:00,2023-06-13 06:41:59,0.2541,0.2538,0.2536,0.2541,0.2544580642861163,0.2539,0.2536,0.2544580642861163,True,0.00042883545009525243,2.8599801629691204e-05,0,0.2542715677146865,0.2542722365885536,-0.01529564083247692,-0.0,0.253499258716356,0.2534983355002965,61.01870014981628,80.42489495539807,0,-2
2023-06-13 06:42:00,2023-06-13 06:42:59,0.2539,0.2541,0.2538,0.2541,0.25417903214305815,0.253975,0.2538,0.25417903214305815,True,0.00041963291794558914,1.7316107317428376e-05,0,0.25427190215162004,0.2542697545091917,-1.3081374479817,-0.0,0.25350399246047184,0.2535043222117363,43.90709438211619,62.9062418892326,0,-2
2023-06-13 06:43:00,2023-06-13 06:43:59,0.2541,0.254,0.254,0.2542,0.2540770160715291,0.254075,0.254,0.2542,True,0.00040394485237804547,3.0283357318300038e-06,0,0.2542708283304059,0.254266464127607,-3.2001694523717177,-0.0,0.25350967412753184,0.25350925432903243,31.89080376952172,45.60553276715142,0,-2
2023-06-13 06:44:00,2023-06-13 06:44:59,0.2539,0.2538,0.2538,0.2541,0.2540760080357646,0.2539,0.2538,0.2541,True,0.00039652022006532553,-1.94222590658071e-05,0,0.2542686462290064,0.25426135925340837,-6.448498533231749,-6.448498533231749,0.2535135579670589,0.25351214732078337,24.44294445263165,33.41361420142321,0,-2
2023-06-13 06:45:00,2023-06-13 06:45:59,0.2539,0.2542,0.2538,0.2542,0.2539880040178823,0.254025,0.2538,0.2542,True,0.000396768775774942,-4.967816109984125e-06,0,0.2542650027412074,0.25425571847421313,-3.3775087346071118,-0.0,0.25351864694251103,0.2535189916260492,19.955154436072657,25.429634219408698,0,-1
2023-06-13 06:46:00,2023-06-13 06:46:59,0.2543,0.2548,0.2543,0.2548,0.25400650200894115,0.25455000000000005,0.2543,0.2548,True,0.0004112852917910208,4.6420284944167334e-05,0,0.2542603606077103,0.2542532965333084,3.5505392098834463,0.0,0.25352890916198856,0.2535317379780288,37.060832919266275,27.152977269323546,0,-1
2023-06-13 06:47:00,2023-06-13 06:47:59,0.2547,0.2548,0.2547,0.255,0.2542782510044706,0.2548,0.2547,0.255,True,0.0004033363423773781,7.816126035424528e-05,0,0.25425682857050935,0.25425514068938304,8.169237839543818,8.169237839543818,0.2535415568320185,0.2535443575006355,66.30257562554128,41.10618766029342,1,-1
2023-06-13 06:48:00,2023-06-13 06:48:59,0.2548,0.2549,0.2548,0.2549,0.25453912550223534,0.25485,0.2548,0.2549,True,0.0003816694607789932,0.00010250419521055096,0,0.2542559846299462,0.25426067397391255,12.000670880883568,12.000670880883568,0.2535545761670233,0.25355784648072865,91.43891782918764,64.93410879133175,0,2
2023-06-13 06:49:00,2023-06-13 06:49:59,0.2549,0.2546,0.2546,0.2549,0.2546945627511177,0.25475000000000003,0.2546,0.2549,True,0.00037583592786620963,9.33751970659191e-05,0,0.2542583293019294,0.254268387664656,9.921442721329626,9.921442721329626,0.25356647093153056,0.2535682161674876,94.85034512946079,84.19727952806325,0,2
2023-06-13 06:50:00,2023-06-13 06:50:59,0.2547,0.2549,0.2547,0.2549,0.25472228137555886,0.2548,0.2547,0.2549,True,0.0003704190758757677,0.00010400585081282185,0,0.2542633584832927,0.25427810813359697,11.383976970389163,11.383976970389163,0.25357874485260984,0.2535814677479106,93.1683696080662,93.15254418890488,0,2
2023-06-13 06:51:00,2023-06-13 06:51:59,0.2549,0.2549,0.2548,0.2549,0.25476114068777944,0.254875,0.2548,0.2549,True,0.0003511034275989264,0.00010619319569471058,0,0.2542707333084448,0.2542898564401313,12.358999803095521,12.358999803095521,0.2535916429137779,0.253594587471812,92.81201525196012,93.61024332982906,0,2
2023-06-13 06:52:00,2023-06-13 06:52:59,0.2549,0.2547,0.2547,0.2549,0.2548180703438897,0.2548,0.2547,0.2549,True,0.0003403103256275769,8.893581324520218e-05,0,0.25428029487428805,0.25430260609182725,9.655385689132743,9.655385689132743,0.25360366636737214,0.2536055866014457,93.06288853457936,93.01442446486858,0,1
2023-06-13 06:53:00,2023-06-13 06:53:59,0.2547,0.2549,0.2547,0.2549,0.25480903517194486,0.2548,0.2547,0.2549,True,0.0003302881595113238,8.716501068284092e-05,0,0.2542914504830576,0.25431605663344153,10.263510146555483,10.263510146555483,0.2536155701846122,0.2536184663367547,91.80677766118215,92.5605604825739,0,2
2023-06-13 06:54:00,2023-06-13 06:54:59,0.2549,0.255,0.2549,0.255,0.25480451758597245,0.25495,0.2549,0.255,True,0.00031383900526051414,8.848680843902337e-05,1,0.2543037535582496,0.2543309958651177,11.78115870394695,11.78115870394695,0.25362884809322306,0.2536322129403691,92.16313201728825,92.3442660710166,0,2
2023-06-13 06:55:00,2023-06-13 06:55:59,0.2549,0.2542,0.2542,0.2549,0.2548772587929862,0.25455,0.2542,0.2549,True,0.0003485647905990505,2.9889966977892274e-05,0,0.25431737471168364,0.25434426022854634,2.983593016787438,0.0,0.25363801378383777,0.253637862562853,77.55935811298455,87.17642259715167,0,1
2023-06-13 06:56:00,2023-06-13 06:56:59,0.2542,0.2545,0.2542,0.2547,0.2547136293964931,0.25439999999999996,0.2542,0.2547136293964931,True,0.00035938159127054693,1.0564541097402388e-05,0,0.254330817470115,0.25435508578926597,0.7722983356797215,0.0,0.2536455957362374,0.25364644104481465,57.17423006450188,75.63224006492491,0,1
2023-06-13 06:57:00,2023-06-13 06:57:59,0.2545,0.2549,0.2545,0.255,0.25455681469824654,0.254725,0.2545,0.255,True,0.00036942576332265074,2.4336854385138856e-05,0,0.2543429516296905,0.25436614683422865,3.116011848558692,0.0,0.25365633607717036,0.2536589142682493,44.93934290477866,59.890977027421734,0,2
2023-06-13 06:58:00,2023-06-13 06:58:59,0.255,0.2548,0.2548,0.2553,0.25464090734912326,0.254975,0.2548,0.2553,True,0.00037875249451389,2.456407255584938e-05,0,0.2543545492319596,0.2543790326529267,3.518728176106727,0.0,0.25366945711122835,0.2536702683551324,58.203895751129004,53.43915624013655,0,2
2023-06-13 06:59:00,2023-06-13 06:59:59,0.2549,0.2551,0.2549,0.2551,0.25480795367456166,0.255,0.2549,0.2551,True,0.0003731273163343241,4.341223727583721e-05,0,0.2543667909424432,0.2543934382449862,6.498792235519851,6.498792235519851,0.25368269634395246,0.25368449454065345,77.48007085753464,60.20776983781413,0,2
2023-06-13 07:00:00,2023-06-13 07:00:59,0.2551,0.2544,0.2544,0.2551,0.25490397683728083,0.25475000000000003,0.2544,0.2551,True,0.0003964753651675851,4.810864145104787e-06,0,0.25438011459371473,0.2544072262617536,1.5579075631156272,0.0,0.2536933162808286,0.25369161399796036,70.25869001203519,68.64755220689965,0,1
2023-06-13 07:01:00,2023-06-13 07:01:59,0.2544,0.2543,0.2543,0.2547,0.25482698841864043,0.254425,0.2543,0.25482698841864043,True,0.00039672712479846874,-2.806526831942619e-05,0,0.2543936704277342,0.2544182036110661,-2.4856793085252633,-0.0,0.2537005967158452,0.25369766759002044,42.183011728011046,63.30725753252699,0,-2
2023-06-13 07:02:00,2023-06-13 07:02:59,0.2543,0.2538,0.2536,0.2543,0.2546259942093202,0.254,0.2536,0.2546259942093202,True,0.000418389473027152,-8.314653675956776e-05,-1,0.2544059370194002,0.2544239768338623,-8.395874483367422,-8.395874483367422,0.25370357585300096,0.25369868582295557,13.877065328110575,42.106255689385634,-1,-2
2023-06-13 07:03:00,2023-06-13 07:03:59,0.2538,0.2537,0.2537,0.254,0.2543129971046601,0.2538,0.2537,0.2543129971046601,True,0.0004099330820966427,-0.0001225467479385299,0,0.25441495692663124,0.2544242409881127,-12.88647139198352,-12.88647139198352,0.25370453529724973,0.2536986988993441,-9.710750722054702e-14,18.686692352040538,0,-2
2023-06-13 07:04:00,2023-06-13 07:04:59,0.2538,0.2536,0.2535,0.2538,0.25405649855233003,0.25367500000000004,0.2535,0.25405649855233003,True,0.0004020807190897413,-0.00014983961016919867,0,0.254419598957372,0.2544193083686419,-16.465213089745248,-16.465213089745248,0.253704241413695,0.25369771682074366,-9.710750722054702e-14,4.62568844270349,0,-2
2023-06-13 07:05:00,2023-06-13 07:05:59,0.2537,0.254,0.2537,0.254,0.253865749276165,0.25385,0.2537,0.254,True,0.00040193209629761775,-0.0001335489564733005,0,0.25441945366300694,0.2544115188217951,-13.195786658794752,-13.195786658794752,0.2537056917478871,0.25370072461357207,5.247030256378941,1.749010085459612,0,-1
2023-06-13 07:06:00,2023-06-13 07:06:59,0.2539,0.2536,0.2536,0.2539,0.2538578746380825,0.25375000000000003,0.2536,0.2539,True,0.0004017940894192173,-0.00014445074639082283,0,0.254415486242401,0.2544008473341624,-14.145922452678718,-14.145922452678718,0.2537061326260176,0.25369972237861116,8.603373530782674,4.616801262387202,0,-2
2023-06-13 07:07:00,2023-06-13 07:07:59,0.2536,0.2534,0.2533,0.2537,0.2538039373190413,0.2535,0.2533,0.2538039373190413,True,0.0004016659401749843,-0.000158493691739876,0,0.2544081667882817,0.25438626482616916,-16.081196484273264,-16.081196484273264,0.2537040815551119,0.25369674006638615,8.603373530782674,7.484592439314793,0,-2
2023-06-13 07:08:00,2023-06-13 07:08:59,0.2535,0.2528,0.2528,0.2535,0.25365196865952067,0.25315,0.2528,0.25365196865952067,True,0.0004229755158767696,-0.0002011067968637423,0,0.25439721580722546,0.2543663018236416,-20.304411154655185,-20.304411154655185,0.25369856830580734,0.25368781727965595,3.3563432744036352,6.854363445323024,0,-2
2023-06-13 07:09:00,2023-06-13 07:09:59,0.2528,0.2524,0.2524,0.2528,0.2534009843297603,0.25260000000000005,0.2524,0.2534009843297603,True,0.00042133440759985826,-0.0002462355200823339,0,0.2543817588154335,0.25433846610245,-24.464263152411192,-24.464263152411192,0.25368763727788884,0.2536750031773708,-9.710750722054702e-14,3.986572268395433,0,-2
2023-06-13 07:10:00,2023-06-13 07:10:59,0.2525,0.2524,0.2524,0.2525,0.2530004921648802,0.25245,0.2524,0.2530004921648802,True,0.0003983819499141533,-0.0002631338912306143,0,0.25436011245894175,0.2543035939576185,-27.237497817581865,-27.237497817581865,0.2536753224791039,0.253662316578591,-9.710750722054702e-14,1.1187810914678429,0,-2
2023-06-13 07:11:00,2023-06-13 07:11:59,0.2524,0.2524,0.2524,0.2525,0.25272524608244007,0.252425,0.2524,0.25272524608244007,True,0.000377068953491713,-0.00026059216683984465,0,0.2543318532082801,0.2542632497203833,-29.08632092769565,-29.08632092769565,0.25366288145941135,0.25364975621462493,-9.710750722054702e-14,-6.789630586152068e-14,0,-2
2023-06-13 07:12:00,2023-06-13 07:12:59,0.2525,0.2526,0.2525,0.2529,0.25257512304122004,0.252625,0.2525,0.2529,True,0.0003858497425280192,-0.0002314562015029055,0,0.2542975514643317,0.2542202462833807,-26.43119358368816,-26.43119358368816,0.25365255428071076,0.25363931087915603,4.869588687533175,1.6231962291776894,0,-1
2023-06-13 07:13:00,2023-06-13 07:13:59,0.2527,0.2527,0.2527,0.2529,0.25260006152061,0.25275000000000003,0.2527,0.2529,True,0.00037971761806173375,-0.000192913645848516,0,0.2542588988738562,0.2541763019219438,-22.813327363245218,-22.813327363245218,0.2536435736411017,0.253629964502249,14.241381991004095,6.37032355951242,0,-1
2023-06-13 07:14:00,2023-06-13 07:14:59,0.2527,0.2527,0.2527,0.2528,0.252675030760305,0.252725,0.2527,0.2528,True,0.00035973778820018454,-0.00015656210549034287,0,0.25421760039790003,0.2541317467425488,-20.40141654961659,-20.40141654961659,0.2536344336048718,0.25362071112411716,25.88100734784795,14.997326008795104,0,-1
2023-06-13 07:15:00,2023-06-13 07:15:59,0.2528,0.2527,0.2524,0.2532,0.2527000153801525,0.25277499999999997,0.2524,0.2532,True,0.00039118508904302616,-0.00012300362196755873,0,0.25417467357022444,0.25408735941096644,-18.79347600719751,-18.79347600719751,0.2536258820267139,0.2536115498193996,40.497760919716164,26.873383419522767,0,-1
2023-06-13 07:16:00,2023-06-13 07:16:59,0.2528,0.253,0.2528,0.2531,0.25273750769007625,0.252925,0.2528,0.2531,True,0.0003918147255399537,-7.1985391802677e-05,0,0.25413101649059544,0.25404443793096615,-11.430948839078155,-11.430948839078155,0.2536189080761993,0.25360546474656975,59.54775705921795,41.97550844226072,0,-1
2023-06-13 07:17:00,2023-06-13 07:17:59,0.253,0.2534,0.253,0.2534,0.25283125384503813,0.2532,0.253,0.2534,True,0.00039239938800138637,-4.994845339761759e-06,0,0.2540877272107808,0.2540048518056763,-1.6141802118229691,-0.0,0.25361473983663513,0.25360342032123073,81.24146503570744,60.428994338213876,0,-1
2023-06-13 07:18:00,2023-06-13 07:18:59,0.2534,0.2532,0.2532,0.2535,0.25301562692251905,0.25332499999999997,0.2532,0.2535,True,0.0003857994317155747,2.8179851444156854e-05,0,0.25404628950822855,0.25396902086445716,1.3236224850537965,0.0,0.25361185685318605,0.25359940618868115,95.08845610963927,78.62589273485492,0,-1
2023-06-13 07:19:00,2023-06-13 07:19:59,0.2533,0.2533,0.2532,0.2534,0.2531703134612595,0.2533,0.2532,0.2534,True,0.0003725280437358931,5.852751070017004e-05,0,0.25400765518634283,0.25393622071784067,4.5252148343492635,4.5252148343492635,0.25360875379992054,0.25359642702262464,99.28663141533382,91.87218418689353,0,-1
2023-06-13 07:20:00,2023-06-13 07:20:59,0.2533,0.253,0.2529,0.2534,0.2532351567306298,0.25315,0.2529,0.2534,True,0.0003816331834690436,5.816072913766108e-05,0,0.2539719379520917,0.25390500262149707,1.810323450931108,0.0,0.2536041890854935,0.2535904924253846,94.30320910382498,96.22609887626605,0,-1
2023-06-13 07:21:00,2023-06-13 07:21:59,0.2531,0.2527,0.2526,0.2531,0.2531925783653149,0.25287499999999996,0.2526,0.2531925783653149,True,0.00039008795607839767,3.785763279919274e-05,0,0.2539384702867944,0.2538733574813466,-3.4427650149267777,-0.0,0.2535969334727025,0.2535816318042365,82.30930849964255,91.96638300626715,0,-2
2023-06-13 07:22:00,2023-06-13 07:22:59,0.2529,0.253,0.2529,0.253,0.2530337891826574,0.25295,0.2529,0.2530337891826574,True,0.0003836531020727994,4.665771501618707e-05,0,0.25390591388407047,0.2538421078256786,-2.4493810496879576,-0.0,0.2535904963237204,0.2535758444230998,73.88195835250305,83.49815865199021,0,-1
2023-06-13 07:23:00,2023-06-13 07:23:59,0.253,0.2534,0.253,0.2534,0.2529918945913287,0.2532,0.253,0.2534,True,0.00038482073763902887,8.065975434663189e-05,0,0.25387401085487454,0.25381309920946193,2.4567112353088945,0.0,0.25358661078816097,0.2535740947273476,78.62524760038504,78.2721714841769,0,-1
2023-06-13 07:24:00,2023-06-13 07:24:59,0.2534,0.2536,0.2532,0.2536,0.2530959472956643,0.25345,0.2532,0.2536,True,0.0003859049706648133,0.00011558303315620347,0,0.2538435550321682,0.2537877692751887,7.381006844554541,7.381006844554541,0.25358525147683597,0.2535743524912546,90.61914820456747,81.0421180524852,0,-1
2023-06-13 07:25:00,2023-06-13 07:25:59,0.2535,0.2536,0.2535,0.2536,0.2532729736478322,0.25355,0.2535,0.2536,True,0.00036548318704589727,0.0001356309448365742,0,0.25381566215367846,0.25376619548971324,10.66387058405163,10.66387058405163,0.2535849007158724,0.25357460769034657,99.75986693637304,89.66808758044186,0,2
2023-06-13 07:26:00,2023-06-13 07:26:59,0.2535,0.2536,0.2535,0.2536,0.2534114868239161,0.25355,0.2535,0.2536,True,0.0003465201022569038,0.00014493992770184217,0,0.25379092882169585,0.2537477269657131,12.852446410383031,12.852446410383031,0.2535845534450677,0.2535748603501441,99.99999999999989,96.79300504698016,0,2
2023-06-13 07:27:00,2023-06-13 07:27:59,0.2536,0.2536,0.2536,0.2536,0.25348074341195803,0.2536,0.2536,0.2536,True,0.00032176866638141066,0.00014665127339605864,0,0.2537693278937045,0.25373217300279904,14.311496961270635,14.311496961270635,0.2535847071421317,0.2535751104959138,99.99999999999989,99.91995564545762,0,2
2023-06-13 07:28:00,2023-06-13 07:28:59,0.2536,0.2536,0.2535,0.2536,0.253540371705979,0.253575,0.2535,0.2536,True,0.00030592804735416623,0.00014313424749892582,0,0.25375075044825174,0.25371884888446494,15.284197328529032,15.284197328529032,0.2535846105536528,0.2535753581526709,98.96118448166646,99.65372816055543,0,2
2023-06-13 07:29:00,2023-06-13 07:29:59,0.2536,0.2536,0.2536,0.2536,0.2535576858529895,0.2536,0.2536,0.2536,True,0.0002840760439717258,0.00013616113803360694,0,0.2537347996663583,0.25370754328265843,15.932664240034626,15.932664240034626,0.2535847636824722,0.25357560334518164,98.82214394862456,99.26110947676365,0,2
2023-06-13 07:30:00,2023-06-13 07:30:59,0.2537,0.2537,0.2536,0.2537,0.25357884292649474,0.253675,0.2536,0.2537,True,0.00027092775511660175,0.00013390148208540696,0,0.25372117147450834,0.25369841902132084,18.157333205182127,18.157333205182127,0.25358566155627843,0.2535768411228415,98.82214394862456,98.86849079297188,1,2
2023-06-13 07:31:00,2023-06-13 07:31:59,0.2537,0.2539,0.2537,0.254,0.2536269214632474,0.253825,0.2537,0.254,True,0.0002730043440368461,0.0001414292002585153,1,0.25370979524791454,0.25369210390633073,22.220320427417406,22.220320427417406,0.2535880430333304,0.253580056634057,99.86095946695798,99.16841578806905,0,2
2023-06-13 07:32:00,2023-06-13 07:32:59,0.2539,0.2545,0.2539,0.2545,0.2537259607316237,0.2542,0.2539,0.2545,True,0.00029636117660564203,0.0001821444428430231,0,0.2537009495771226,0.2536906166792196,28.23241755248847,28.23241755248847,0.25359413215737686,0.2535892102993898,99.99999999999989,99.56103447186082,0,2
2023-06-13 07:33:00,2023-06-13 07:33:59,0.2545,0.2545,0.2545,0.2547,0.25396298036581183,0.25455,0.2545,0.2547,True,0.00028947823541952315,0.00020104816877942886,0,0.25369578312817104,0.2536953420583604,32.24048230253584,32.24048230253584,0.25360364328018903,0.2535982728834755,99.99999999999989,99.9536531556526,0,2
2023-06-13 07:34:00,2023-06-13 07:34:59,0.2546,0.2547,0.2546,0.2547,0.2542564901829059,0.25465,0.2546,0.2547,True,0.00028308693288955564,0.00021838738659388682,0,0.2536955625932657,0.25370561235131445,35.54542978807817,35.54542978807817,0.2536140547898389,0.25360923534234636,99.99999999999989,99.9999999999999,0,2
2023-06-13 07:35:00,2023-06-13 07:35:59,0.2546,0.2545,0.2545,0.2547,0.25445324509145295,0.254575,0.2545,0.2547,True,0.00027715215196887153,0.00020615148425682598,0,0.2537005874722901,0.2537196631490171,31.92677557796459,31.92677557796459,0.2536236164337211,0.25361809867227325,97.42847903101534,99.14282634367173,0,2
2023-06-13 07:36:00,2023-06-13 07:36:59,0.2545,0.2544,0.2543,0.2545,0.2545141225457265,0.254425,0.2543,0.2545141225457265,True,0.0002716412839710934,0.0001818642974300417,0,0.25371012531065357,0.25373556480176057,26.97228723349876,26.97228723349876,0.25363159039955474,0.25362587878498694,88.17591079954276,95.20146327685268,0,1
2023-06-13 07:37:00,2023-06-13 07:37:59,0.2544,0.2544,0.2544,0.2545,0.25446956127286324,0.254425,0.2544,0.2545,True,0.0002593811922588717,0.0001574362529418108,0,0.25372284505620707,0.25375281454344534,23.669295003854884,23.669295003854884,0.25363948502244477,0.2536335814836438,76.65130742674896,87.41856575243571,0,1
2023-06-13 07:38:00,2023-06-13 07:38:59,0.2543,0.2541,0.254,0.2543,0.2544472806364316,0.254175,0.254,0.2544472806364316,True,0.00026942539281181026,0.00011318544165607781,0,0.2537378297998262,0.25376929202759546,14.62500432675671,14.62500432675671,0.2536448135296841,0.25363822246390605,53.29489723418671,72.70737182015951,0,1
2023-06-13 07:39:00,2023-06-13 07:39:59,0.2541,0.2542,0.2541,0.2542,0.2543111403182158,0.25415,0.2541,0.2543111403182158,True,0.00025732357903953735,8.534915480612728e-05,0,0.2537535609137108,0.2537848769283065,10.539379713899095,10.539379713899095,0.253649840260732,0.25364381229013583,35.37863636594161,55.10828034229245,0,1
2023-06-13 07:40:00,2023-06-13 07:40:59,0.2541,0.2541,0.2541,0.2542,0.2542305701591079,0.254125,0.2541,0.2542305701591079,True,0.00024608618053671244,5.552152168699848e-05,0,0.2537692189210086,0.2537994806362192,5.79520385964436,0.0,0.25365456821833665,0.2536483514713285,17.843682148420122,35.50573858284951,0,1
2023-06-13 07:41:00,2023-06-13 07:41:59,0.2542,0.2534,0.2531,0.2542,0.2541777850795539,0.253725,0.2531,0.2542,True,0.0003070800247840894,-1.548788242560498e-05,-1,0.2537843497786139,0.2538104672217888,-4.976784035179804,-4.976784035179804,0.2536552690320845,0.2536458803124098,10.438279976633584,21.220199496998465,0,1
2023-06-13 07:42:00,2023-06-13 07:42:59,0.2533,0.2532,0.2532,0.2533,0.25395139253977694,0.25325,0.2532,0.25395139253977694,True,0.0002994314515852282,-7.562338420003426e-05,0,0.2537974085002014,0.2538152716366932,-13.289651262993146,-13.289651262993146,0.2536512365044021,0.25364144369238584,4.273775743017925,10.851912622690572,0,1
2023-06-13 07:43:00,2023-06-13 07:43:59,0.2533,0.2529,0.2529,0.2533,0.25360069626988846,0.2531,0.2529,0.25360069626988846,True,0.00030661491932914127,-0.0001327622900416028,0,0.2538063400684473,0.253814146662241,-20.21407204015795,-20.21407204015795,0.2536457515640598,0.2536340661432079,-1.1250259982868253e-13,4.904018573217161,-1,-2
2023-06-13 07:44:00,2023-06-13 07:44:59,0.2529,0.253,0.2528,0.2532,0.2533503481349442,0.252975,0.2528,0.2533503481349442,True,0.00031328528223419945,-0.00015775305842992646,0,0.2538102433653442,0.25380750352343734,-22.692387856508628,-22.692387856508628,0.25363907741914377,0.25362775702735507,-1.1250259982868253e-13,1.4245919143392618,0,-2
2023-06-13 07:45:00,2023-06-13 07:45:59,0.2532,0.2531,0.253,0.2532,0.2531626740674721,0.253125,0.253,0.2532,True,0.0003051934763603265,-0.0001605794813152835,0,0.2538088734443908,0.2537975906335495,-22.17356600068066,-22.17356600068066,0.2536339622209433,0.25362250571365,3.51305651122221,1.1710188370740235,0,-2
2023-06-13 07:46:00,2023-06-13 07:46:59,0.2532,0.2538,0.2531,0.2538,0.25314383703373605,0.253475,0.2531,0.2538,True,0.00033339394233459135,-0.00010754404798862508,0,0.25380323203897015,0.25378757283081754,-12.026446154352406,-12.026446154352406,0.2536323805073021,0.25362427182595204,14.153157467215813,5.888737992812665,0,-1
2023-06-13 07:47:00,2023-06-13 07:47:59,0.2538,0.2542,0.2537,0.2542,0.25330941851686806,0.253975,0.2537,0.2542,True,0.0003452943750249777,-4.116924373711346e-05,0,0.25379540243489385,0.2537809716939784,-2.189623233935592,-0.0,0.25363578965648315,0.2536300004644998,32.59325585119581,16.753156609877973,0,-1
2023-06-13 07:48:00,2023-06-13 07:48:59,0.2542,0.2545,0.254,0.2545,0.25364220925843406,0.25429999999999997,0.254,0.2545,True,0.00035634477680890786,2.405985114795696e-05,1,0.2537881870644361,0.2537793356586695,6.165343198282002,6.165343198282002,0.25364239871462757,0.2536386571762958,53.047650197455994,33.26468783862257,1,2
2023-06-13 07:49:00,2023-06-13 07:49:59,0.2545,0.2551,0.2545,0.2551,0.253971104629217,0.2548,0.2545,0.2551,True,0.00037374872132255656,0.00010615170379698011,0,0.2537837613615528,0.2537850504393874,14.309054098160459,14.309054098160459,0.25365391713537755,0.2536531979009098,75.74088257479572,53.793929541149204,0,2
2023-06-13 07:50:00,2023-06-13 07:50:59,0.2551,0.2546,0.2543,0.2551,0.2543855523146085,0.254775,0.2543,0.2551,True,0.00040419524122808594,0.00011985820856496204,0,0.2537844059004701,0.25379634183319866,13.785308113851542,13.785308113851542,0.2536650721887569,0.25366261881731866,90.09276485061878,72.96043254095686,0,2
2023-06-13 07:51:00,2023-06-13 07:51:59,0.2546,0.2545,0.2545,0.2548,0.2545802761573043,0.25460000000000005,0.2545,0.2548,True,0.00039675272399751,0.00011596898296461302,0,0.25379037386683434,0.25381074557664046,12.38017843410448,12.38017843410448,0.25367437495304784,0.2536709509683901,95.1046527463753,86.97943339059663,0,2
2023-06-13 07:52:00,2023-06-13 07:52:59,0.2544,0.2546,0.2544,0.2547,0.25459013807865216,0.254525,0.2544,0.2547,True,0.0003898418151405426,0.00011440314592787122,0,0.2538005597217374,0.25382698629007655,12.213366381370633,12.213366381370633,0.2536828388838633,0.25368019523736135,89.13637643568653,91.44459801089357,0,2
2023-06-13 07:53:00,2023-06-13 07:53:59,0.2545,0.2543,0.2543,0.2545,0.2545575690393261,0.2544,0.2543,0.2545575690393261,True,0.0003834245426305015,8.679440153405574e-05,0,0.25381377300590696,0.25384370420140906,8.583521492786417,8.583521492786417,0.25368997481536715,0.2536863624489299,81.01387116113452,88.41830011439883,0,1
2023-06-13 07:54:00,2023-06-13 07:54:59,0.2543,0.2542,0.2542,0.2544,0.25447878451966305,0.254275,0.2542,0.25447878451966305,True,0.00037032278958546805,5.7160277149813626e-05,0,0.253828738603658,0.2538598254784176,5.070831128484244,0.0,0.2536957959614829,0.2536914732703336,74.0584112147211,81.4028862705141,0,1
2023-06-13 07:55:00,2023-06-13 07:55:59,0.2542,0.2546,0.2542,0.2547,0.2543768922598315,0.25442499999999996,0.2542,0.2547,True,0.00037958544747222035,6.17395856916305e-05,0,0.2538442820410378,0.2538763955714421,6.792900770242156,0.0,0.2537030517230602,0.25370051333729543,71.24004430592898,75.43744222726157,0,2
2023-06-13 07:56:00,2023-06-13 07:56:59,0.2546,0.2543,0.2543,0.2546,0.2544009461299157,0.25445,0.2543,0.2546,True,0.00037390077265277367,4.013252503859839e-05,0,0.2538603388062399,0.2538933768585989,4.439816502163005,0.0,0.25371048404422375,0.25370647837871535,71.54042313391824,72.27962621818948,0,1
2023-06-13 07:57:00,2023-06-13 07:57:59,0.2543,0.2544,0.2543,0.2545,0.2544254730649579,0.254375,0.2543,0.2545,True,0.0003614792888918597,2.9928336943466647e-05,0,0.2538768578324194,0.25391005079233925,3.9635421134420667,0.0,0.2537170961432862,0.25371337909136493,72.68205031135804,71.82083925040179,0,1
2023-06-13 07:58:00,2023-06-13 07:58:59,0.2544,0.2543,0.2543,0.2544,0.25440023653247895,0.25435,0.2543,0.25440023653247895,True,0.00034280219682815465,1.3791453940011262e-05,0,0.2538934543123793,0.253926196817069,2.3638265522877546,0.0,0.25372339369409924,0.25371921611533144,69.09834243729824,71.10693862752488,0,1
2023-06-13 07:59:00,2023-06-13 07:59:59,0.2545,0.2548,0.2545,0.255,0.2543751182662395,0.25470000000000004,0.2545,0.255,True,0.00036831632562614203,3.566375566295258e-05,0,0.25390982556472413,0.2539442178086345,6.437121822521611,0.0,0.25373311116977987,0.2537299701838356,70.23626457272111,70.67221910712584,0,2
2023-06-13 08:00:00,2023-06-13 08:00:59,0.2548,0.2545,0.2545,0.2549,0.25453755913311976,0.254675,0.2545,0.2549,True,0.0003705794452242756,2.6212767751020323e-05,0,0.2539270216866793,0.2539634198050222,5.293911080488982,0.0,0.25374248319794124,0.25373763217205614,65.3739992254125,68.23620207847733,0,1
2023-06-13 08:01:00,2023-06-13 08:01:59,0.2545,0.2536,0.2535,0.2545,0.2546062795665599,0.254025,0.2535,0.2546062795665599,True,0.00041553805627968454,-4.425100921492939e-05,0,0.25394522074585074,0.2539789601774439,-2.398070152778331,-0.0,0.25374529431039955,0.2537362626977073,44.41101698561988,60.007093594584546,0,1
2023-06-13 08:02:00,2023-06-13 08:02:59,0.2537,0.2535,0.2535,0.2539,0.25431563978328,0.25365,0.2535,0.25431563978328,True,0.00041442819511685073,-9.606835285784753e-05,0,0.2539620904616473,0.2539889382052858,-8.059743982776382,-8.059743982776382,0.25374434610830604,0.2537339118250933,18.303240636956684,42.6960856159964,0,-2
2023-06-13 08:03:00,2023-06-13 08:03:59,0.2535,0.2539,0.2534,0.2539,0.25398281989163995,0.25367500000000004,0.2534,0.25398281989163995,True,0.0004205404668942186,-9.90611529921991e-05,0,0.25397551433346655,0.25399464002682653,-7.379940286464041,-7.379940286464041,0.2537436560972781,0.2537355644437491,0.7157945139666557,21.14335071218112,0,-2
2023-06-13 08:04:00,2023-06-13 08:04:59,0.2539,0.2539,0.2539,0.2539,0.25382890994581997,0.2539,0.2539,0.2539,True,0.00039050186211606015,-9.761985943504918e-05,0,0.2539850771801465,0.2539984797797938,-6.926737822255809,-6.926737822255809,0.2537452117580017,0.2537372006184382,9.034675035739587,9.351236728887692,-1,-2
2023-06-13 08:05:00,2023-06-13 08:05:59,0.2539,0.2535,0.2533,0.2539,0.25386445497291,0.25365000000000004,0.2533,0.2539,True,0.0004054660148220551,-0.00012064569177428335,0,0.2539917784799701,0.2539991119024229,-9.807559905762993,-9.807559905762993,0.25374426437732506,0.2537348404132796,10.922312534552816,6.8909273614197355,0,-2
2023-06-13 08:06:00,2023-06-13 08:06:59,0.2535,0.2536,0.2532,0.2536,0.253757227486455,0.253475,0.2532,0.253757227486455,True,0.0004050755851919091,-0.0001239737702749132,0,0.2539954451911965,0.2539960136119891,-10.391528051802247,-10.391528051802247,0.2537415851297895,0.25373349871762507,10.206518020586035,10.054501863626195,0,-2
2023-06-13 08:07:00,2023-06-13 08:07:59,0.2536,0.2532,0.2531,0.2538,0.2536161137432275,0.253425,0.2531,0.2538,True,0.00042614161482106087,-0.00014850053212397445,-1,0.25399572940159276,0.25398965654551037,-13.68852974007823,-13.68852974007823,0.25373843502899557,0.25372819027267357,1.8876374988131037,7.672156017984033,0,-2
2023-06-13 08:08:00,2023-06-13 08:08:59,0.2531,0.253,0.2529,0.2532,0.2535205568716138,0.25305,0.2529,0.2535205568716138,True,0.000417131499476697,-0.0001716749545819421,0,0.25399269297355154,0.2539782045391712,-17.07362282045831,-17.07362282045831,0.25373158492920456,0.2537209445983186,-1.258252761241844e-13,4.031385173133052,0,-2
2023-06-13 08:09:00,2023-06-13 08:09:59,0.2531,0.2532,0.2528,0.2532,0.2532852784358069,0.253075,0.2528,0.2532852784358069,True,0.0004159078209426441,-0.0001652257068831242,0,0.25398544875636136,0.2539629913503781,-16.235671292885606,-16.235671292885606,0.2537250517458294,0.2537157610699771,0.7333568740512965,0.8736647909548062,0,-2
2023-06-13 08:10:00,2023-06-13 08:10:59,0.2533,0.2534,0.2532,0.2534,0.25318013921790344,0.253325,0.2532,0.2534,True,0.0004004858337324576,-0.0001396436513847226,0,0.2539742200533697,0.2539466366007082,-12.855937068759275,-12.855937068759275,0.25372107113144304,0.2537126191687833,8.575191063742395,3.1028493125979035,0,-1
2023-06-13 08:11:00,2023-06-13 08:11:59,0.2535,0.2536,0.2533,0.2537,0.2532525696089517,0.253525,0.2533,0.2537,True,0.0004004511313229932,-0.00010261224239436508,0,0.25396042832703897,0.2539308675158003,-8.06108729996378,-8.06108729996378,0.2537191201749113,0.25371149858003916,21.57493074263201,10.294492893475281,0,-1
2023-06-13 08:12:00,2023-06-13 08:12:59,0.2537,0.2538,0.2533,0.2538,0.25338878480447585,0.25365000000000004,0.2533,0.2538,True,0.0004075617647999223,-5.9673580378734244e-05,0,0.2539456479214196,0.25391652535450365,-2.5986651224763264,-0.0,0.25371843241197684,0.25371237919118306,36.90869477760978,22.352938861328113,0,-1
2023-06-13 08:13:00,2023-06-13 08:13:59,0.2539,0.2543,0.2539,0.2543,0.253519392402238,0.2541,0.2539,0.2543,True,0.0004141644958856422,5.825298082523582e-06,0,0.2539310866379616,0.2539064925012392,5.156568150086095,0.0,0.25372222910439496,0.2537182261644051,55.354769503245336,37.94613167449576,0,-1
2023-06-13 08:14:00,2023-06-13 08:14:59,0.2543,0.2548,0.2543,0.2549,0.253809696201119,0.254575,0.2543,0.2549,True,0.0004274384604652384,8.29597704322938e-05,1,0.2539187895696004,0.2539031802376829,12.890290498440052,12.890290498440052,0.2537307143869383,0.25372899008316724,75.68836315768905,55.98394247951478,0,2
2023-06-13 08:15:00,2023-06-13 08:15:59,0.2549,0.2548,0.2547,0.2558,0.25419234810055946,0.25505,0.2547,0.2558,True,0.0004754785704320103,0.0001297326712225147,0,0.25391098490364167,0.25390844087246317,18.046105397342686,18.046105397342686,0.2537438416069687,0.2537396468982601,92.9545755819932,74.66590274764259,1,2
2023-06-13 08:16:00,2023-06-13 08:16:59,0.2547,0.2546,0.2545,0.255,0.25462117405027973,0.25470000000000004,0.2545,0.255,True,0.00047723010111543816,0.00014084978461599218,0,0.2539097128880524,0.2539180135446318,18.05634429882602,18.05634429882602,0.25375335562082973,0.2537482076256406,93.40606477768682,87.34966783912307,0,2
2023-06-13 08:17:00,2023-06-13 08:17:59,0.2546,0.2543,0.2542,0.2546,0.2546605870251399,0.254425,0.2542,0.2546605870251399,True,0.00047171366532147913,0.00012132810256116624,0,0.25391386321634213,0.25392902864299693,13.727835864451784,13.727835864451784,0.2537600386494782,0.25375369809702725,82.17131352012265,89.5106512932676,0,1
2023-06-13 08:18:00,2023-06-13 08:18:59,0.2543,0.2546,0.2543,0.2547,0.2545427935125699,0.254475,0.2543,0.2547,True,0.00046659126065565605,0.00012381875545562472,0,0.25392144592966953,0.25394144685153486,13.635284780052352,13.635284780052352,0.253767152692767,0.2537621190114847,71.5873199156201,82.3882327378099,0,2
2023-06-13 08:19:00,2023-06-13 08:19:59,0.2547,0.2548,0.2546,0.2551,0.25450889675628496,0.2548,0.2546,0.2551,True,0.00046897759918025205,0.00013336993558253776,0,0.2539314463906022,0.2539571143820885,15.155343299767694,15.155343299767694,0.2537774297804012,0.25377244618549977,71.6616499348521,75.14009445686499,0,2
2023-06-13 08:20:00,2023-06-13 08:20:59,0.2548,0.2548,0.2548,0.2552,0.2546544483781425,0.2549,0.2548,0.2552,True,0.0004640506278102309,0.0001331251016604707,0,0.25394428038634537,0.25397591873714126,16.168715646244593,16.168715646244593,0.2537885996333325,0.25378267060156445,77.55961965128762,73.60286316725332,0,2
2023-06-13 08:21:00,2023-06-13 08:21:59,0.2548,0.2547,0.2542,0.255,0.2547772241890712,0.254675,0.2542,0.255,True,0.0004880470115380732,0.0001194833473591848,0,0.2539600995617433,0.2539955199790292,14.901027312312806,14.901027312312806,0.2537974195374784,0.2537917982572703,78.60433396061582,75.94186784891855,0,1
2023-06-13 08:22:00,2023-06-13 08:22:59,0.2547,0.254,0.254,0.2549,0.2547261120945356,0.25439999999999996,0.254,0.2549,True,0.0005174722249996403,5.645462885516114e-05,0,0.25397780977038625,0.25401372733770916,5.36716227314885,0.0,0.2538034153629761,0.2537938699164019,70.5887584450847,75.58423735232941,0,1
2023-06-13 08:23:00,2023-06-13 08:23:59,0.254,0.254,0.2539,0.254,0.2545630560472678,0.253975,0.2539,0.2545630560472678,True,0.0004876527803568081,1.2233416156338586e-05,0,0.2539957685540477,0.25402779640852097,-0.9887477529604496,-0.0,0.25380512267279726,0.25379592096200987,50.24240652007567,66.47849964192542,0,1
2023-06-13 08:24:00,2023-06-13 08:24:59,0.254,0.2545,0.254,0.2545,0.25426902802363394,0.25425,0.254,0.2545,True,0.0004885347246170361,1.6423015264771247e-05,0,0.25401178248128436,0.25404039763985636,1.157841583028734,0.0,0.2538095493128689,0.2538029267235819,35.275484871921925,52.03554994569413,0,2
2023-06-13 08:25:00,2023-06-13 08:25:59,0.2544,0.254,0.2539,0.2544,0.25425951401181696,0.254175,0.2539,0.2544,True,0.0004964965300015327,-1.6874659937165192e-05,0,0.25402609006057036,0.2540512421932415,-2.31162859691797,-0.0,0.253813185638114,0.25380488765170545,21.33667880906518,35.618190067020954,0,1
2023-06-13 08:26:00,2023-06-13 08:26:59,0.2541,0.2541,0.254,0.2544,0.25421725700590847,0.25415,0.254,0.2544,True,0.0004896039207157097,-3.174360028013564e-05,0,0.2540386661269059,0.2540604577699667,-3.4430741461457757,-3.4430741461457757,0.25381653702479945,0.253807824092982,17.914247726058736,24.84213713568198,0,1
2023-06-13 08:27:00,2023-06-13 08:27:59,0.254,0.2544,0.254,0.2544,0.25418362850295423,0.2542,0.254,0.2544,True,0.00048320364066458847,-2.0264102314818328e-05,0,0.2540495619484363,0.25406867066642813,-0.9069541990130077,-0.0,0.2538203525767915,0.25381371639056427,14.688898306074115,17.97994161373271,0,2
2023-06-13 08:28:00,2023-06-13 08:28:59,0.2544,0.2543,0.2543,0.2544,0.2541918142514771,0.25435,0.2543,0.2544,True,0.0004558319520456885,-1.9660425609304864e-05,0,0.2540591163074322,0.2540770669559823,-0.4112656335487017,-0.0,0.2538256227004055,0.25381855503344425,19.57084953327374,17.391331855135565,0,1
2023-06-13 08:29:00,2023-06-13 08:29:59,0.2543,0.2544,0.2542,0.2545,0.2542709071257385,0.25435,0.2542,0.2545,True,0.0004447010983281409,-1.236901976531447e-05,0,0.25406809163170724,0.2540855500247326,1.131346658194552,0.0,0.25383084038497855,0.2538243405554995,28.48754525296447,20.915764364104145,0,2
2023-06-13 08:30:00,2023-06-13 08:30:59,0.2545,0.2541,0.254,0.2545,0.2543104535628693,0.254275,0.254,0.2545,True,0.00044865101987613085,-2.8489538659438998e-05,0,0.2540768208282199,0.2540935286327214,-1.6249728133873234,-0.0,0.2538352598836355,0.2538270834355443,32.725368407577584,26.9279210646053,0,1
2023-06-13 08:31:00,2023-06-13 08:31:59,0.254,0.2541,0.2539,0.2541,0.25429272678143466,0.254025,0.2539,0.25429272678143466,True,0.0004308902327421199,-3.840486308505874e-05,0,0.25408517473047065,0.254099340067603,-3.462519127775238,-0.0,0.25383714784499234,0.2538297990232503,22.984070628513553,28.065661429685235,0,-2
2023-06-13 08:32:00,2023-06-13 08:32:59,0.254,0.2538,0.2537,0.254,0.25415886339071736,0.253875,0.2537,0.25415886339071736,True,0.00042868378754625506,-6.43718882547147e-05,0,0.2540922573990368,0.25410237623971316,-7.9979031920948955,-7.9979031920948955,0.2538375244833506,0.2538295025155563,9.839606124633606,21.849681720241616,-1,-2
2023-06-13 08:33:00,2023-06-13 08:33:59,0.2537,0.2535,0.2535,0.2539,0.25401693169535866,0.25365,0.2535,0.25401693169535866,True,0.0004266349455786662,-9.944586593732089e-05,0,0.254097316819375,0.254101662857277,-13.409554037184385,-13.409554037184385,0.2538356585680934,0.25382622388356074,-1.2079226507921703e-13,10.94122558438238,0,-2
2023-06-13 08:34:00,2023-06-13 08:34:59,0.2535,0.2538,0.2535,0.2538,0.2538334658476793,0.25365000000000004,0.2535,0.2538334658476793,True,0.00041758959232304885,-9.752779944511486e-05,0,0.254099489838326,0.2540980023187396,-11.894865230524026,-11.894865230524026,0.25383381121915716,0.25382596294939597,2.423325676319461e-12,3.2798687082120033,0,-2
2023-06-13 08:35:00,2023-06-13 08:35:59,0.2539,0.254,0.2539,0.2547,0.25374173292383967,0.254125,0.2539,0.2547,True,0.0004520474785856851,-7.847727505226376e-05,0,0.2540987460785328,0.25409530558381055,-8.097163782285662,-8.097163782285662,0.25383670861996155,0.25382769466134225,26.50354027702724,8.834513425676548,0,-1
2023-06-13 08:36:00,2023-06-13 08:36:59,0.254,0.2542,0.254,0.2545,0.25393336646191983,0.254175,0.254,0.2545,True,0.00045547265868670767,-4.9077295666930884e-05,0,0.25409702583117166,0.2540937292138832,-3.1132820378222803,-3.1132820378222803,0.253840074703345,0.25383139919207515,56.18635801777794,27.56329943160257,0,-1
2023-06-13 08:37:00,2023-06-13 08:37:59,0.2541,0.254,0.254,0.2541,0.2540541832309599,0.25405,0.254,0.2541,True,0.0004372246116376555,-4.1654521114898484e-05,0,0.2540953775225274,0.2540921880978417,-2.6104522976866704,-0.0,0.25384216351226696,0.2538330768120545,79.2849127705648,53.9916036884567,0,-1
2023-06-13 08:38:00,2023-06-13 08:38:59,0.254,0.2543,0.254,0.2544,0.2540520916154799,0.254175,0.254,0.2544,True,0.0004345657108063952,-1.4420228020935483e-05,0,0.2540937828101845,0.2540915429440605,1.3584965452680038,0.0,0.2538454753181151,0.25383772281392464,82.63741372957959,72.70289483930748,0,-1
2023-06-13 08:39:00,2023-06-13 08:39:59,0.2543,0.2539,0.2538,0.2544,0.2541135458077399,0.2541,0.2538,0.2544,True,0.00044638244574879486,-2.3576402664892382e-05,0,0.2540926628771225,0.254091093034349,-0.9884957269656027,-0.0,0.25384800790201445,0.25383834248741793,78.58974359413702,80.17069003142717,0,-2
2023-06-13 08:40:00,2023-06-13 08:40:59,0.2539,0.2541,0.2536,0.2542,0.25410677290386996,0.25395,0.2536,0.2542,True,0.0004573551281953088,-1.4667685910979973e-05,0,0.25409187795573573,0.254089770769006,-0.1102297123097955,-0.0,0.2538490227487606,0.25384094604475704,72.87789042553571,78.03501591641748,0,-1
2023-06-13 08:41:00,2023-06-13 08:41:59,0.2541,0.254,0.2536,0.2542,0.254028386451935,0.253975,0.2536,0.2542,True,0.0004675440476099289,-1.5026928391806196e-05,0,0.25409082436237085,0.25408794229067244,-0.7847260175380271,-0.0,0.25385027625374806,0.25384252867117735,61.98703399974244,71.15155600647176,0,-2
2023-06-13 08:42:00,2023-06-13 08:42:59,0.2539,0.2537,0.2535,0.2539,0.2540016932259675,0.25375000000000003,0.2535,0.2540016932259675,True,0.0004698623299235054,-3.505181293037323e-05,0,0.25408938332652165,0.25408418407331773,-4.561717259668647,-4.561717259668647,0.25384927848007893,0.2538411104754442,43.17711980869402,59.347348077990766,0,-2
2023-06-13 08:43:00,2023-06-13 08:43:59,0.2537,0.2538,0.2537,0.2538,0.2538758466129838,0.25375000000000003,0.2537,0.2538758466129838,True,0.00044344359207182957,-3.94062617417282e-05,0,0.2540867836999197,0.2540789323442284,-5.485550692293629,-5.485550692293629,0.25384829063450604,0.2538407014159871,33.41057719590688,46.19157700144782,0,-2
2023-06-13 08:44:00,2023-06-13 08:44:59,0.2538,0.2536,0.2536,0.2538,0.2538129233064919,0.25370000000000004,0.2536,0.2538129233064919,True,0.0004260547640667013,-5.3940880100819895e-05,0,0.2540828580220741,0.2540721977421205,-8.319599584782011,-8.319599584782011,0.2538468151058045,0.25383830637702204,18.993151849617448,31.860282951406152,0,-2
2023-06-13 08:45:00,2023-06-13 08:45:59,0.2537,0.2533,0.2533,0.2538,0.25375646165324595,0.253525,0.2533,0.2538,True,0.00043133656663336555,-8.117379112270645e-05,0,0.2540775278820973,0.25406314118408274,-12.84024540054186,-12.84024540054186,0.2538436129654482,0.2538329500946636,12.167918435357736,21.523882493627394,0,-2
2023-06-13 08:46:00,2023-06-13 08:46:59,0.2533,0.253,0.253,0.2533,0.253640730826623,0.25315,0.253,0.253640730826623,True,0.00042195538330241244,-0.00011526130630818465,-1,0.25407033453309,0.2540497457726322,-17.805976531218136,-17.805976531218136,0.25383671134390146,0.2538246620340202,4.547759463956794,11.90294324964403,0,-2
2023-06-13 08:47:00,2023-06-13 08:47:59,0.2531,0.2528,0.2525,0.2532,0.2533953654133115,0.2529,0.2525,0.2533953654133115,True,0.00044181571306652425,-0.00014520474847304267,0,0.2540600401528611,0.25403131099227827,-22.176258390097665,-22.176258390097665,0.25382739083301686,0.25381446639189065,-1.1901590823981678e-13,5.571892633104841,0,-2
2023-06-13 08:48:00,2023-06-13 08:48:59,0.2529,0.2532,0.2528,0.2532,0.2531476827066558,0.253025,0.2528,0.2532,True,0.00043882887641891226,-0.00012974459500665275,0,0.2540456755725697,0.254009892796478,-18.204826078439652,-18.204826078439652,0.2538194068446286,0.253808352298439,5.603575961681294,3.383778475212693,0,-1
2023-06-13 08:49:00,2023-06-13 08:49:59,0.2532,0.2521,0.2519,0.2532,0.25308634135332786,0.2526,0.2519,0.2532,True,0.0005003410995318449,-0.00018826907134489041,0,0.2540277841845239,0.2539833567363438,-21.61351631920801,-21.61351631920801,0.25380727344318954,0.2537913537681063,5.603575961681294,3.7357173077875263,0,-2
2023-06-13 08:50:00,2023-06-13 08:50:59,0.2522,0.2516,0.2512,0.2523,0.25284317067666395,0.251825,0.2512,0.25284317067666395,True,0.0005431738781367163,-0.0002505490109189857,0,0.25400557046043387,0.2539476560870351,-25.321115294546928,-25.321115294546928,0.25378754932932696,0.25376954925300077,5.603575961681294,5.60357596168133,0,-2
2023-06-13 08:51:00,2023-06-13 08:51:59,0.2517,0.2516,0.2509,0.2517,0.252334085338332,0.251475,0.2509,0.252334085338332,True,0.0005615186011269485,-0.00027776595635789654,0,0.2539766132737345,0.2539025836644265,-27.792847944772873,-27.792847944772873,0.25376453888823913,0.25374796169824454,-1.1960802718628352e-13,3.7357173077875263,0,-2
2023-06-13 08:52:00,2023-06-13 08:52:59,0.2515,0.2516,0.2511,0.2517,0.251904542669166,0.251475,0.2511,0.251904542669166,True,0.0005642672724750228,-0.0002806381219870659,0,0.2539395984690805,0.253850442023543,-29.44066971159017,-29.44066971159017,0.25374175740676413,0.2537265889450282,-1.1584329389425825e-13,1.8678586538937232,0,-2
2023-06-13 08:53:00,2023-06-13 08:53:59,0.2515,0.2514,0.2514,0.2518,0.25168977133458303,0.251525,0.2514,0.2518,True,0.0005525338958696648,-0.000280897788871065,0,0.2538950202463118,0.25379343553767736,-31.23691643669063,-31.23691643669063,0.25371970011913464,0.2537034388062717,1.6294819167119219,0.5431606389039325,0,-2
2023-06-13 08:54:00,2023-06-13 08:54:59,0.2513,0.2508,0.2506,0.2513,0.2516073856672915,0.251,0.2506,0.2516073856672915,True,0.0005702100461646905,-0.0003064266996223396,0,0.25384422789199457,0.2537293879919431,-33.97094667426204,-33.97094667426204,0.25369263842640694,0.25367454886790086,1.6294819167119219,1.0863212778079463,0,-2
2023-06-13 08:55:00,2023-06-13 08:55:59,0.2509,0.2512,0.2503,0.2515,0.25130369283364573,0.250975,0.2503,0.2515,True,0.0006151950428672111,-0.0002780750370285982,0,0.25378680794196884,0.2536600648779469,-29.963790176143565,-29.963790176143565,0.2536655972480347,0.25364992649110585,1.629481916711918,1.6294819167119574,0,-1
2023-06-13 08:56:00,2023-06-13 08:56:59,0.2512,0.2512,0.2511,0.2517,0.2511393464168229,0.25129999999999997,0.2511,0.2517,True,0.0006141096826624096,-0.000243135437519998,0,0.25372343640995787,0.2535892937478679,-27.292352510731252,-27.292352510731252,0.25364205896695974,0.2536255491130849,11.098845563833484,4.785936465752478,0,-1
2023-06-13 08:57:00,2023-06-13 08:57:59,0.2512,0.2513,0.251,0.2514,0.25121967320841143,0.251225,0.251,0.2514,True,0.0005988161339008098,-0.00019825115316354238,0,0.2536563650789129,0.25351735356999877,-23.93409079047034,-23.93409079047034,0.25361800862898004,0.2536024093209149,21.824696257340452,11.517674579295322,0,-1
2023-06-13 08:58:00,2023-06-13 08:58:59,0.2513,0.2512,0.2512,0.2516,0.2512223366042057,0.25132499999999997,0.2512,0.2516,True,0.0005846149814793241,-0.00016234314875307031,0,0.25358685932445585,0.25344567268505547,-22.49456935797043,-22.49456935797043,0.2535951926227215,0.25357850475055754,38.374171211529735,23.765904344234595,0,-1
2023-06-13 08:59:00,2023-06-13 08:59:59,0.2513,0.2514,0.251,0.2517,0.25127366830210285,0.25135,0.251,0.2517,True,0.0005928567685165138,-0.00011301430161787178,0,0.2535162660047557,0.25337485927694364,-18.069483778377204,-18.069483778377204,0.2535728523976198,0.25355682808637287,51.18071900976554,37.126528826211945,0,-1
2023-06-13 09:00:00,2023-06-13 09:00:59,0.2514,0.2519,0.2513,0.2521,0.2513118341510514,0.25167500000000004,0.2513,0.2521,True,0.0006076527136224748,-3.6467291667380774e-05,0,0.25344556264084966,0.25330744454035514,-9.011974514121526,-0.0,0.2535539682941609,0.2535403422347672,73.7882016495919,54.447697290295764,0,-1
2023-06-13 09:01:00,2023-06-13 09:01:59,0.2519,0.2519,0.2514,0.2519,0.25149341707552575,0.251775,0.2514,0.2519,True,0.0005999632340780123,2.001411337354726e-05,0,0.2533765035906024,0.2532438542448911,-2.9736350046177407,-0.0,0.25353626711710453,0.2535240204214859,90.57206002873595,71.84699356269783,0,-1
2023-06-13 09:02:00,2023-06-13 09:02:59,0.2519,0.2513,0.2512,0.2519,0.25163420853776286,0.251575,0.2512,0.2519,True,0.0006071087173581567,1.9811057522735385e-05,0,0.2533101789177467,0.25318233904318,-5.811544676206616,-0.0,0.25351675202141194,0.2535018908650532,95.74761047644428,86.70262405159075,0,-1
2023-06-13 09:03:00,2023-06-13 09:03:59,0.2512,0.251,0.251,0.2513,0.2516046042688814,0.251125,0.251,0.2516046042688814,True,0.0005851723804040043,3.5079632478318993e-06,0,0.2532462589804633,0.2531197921585177,-9.922966618510628,-0.0,0.2534929534938357,0.253476996428585,83.39380893050414,89.90449314522816,0,-2
2023-06-13 09:04:00,2023-06-13 09:04:59,0.251,0.2506,0.2506,0.2511,0.2513648021344407,0.25082499999999996,0.2506,0.2513648021344407,True,0.0005790886389465754,-2.9335193209331688e-05,0,0.2531830255694905,0.2530548038417183,-14.964678169283303,-14.964678169283303,0.25346640669290205,0.25344836959844985,66.58735957686477,81.90959299460442,0,-2
2023-06-13 09:05:00,2023-06-13 09:05:59,0.2505,0.2511,0.2502,0.2513,0.2510949010672203,0.250775,0.2502,0.2513,True,0.0006162965933075375,-9.635235590390646e-06,0,0.25311891470560444,0.2529879962040205,-12.189442084334232,-0.0,0.2534396265268035,0.2534250027367737,53.32487551534689,67.76868134090529,0,-1
2023-06-13 09:06:00,2023-06-13 09:06:59,0.2511,0.2506,0.2505,0.2514,0.25093495053361015,0.2509,0.2505,0.2514,True,0.0006365611223570001,-2.540473172621036e-05,0,0.2530534554548125,0.25292107220656024,-13.626279267489231,-13.626279267489231,0.25341435661111394,0.2533968932568058,53.06667052829181,57.659635206834515,0,-2
2023-06-13 09:07:00,2023-06-13 09:07:59,0.2507,0.251,0.2507,0.251,0.2509174752668051,0.25085,0.2507,0.251,True,0.0006196638993315009,-1.642534492926422e-06,0,0.25298726383068637,0.2528541727148612,-10.611972691895886,-0.0,0.2533888406249337,0.2533730435726585,56.41196652606967,54.26783752323615,0,-1
2023-06-13 09:08:00,2023-06-13 09:08:59,0.251,0.2509,0.2506,0.251,0.25088373763340255,0.25087499999999996,0.2506,0.251,True,0.0006039736208078231,1.2328205899152689e-05,0,0.2529207182727738,0.25278792304496533,-9.374767754968275,-0.0,0.25336382728538215,0.25334843617392555,61.52975809672179,57.002798383694454,0,-1
2023-06-13 09:09:00,2023-06-13 09:09:59,0.251,0.251,0.2508,0.2511,0.25087936881670125,0.250975,0.2508,0.2511,True,0.0005822612193215476,3.303537000413231e-05,0,0.2528543206588696,0.25272332563388117,-7.455805660817575,-0.0,0.25334005785965696,0.25332506864980686,61.45434442813022,59.79868968364059,0,-1
2023-06-13 09:10:00,2023-06-13 09:10:59,0.251,0.2511,0.2508,0.2514,0.2509271844083506,0.251075,0.2508,0.2514,True,0.0005835282750842935,5.71141935498177e-05,0,0.2527888231463754,0.25266115837106273,-5.019355122929362,-0.0,0.25331751997050617,0.2533029286632416,69.00663337951762,63.99691196812324,0,-1
2023-06-13 09:11:00,2023-06-13 09:11:59,0.2512,0.2513,0.2512,0.2514,0.2510010922041753,0.25127499999999997,0.2512,0.2514,True,0.0005632762554354171,8.905570329549757e-05,0,0.25272499075871907,0.2526027031272927,-1.1470260651349449,-0.0,0.25329719638871007,0.2532829990248014,81.40371539393897,70.62156440052897,0,-1
2023-06-13 09:12:00,2023-06-13 09:12:59,0.2512,0.2506,0.2506,0.2512,0.2511380461020877,0.2509,0.2506,0.2512,True,0.0005730422371900325,6.2786888982215e-05,0,0.2526638469430059,0.25254499854856266,-5.375311801287289,-0.0,0.2532733436883249,0.2532563025170919,80.34164017826727,76.91732965057464,0,-2
2023-06-13 09:13:00,2023-06-13 09:13:59,0.2506,0.2512,0.2506,0.2513,0.25101902305104384,0.250925,0.2506,0.2513,True,0.0005821106488193183,8.910308230528519e-05,0,0.2526044227457843,0.25248845241506124,-2.4333199128164154,-0.0,0.25324997708446095,0.2532358417955288,74.03181317788987,78.5923895833654,0,-1
2023-06-13 09:14:00,2023-06-13 09:14:59,0.2511,0.2511,0.2508,0.2511,0.25097201152552195,0.251025,0.2508,0.2511,True,0.0005691027453322209,0.0001000900750166158,0,0.2525464375804228,0.25243389240659225,-1.3872202860298444,-0.0,0.2532278380089937,0.2532145896383594,68.06157881498392,74.14501072371372,0,-1
2023-06-13 09:15:00,2023-06-13 09:15:59,0.251,0.2509,0.2509,0.2515,0.25099850576276095,0.251075,0.2509,0.2515,True,0.0005713096920942044,9.36524214964269e-05,0,0.2524901649935075,0.252381613481183,-2.544839610667445,-0.0,0.25320641673527233,0.2531915588956892,78.99004432733915,73.69447877340436,0,-1
2023-06-13 09:16:00,2023-06-13 09:16:59,0.251,0.251,0.251,0.2515,0.2510367528813805,0.251125,0.251,0.2515,True,0.0005733589998017605,9.665676494375274e-05,0,0.2524358892373452,0.2523318322107068,-2.1867679014569106,-0.0,0.253185706120991,0.25316975233951317,91.20873573219065,79.42011962483794,0,-1
2023-06-13 09:17:00,2023-06-13 09:17:59,0.2511,0.2511,0.251,0.2512,0.2510808764406902,0.2511,0.251,0.2512,True,0.0005466904998159189,0.00010547295261864999,0,0.252383860724026,0.252284187387394,-0.76383532246264,-0.0,0.2531649528262548,0.25314915778887126,96.00251504135313,88.73376503362768,0,-1
2023-06-13 09:18:00,2023-06-13 09:18:59,0.2512,0.2515,0.2512,0.2515,0.2510904382203451,0.25134999999999996,0.2512,0.2515,True,0.0005362126069719255,0.00013805007449838914,0,0.25233402405571,0.2522402667639803,4.159745492691535,4.159745492691535,0.25314689359415277,0.25313274825863374,98.82354494625639,95.3449319066001,0,2
2023-06-13 09:19:00,2023-06-13 09:19:59,0.2514,0.2514,0.2511,0.2514,0.25122021911017256,0.251325,0.2511,0.2514,True,0.0005264831350453602,0.0001500156192661376,0,0.25228714540984515,0.25219940804493607,5.959914837388581,5.959914837388581,0.2531287652996836,0.2531155069824284,97.73258636854338,97.51954878538434,0,2
2023-06-13 09:20:00,2023-06-13 09:20:59,0.2514,0.2518,0.2514,0.2518,0.2512726095550863,0.25160000000000005,0.2514,0.2518,True,0.0005174486253992638,0.00018215871074946598,0,0.2522432767273906,0.2521631271114523,10.530989938270736,10.530989938270736,0.2531135537046619,0.2531024173607127,98.90904142228686,98.48839091236225,0,2
2023-06-13 09:21:00,2023-06-13 09:21:59,0.2518,0.2519,0.2517,0.2519,0.2514363047775432,0.251825,0.2517,0.2519,True,0.0004947737235850331,0.00020503521410676748,0,0.25220320191942147,0.2521322429658007,14.283840581549498,14.283840581549498,0.25310073227476476,0.2530904530088648,98.90904142228686,98.51688973770574,0,2
2023-06-13 09:22:00,2023-06-13 09:22:59,0.252,0.2521,0.252,0.2523,0.2516306523887716,0.2521,0.252,0.2523,True,0.0004880041719003887,0.00022741586774272058,0,0.2521677224426111,0.25210770643969904,18.13476173235567,18.13476173235567,0.2530907747396925,0.25308059775504527,99.99999999999987,99.27269428152458,0,2
2023-06-13 09:23:00,2023-06-13 09:23:59,0.252,0.2525,0.252,0.2526,0.2518653261943858,0.25227499999999997,0.252,0.2526,True,0.0004960038739075031,0.00026181408818293304,0,0.25213771444115507,0.2520895364718784,22.764953456099335,22.764953456099335,0.2530826575781035,0.2530748206629553,99.99999999999987,99.63634714076225,1,2
2023-06-13 09:24:00,2023-06-13 09:24:59,0.2524,0.2524,0.2524,0.2525,0.2520701630971929,0.252425,0.2524,0.2525,True,0.0004677178829141092,0.00026772445769118806,0,0.2521136254565167,0.2520775327649878,23.9008156178255,23.9008156178255,0.25307611372160493,0.25306810602949303,99.99999999999987,99.99999999999993,0,2
2023-06-13 09:25:00,2023-06-13 09:25:59,0.2525,0.2529,0.2525,0.2529,0.25224758154859644,0.25270000000000004,0.2525,0.2529,True,0.00047002374842024426,0.0002956569519534385,0,0.25209557911075225,0.2520723529493399,27.039050119811066,27.039050119811066,0.25307237129651433,0.25306643333268214,99.99999999999987,99.99999999999993,0,2
2023-06-13 09:26:00,2023-06-13 09:26:59,0.2529,0.2531,0.2529,0.2531,0.2524737907742982,0.253,0.2529,0.2531,True,0.0004507363378187967,0.0003155191782293624,0,0.25208396603004607,0.25207463948934034,29.830804374960465,29.830804374960465,0.2530716511841112,0.2530667673293719,99.99999999999987,99.99999999999993,0,2
2023-06-13 09:27:00,2023-06-13 09:27:59,0.2532,0.2534,0.2529,0.2534,0.2527368953871491,0.253225,0.2529,0.2534,True,0.00045425517083173985,0.00033561396528347697,1,0.2520793027596932,0.252084332394834,32.58959539771055,32.58959539771055,0.25307317704297577,0.25307008307733836,99.99999999999987,99.99999999999993,0,2
2023-06-13 09:28:00,2023-06-13 09:28:59,0.2535,0.2537,0.2535,0.2538,0.25298094769357454,0.253625,0.2535,0.2538,True,0.00045037980148661643,0.00035440895390306283,0,0.2520818175772636,0.2521025343057127,35.147777714399965,35.147777714399965,0.25307866781866756,0.2530763509074146,99.99999999999987,99.99999999999993,0,2
2023-06-13 09:29:00,2023-06-13 09:29:59,0.2538,0.2546,0.2538,0.2548,0.25330297384678724,0.25425,0.2538,0.2548,True,0.0004967812442375757,0.00041208395669245073,0,0.25209217594148814,0.25213159869657115,38.13515430205983,38.13515430205983,0.25309032286524796,0.253091511594903,99.99999999999987,99.99999999999993,0,2
2023-06-13 09:30:00,2023-06-13 09:30:59,0.2547,0.2551,0.2546,0.2554,0.2537764869233936,0.25495,0.2546,0.2554,True,0.0005184397267920362,0.0004642052273640084,0,0.2521118873190296,0.25217381852610415,40.535997283869776,40.535997283869776,0.253108827115345,0.2531114965541577,99.99999999999987,99.99999999999993,0,2
2023-06-13 09:31:00,2023-06-13 09:31:59,0.2551,0.2546,0.2542,0.2552,0.2543632434616968,0.254775,0.2542,0.2552,True,0.0005528368891640337,0.00044106638686906846,0,0.2521428529225669,0.2522249053659862,35.7779246873733,35.7779246873733,0.2531254059500182,0.25312630753371834,96.4719890677793,98.8239963559264,0,2
2023-06-13 09:32:00,2023-06-13 09:32:59,0.2544,0.2542,0.2541,0.2544,0.2545691217308484,0.254275,0.2541,0.2545691217308484,True,0.000549062825652317,0.0003764455018105184,0,0.25218387914427653,0.252279192223691,28.50977685567554,28.50977685567554,0.2531368446967842,0.2531369910408455,83.95827339830565,93.47675415536166,0,1
2023-06-13 09:33:00,2023-06-13 09:33:59,0.2542,0.2536,0.2535,0.2544,0.2544220608654242,0.253925,0.2535,0.2544220608654242,True,0.0005741297666771525,0.0002735776603276552,0,0.25223153568398377,0.2523332246401434,18.86995894116835,18.86995894116835,0.2531446870381097,0.25314159809516545,62.39705100446972,80.94243782351826,0,1
2023-06-13 09:34:00,2023-06-13 09:34:59,0.2536,0.2538,0.2536,0.254,0.25417353043271207,0.25375000000000003,0.2536,0.25417353043271207,True,0.0005616919262002139,0.00020501103229211642,0,0.2522823801620636,0.2523854853272636,13.82987421151077,13.82987421151077,0.2531507100526559,0.25314814935790014,37.2826659343748,61.212663445716764,0,1
2023-06-13 09:35:00,2023-06-13 09:35:59,0.2538,0.2537,0.2535,0.2538,0.25396176521635605,0.25370000000000004,0.2535,0.25396176521635605,True,0.0005429996457573431,0.00014079354999332167,0,0.2523339327446636,0.2524356495023565,9.624664176029711,9.624664176029711,0.25315617562427123,0.2531536404090653,16.463048270515127,38.71425506978659,0,1
2023-06-13 09:36:00,2023-06-13 09:36:59,0.2536,0.2537,0.2536,0.254,0.25383088260817804,0.253725,0.2536,0.254,True,0.0005327853853461051,8.889843328636058e-05,0,0.25238479112351003,0.2524839904257839,6.821190819042336,6.821190819042336,0.25316183556830835,0.25315907682290545,5.060347874101043,19.602020692997026,0,1
2023-06-13 09:37:00,2023-06-13 09:37:59,0.2538,0.2541,0.2538,0.2541,0.25377794130408904,0.25395,0.2538,0.2541,True,0.0005233007149642412,7.45835191108534e-05,0,0.25243439077464697,0.25253210795948894,8.426669840634311,8.426669840634311,0.25316967800046447,0.25316843924257804,4.053741706331422,8.525712616982569,0,1
2023-06-13 09:38:00,2023-06-13 09:38:59,0.2541,0.2538,0.2537,0.2541,0.2538639706520445,0.253925,0.2537,0.2541,True,0.0005144935210382248,3.708629770786582e-05,0,0.25248324936706795,0.2525795479528554,6.1833843330214435,0.0,0.2531771936422509,0.25317472342921904,7.059640224734326,5.391243268388969,0,1
2023-06-13 09:39:00,2023-06-13 09:39:59,0.2538,0.2542,0.2538,0.2542,0.25389448532602227,0.254,0.2538,0.2542,True,0.0005063154123926342,3.422400467844179e-05,0,0.25253139865996166,0.2526266436049031,7.99044768425459,0.0,0.2531853807701887,0.2531849251861422,10.869199132666665,7.327527021244176,0,1
2023-06-13 09:40:00,2023-06-13 09:40:59,0.2542,0.254,0.254,0.2544,0.25394724266301116,0.25415,0.254,0.2544,True,0.0004987214543645897,1.2684031142155047e-05,0,0.25257902113243236,0.25267417418787097,6.944879462957871,0.0,0.25319497897148036,0.253193035383295,13.700468236415992,10.543102531272366,0,1
2023-06-13 09:41:00,2023-06-13 09:41:59,0.2541,0.2543,0.2541,0.2546,0.2540486213315056,0.254275,0.2541,0.2546,True,0.0005059556361956898,1.4300471908577613e-05,0,0.25262659766015166,0.25272257871759785,8.727153426813658,0.0,0.2532057254493761,0.25320404995659557,19.11182712772802,14.560498165603596,0,1
2023-06-13 09:42:00,2023-06-13 09:42:59,0.2543,0.2544,0.2542,0.2545,0.2541618106657528,0.25435,0.2542,0.2545,True,0.0004912445193245707,1.7078035076413035e-05,0,0.2526745881888747,0.25277185378496364,10.692460922259286,10.692460922259286,0.2532171112658002,0.25321594995702745,24.49223456055677,19.101509974900296,0,1
2023-06-13 09:43:00,2023-06-13 09:43:59,0.2544,0.2539,0.2539,0.2544,0.2542559053328764,0.25415,0.2539,0.2544,True,0.0004918699108013871,-2.068914714550656e-05,0,0.25272322098691913,0.2528201039406773,6.17401364941275,0.0,0.2532263937407674,0.2532227564251167,20.84307612393445,21.48237927073978,0,1
2023-06-13 09:44:00,2023-06-13 09:44:59,0.254,0.2538,0.2538,0.254,0.2542029526664382,0.2539,0.2538,0.2542029526664382,True,0.0004710220600298579,-5.5511729393685374e-05,0,0.2527716624637982,0.2528655008629926,2.203574048905601,0.0,0.25323309629061047,0.2532285001422797,12.425818714219512,19.253709799570277,0,1
2023-06-13 09:45:00,2023-06-13 09:45:59,0.2539,0.254,0.2538,0.2544,0.2540514763332191,0.254025,0.2538,0.2544,True,0.00048023477002772443,-6.62050147752501e-05,0,0.2528185816633954,0.2529091975763558,1.9285654695858838,0.0,0.2532409759295099,0.25323617675777943,7.4535994570953195,13.574164765083125,0,1
2023-06-13 09:46:00,2023-06-13 09:46:59,0.254,0.2539,0.2536,0.2542,0.25403823816660953,0.253925,0.2536,0.2542,True,0.0004887894293114576,-8.128120314137004e-05,0,0.2528638896198756,0.2529505697909841,0.5266907975805566,0.0,0.2532477821391665,0.25324278196416966,4.587157626720096,8.155525266011674,0,1
2023-06-13 09:47:00,2023-06-13 09:47:59,0.254,0.2542,0.254,0.2542,0.25398161908330474,0.2541,0.254,0.2542,True,0.0004753044700749226,-7.095290693389874e-05,0,0.25290722970542984,0.25299102874012724,3.145404095714767,0.0,0.2532562619188763,0.25325230652174013,12.927316578085431,8.322691220633649,0,1
2023-06-13 09:48:00,2023-06-13 09:48:59,0.2542,0.2545,0.2542,0.2545,0.25404080954165237,0.25434999999999997,0.2542,0.2545,True,0.00046278272221242974,-4.454771170216707e-05,0,0.25294912922277857,0.25303220634337975,7.618379029593804,0.0,0.25326714488485763,0.25326472138222034,27.52142760223407,15.011967269013232,0,2
2023-06-13 09:49:00,2023-06-13 09:49:59,0.2545,0.2544,0.2542,0.2545,0.25419540477082614,0.2544,0.2542,0.2545,True,0.0004511553849115435,-3.6289688949702305e-05,0,0.25299066778307916,0.2530740102790905,8.982782323763495,0.0,0.25327841707505805,0.25327601768687485,48.776256559838295,29.741666913385966,0,1
2023-06-13 09:50:00,2023-06-13 09:50:59,0.2543,0.2538,0.2538,0.2543,0.25429770238541305,0.25405,0.2538,0.2543,True,0.0004617871431321468,-7.436160291321241e-05,0,0.25303233903108485,0.2531136191390817,2.811596511179296,0.0,0.25328609451709727,0.2532812314412343,40.43609760847296,38.91126059018181,0,1
2023-06-13 09:51:00,2023-06-13 09:51:59,0.2537,0.2542,0.2536,0.2542,0.2541738511927065,0.253925,0.2536,0.2542,True,0.0004716594900512784,-7.198505271770303e-05,0,0.2530729790850833,0.2531503704086866,2.9820515280974007,0.0,0.25329245178558385,0.25329037341694344,21.25482895760409,36.82239437530515,0,1
2023-06-13 09:52:00,2023-06-13 09:52:59,0.2542,0.2541,0.2539,0.2543,0.25404942559635324,0.254125,0.2539,0.2543,True,0.0004665409550476165,-7.773222214785367e-05,0,0.25311167474688495,0.25318599193718383,2.0143932560031956,0.0,0.25330073584741886,0.25329842940284447,7.594567786860963,23.095164784312704,0,1
2023-06-13 09:53:00,2023-06-13 09:53:59,0.2542,0.2541,0.2541,0.2544,0.2540872127981766,0.2542,0.2541,0.2544,True,0.0004546451725442169,-8.148953621520756e-05,0,0.2531488333420344,0.2532209941907541,1.3692877412737232,0.0,0.2533096837494346,0.25330640522968184,17.939131814094107,15.59617618618642,0,1
2023-06-13 09:54:00,2023-06-13 09:54:59,0.2541,0.2544,0.2541,0.2545,0.2541436063990883,0.254275,0.2541,0.2545,True,0.00045074194593391654,-6.308717943073695e-05,0,0.2531849137663943,0.2532557833118961,4.402274933950338,0.0,0.2533192888862561,0.253317286769685,31.067999185365533,18.86723292877357,0,2
2023-06-13 09:55:00,2023-06-13 09:55:59,0.2545,0.2538,0.2538,0.2545,0.25420930319954416,0.25415,0.2538,0.2545,True,0.000468546092652921,-9.279543158469085e-05,0,0.2532203485391452,0.25328930830907714,-0.28968033958639694,-0.0,0.2533275546684824,0.2533220898864046,29.69153185171902,26.23288761705959,0,1
2023-06-13 09:56:00,2023-06-13 09:56:59,0.2539,0.2539,0.2539,0.254,0.25417965159977207,0.253925,0.2539,0.25417965159977207,True,0.0004493642288919965,-0.00010412332255307319,0,0.25325482842411123,0.2533200642961609,-2.1752743257509053,-0.0,0.25333349939814925,0.2533278402357936,19.346967824485876,26.702166287190177,0,1
2023-06-13 09:57:00,2023-06-13 09:57:59,0.2539,0.2539,0.2538,0.254,0.254052325799886,0.2539,0.2538,0.254052325799886,True,0.0004315524982568523,-0.00010974629376036632,0,0.2532874463601361,0.25334825767675573,-3.4323369831939132,-3.4323369831939132,0.2533391362200582,0.25333353336777575,6.2181004532144515,18.418866709806483,0,1
2023-06-13 09:58:00,2023-06-13 09:58:59,0.254,0.254,0.254,0.254,0.253976162899943,0.254,0.254,0.254,True,0.00040787017695279065,-0.0001043920792902904,0,0.2533178520184459,0.253374926169013,-2.7315038045777698,-0.0,0.25334571197906264,0.2533401648765541,5.186626288169296,10.250564855289907,0,1
2023-06-13 09:59:00,2023-06-13 09:59:59,0.254,0.2542,0.254,0.2543,0.25398808144997154,0.254125,0.254,0.2543,True,0.0004001651643133072,-8.515359264132862e-05,0,0.2533463890937295,0.2534010687646735,0.564105191367716,0.0,0.2533534660887237,0.2533487204499217,16.657855233523115,9.354193991635654,0,2
2023-06-13 10:00:00,2023-06-13 10:00:59,0.2542,0.2538,0.2538,0.2543,0.25405654072498574,0.254025,0.2538,0.2543,True,0.00040729622400521387,-9.880609865739958e-05,0,0.2533737289292015,0.2534259318458904,-2.6503833899225597,-0.0,0.2533601480181892,0.25335321079370354,21.945865226221063,14.596782249304525,0,-2
2023-06-13 10:01:00,2023-06-13 10:01:59,0.2538,0.2537,0.2536,0.2538,0.25404077036249284,0.25372500000000003,0.2536,0.25404077036249284,True,0.0003924893508619867,-0.0001123779239898854,0,0.253399830387546,0.25344755865017,-5.864437186740247,-5.864437186740247,0.2533637783861674,0.2533566614325722,16.759238938051634,18.454319799265306,0,-2
2023-06-13 10:02:00,2023-06-13 10:02:59,0.2536,0.2538,0.2534,0.2539,0.25388288518124646,0.25367500000000004,0.2534,0.2539,True,0.0004001686829432734,-0.00011139047965480801,0,0.253423694518858,0.2534661460748075,-6.219080366465576,-6.219080366465576,0.25336687511864336,0.2533610727616013,5.2880099926978135,14.664371385656873,0,-2
2023-06-13 10:03:00,2023-06-13 10:03:59,0.2538,0.2539,0.2538,0.254,0.2537789425906233,0.253875,0.2538,0.254,True,0.00038587091987589515,-0.00010085249401563777,0,0.25344492029683274,0.2534835852576709,-4.678259874047598,-4.678259874047598,0.2533719310876121,0.2533664352216849,11.12201028743821,11.056419739395922,0,-2
2023-06-13 10:04:00,2023-06-13 10:04:59,0.2539,0.2541,0.2539,0.2542,0.2538269712953116,0.254025,0.2539,0.2542,True,0.0003797372827419003,-7.759112511872984e-05,0,0.2534642527772518,0.2535010299298898,-0.494624370934055,-0.0,0.2533784292857453,0.2533737343737079,29.855820013040443,15.421946764392194,0,-1
2023-06-13 10:05:00,2023-06-13 10:05:59,0.2541,0.2541,0.254,0.2543,0.2539259856476558,0.254125,0.254,0.2543,True,0.0003740417625460519,-6.073569377193508e-05,0,0.2534826413535708,0.2535190453412602,2.2944659644749734,0.0,0.25338585785006623,0.2533809608973526,53.44403051875607,31.473953606411612,0,-1
2023-06-13 10:06:00,2023-06-13 10:06:59,0.2541,0.2541,0.2541,0.2542,0.2540254928238279,0.254125,0.2541,0.2542,True,0.00035446735093561886,-4.8679511303739785e-05,0,0.25350084334741546,0.2535373864946975,4.153859521414326,0.0,0.2533932124983243,0.2533881155152894,65.91023073703333,49.73669375627665,0,-1
2023-06-13 10:07:00,2023-06-13 10:07:59,0.2541,0.2541,0.254,0.2542,0.2540752464119139,0.2541,0.254,0.2542,True,0.00034343396872593023,-4.0188011386561645e-05,0,0.25351911492105644,0.2535556867407505,5.393455226040565,0.0,0.25340024520978377,0.25339519894299795,69.09629868852325,62.816853314770924,0,-1
2023-06-13 10:08:00,2023-06-13 10:08:59,0.2541,0.2542,0.2541,0.2543,0.25408762320595696,0.254175,0.2541,0.2543,True,0.00033318868524550904,-2.7459682941271917e-05,0,0.2535374008309035,0.25357434380074256,8.464686821881607,0.0,0.2534079542126715,0.2534032069137144,78.66398250127796,71.22350397561155,0,-1
2023-06-13 10:09:00,2023-06-13 10:09:59,0.2541,0.2541,0.254,0.2541,0.25413131160297847,0.254075,0.254,0.25413131160297847,True,0.0003236752077279711,-2.62330447035762e-05,0,0.25355587231582305,0.25359246766923893,7.045870326675299,0.0,0.2534145914841872,0.25341014017825453,79.28188620308146,75.68072246429426,0,-2
2023-06-13 10:10:00,2023-06-13 10:10:59,0.2543,0.254,0.254,0.2543,0.25410315580148923,0.25415,0.254,0.2543,True,0.00032198412146168905,-3.245484537047882e-05,0,0.253574169992531,0.2536105619830689,3.1749071313786885,0.0,0.253421908981857,0.2534160094302122,87.3116841089876,81.75251760444905,0,-2
2023-06-13 10:11:00,2023-06-13 10:11:59,0.254,0.2539,0.2539,0.2541,0.2541265779007446,0.253975,0.2539,0.2541265779007446,True,0.0003132709699287097,-4.315995614756138e-05,0,0.2535923659878,0.2536273081959603,-1.869096276728662,-0.0,0.2534274123750724,0.2534208252567772,68.45537286952262,78.34964772719728,0,-2
2023-06-13 10:12:00,2023-06-13 10:12:59,0.2539,0.2537,0.2537,0.2539,0.2540507889503723,0.2538,0.2537,0.2540507889503723,True,0.0003051801863623757,-6.30697041510392e-05,0,0.2536098370918802,0.2536416774565663,-8.792238076178293,-8.792238076178293,0.2534311197146239,0.25342360311491874,44.8026638208614,66.8565735997906,0,-2
2023-06-13 10:13:00,2023-06-13 10:13:59,0.2538,0.2539,0.2538,0.2541,0.25392539447518614,0.2539,0.2538,0.2541,True,0.0003119530301936354,-6.0505082468596e-05,0,0.25362575727422326,0.2536547628438594,-7.30563437134208,-7.30563437134208,0.2534357851901003,0.253428343382432,24.08831876074744,45.78211848371054,0,-2
2023-06-13 10:14:00,2023-06-13 10:14:59,0.2539,0.254,0.2539,0.2541,0.2539126972375931,0.253975,0.2539,0.2541,True,0.00030395638517980274,-5.028359812195228e-05,0,0.25364026005904133,0.2536672622287515,-3.935735666424904,-3.935735666424904,0.25344115051159183,0.25343403150797994,25.36225451778546,31.41774569979815,0,-1
2023-06-13 10:15:00,2023-06-13 10:15:59,0.2539,0.2545,0.2539,0.2548,0.25394384861879654,0.25427500000000003,0.2539,0.2548,True,0.00034653092909553196,-8.05997435711028e-06,0,0.25365376114389643,0.2536812728097987,5.244647682667747,0.0,0.25344944752142673,0.25344463815964186,58.14218269226091,35.864251990264655,0,-1
2023-06-13 10:16:00,2023-06-13 10:16:59,0.2544,0.2542,0.2541,0.2546,0.2541094243093983,0.25432499999999997,0.2541,0.2546,True,0.0003574930055887083,-1.8857260528722022e-06,0,0.25366751697684753,0.25369672009189376,5.4545781474156385,0.0,0.25345815948638767,0.2534521541978544,82.24018550270988,55.2482075709188,0,-1
2023-06-13 10:17:00,2023-06-13 10:17:59,0.2541,0.2542,0.2541,0.2544,0.25421721215469917,0.2542,0.2541,0.2544,True,0.0003533863623323736,1.2787936232981926e-06,0,0.25368211853437067,0.2537123348811117,5.594531790580902,0.0,0.25346554098403556,0.25345959544961705,90.37036151641466,76.91757657046186,0,-1
2023-06-13 10:18:00,2023-06-13 10:18:59,0.2543,0.2549,0.2543,0.2551,0.2542086060773496,0.25465000000000004,0.2543,0.2551,True,0.00039243019359434773,5.035326330531288e-05,0,0.2536972267077412,0.2537310618943649,12.267396660764888,12.267396660764888,0.25347732664588596,0.25347392783320294,90.37036151641466,87.66030284517979,0,2
2023-06-13 10:19:00,2023-06-13 10:19:59,0.255,0.2547,0.2545,0.2551,0.25442930303867484,0.25482499999999997,0.2545,0.2551,True,0.0004072566083376078,6.511008241222448e-05,0,0.25371414430105305,0.2537533113823679,13.364402335096663,13.364402335096663,0.2534907363310015,0.25348612755625566,90.37036151641466,90.37036151641472,0,2
2023-06-13 10:20:00,2023-06-13 10:20:59,0.2546,0.2539,0.2537,0.2547,0.2546271515193374,0.254225,0.2537,0.2547,True,0.0004495954220277787,1.5767779501852958e-05,0,0.25373372784171044,0.2537740648462854,5.581775684946102,0.0,0.2534980424371607,0.25349024569002426,76.69306735484851,85.81126346255932,0,1
2023-06-13 10:21:00,2023-06-13 10:21:59,0.2539,0.254,0.2539,0.2541,0.2544260757596687,0.253975,0.2539,0.2544260757596687,True,0.00043176717759722154,-1.1112656907829238e-05,0,0.2537538963439979,0.2537917828232202,1.4973341011520844,0.0,0.2535027882835571,0.2534953178722131,46.08063578090185,71.04802155072171,0,-2
2023-06-13 10:22:00,2023-06-13 10:22:59,0.254,0.2543,0.254,0.2543,0.2542005378798343,0.25415,0.254,0.2543,True,0.00042235523634027875,-8.531503452315173e-06,0,0.2537728395836091,0.2538081900618483,1.9066461342761798,0.0,0.25350922820113364,0.2535033246595542,20.679363165860902,47.817688767203784,0,-1
2023-06-13 10:23:00,2023-06-13 10:23:59,0.2544,0.2546,0.2544,0.2547,0.25417526893991715,0.254525,0.2544,0.2547,True,0.0004207584337445414,1.2995510199241762e-05,0,0.2537905148227287,0.2538260256746835,4.7946608874432854,0.0,0.2535193353832119,0.2535142368519965,28.339663904335605,31.699887617032818,0,2
2023-06-13 10:24:00,2023-06-13 10:24:59,0.2546,0.2545,0.2545,0.2546,0.2543501344699586,0.25455,0.2545,0.2546,True,0.0003978471170485019,1.8355294874447135e-05,0,0.2538082702487061,0.2538450350118921,5.463176174075926,5.463176174075926,0.2535295907525332,0.2535240454405338,43.90782376919134,30.97561694646265,0,2
2023-06-13 10:25:00,2023-06-13 10:25:59,0.2543,0.2543,0.2543,0.2545,0.2544500672349793,0.25435,0.2543,0.2545,True,0.00038371518011646446,6.134717022214476e-06,0,0.25382665263029913,0.25386346579359226,3.4478968863395707,0.0,0.2535377540286274,0.253531766381424,47.802775833561306,40.01675450236278,0,1
2023-06-13 10:26:00,2023-06-13 10:26:59,0.2543,0.2552,0.2543,0.2552,0.25440003361748964,0.25475000000000003,0.2543,0.2552,True,0.00042059266725099964,5.851513119124236e-05,0,0.2538450592119457,0.2538840590450948,9.058109282501356,9.058109282501356,0.25354981617759625,0.2535483657209123,50.616811882392504,47.44247049504841,0,2
2023-06-13 10:27:00,2023-06-13 10:27:59,0.2552,0.2547,0.2547,0.2554,0.25457501680874484,0.255,0.2547,0.2554,True,0.0004405503338759307,5.421475567802411e-05,0,0.2538645591285203,0.2539079287985413,7.746334463799158,7.746334463799158,0.2535642458673714,0.25355982476846545,58.44203121719166,52.28720631104852,0,2
2023-06-13 10:28:00,2023-06-13 10:28:59,0.2548,0.2548,0.2547,0.2549,0.2547875084043724,0.2548,0.2547,0.2549,True,0.0004233681671705095,5.451593584929204e-05,0,0.2538862439635308,0.2539328421804243,7.607949323865768,7.607949323865768,0.2535765419283926,0.25357216482052053,65.6517315756818,58.23685822508869,0,2
2023-06-13 10:29:00,2023-06-13 10:29:59,0.2548,0.255,0.2548,0.255,0.2547937542021862,0.2549,0.2548,0.255,True,0.0004074132980869001,6.454677750704639e-05,0,0.25390954307197755,0.25395909239236697,9.018036649571904,9.018036649571904,0.2535897106654235,0.25358637213573926,66.57932691567994,63.55769656951784,0,2
2023-06-13 10:30:00,2023-06-13 10:30:59,0.255,0.255,0.2549,0.2551,0.2548468771010931,0.255,0.2549,0.2551,True,0.00039259806250926276,6.65981106351322e-05,0,0.25393431773217223,0.2539869011019934,9.958094866709331,9.958094866709331,0.2536037433951208,0.2536004380846374,64.28575406391026,65.5056041850907,0,2
2023-06-13 10:31:00,2023-06-13 10:31:59,0.2549,0.255,0.2548,0.2551,0.25492343855054655,0.25495,0.2548,0.2551,True,0.0003859839151871702,6.328961494785198e-05,0,0.2539606094170828,0.25401540297731173,10.584800344800946,10.584800344800946,0.2536171389832291,0.25361436407384497,67.10166602290435,65.98891566749823,0,2
2023-06-13 10:32:00,2023-06-13 10:32:59,0.2549,0.2554,0.2549,0.2555,0.2549367192752733,0.255175,0.2549,0.2555,True,0.0004012707783880858,8.398961200436588e-05,0,0.25398800619719725,0.25404579877295813,14.404431519625433,14.404431519625433,0.25363264008787356,0.25363213159549824,73.08274146180837,68.15672051620771,0,2
2023-06-13 10:33:00,2023-06-13 10:33:59,0.2554,0.2553,0.2552,0.2554,0.25505585963763666,0.255325,0.2552,0.2554,True,0.00038689429421751064,8.485960676775844e-05,0,0.2540169024850777,0.2540785062774347,15.167302025589976,15.167302025589976,0.2536494794899843,0.2536487273010157,82.59536668786983,74.25992472419425,0,2
2023-06-13 10:34:00,2023-06-13 10:34:59,0.2554,0.2553,0.2552,0.2554,0.25519042981881834,0.255325,0.2552,0.2554,True,0.0003735447017734051,7.958843357879598e-05,0,0.25404770438125623,0.2541128093982667,15.67588236289967,15.67588236289967,0.2536661513358551,0.25366515787513494,94.07607492105656,83.25139435691165,0,2
2023-06-13 10:35:00,2023-06-13 10:35:59,0.2553,0.2559,0.2553,0.2565,0.2552577149094092,0.25575000000000003,0.2553,0.2565,True,0.00043257722307530325,0.00011159638907551307,0,0.2540802568897615,0.25415104935516,20.35451171101353,20.35451171101353,0.25368688614843365,0.2536873951102082,99.99999999999983,92.22381386964213,0,2
2023-06-13 10:36:00,2023-06-13 10:36:59,0.256,0.2565,0.256,0.2567,0.2555038574547046,0.2563,0.256,0.2567,True,0.0004588217071413507,0.00016608715239965186,0,0.25411565312246076,0.2541959000289051,25.63284591249267,25.63284591249267,0.25371288728128505,0.2537153812285146,99.99999999999983,98.02535830701879,0,2
2023-06-13 10:37:00,2023-06-13 10:37:59,0.2566,0.2576,0.2566,0.2578,0.2559019287273523,0.25715,0.2566,0.2578,True,0.0005189058709169662,0.00026668176675370225,0,0.25415577657568295,0.25425147954714417,31.05115555350376,31.05115555350376,0.2537470874078394,0.25375403415161396,99.99999999999983,99.99999999999989,0,2
2023-06-13 10:38:00,2023-06-13 10:38:59,0.2576,0.2591,0.2576,0.2594,0.25652596436367614,0.258425,0.2576,0.2594,True,0.000610412594422899,0.00041956061187735274,0,0.25420362806141356,0.2543238724814206,35.753227746671655,35.753227746671655,0.25379363380179126,0.25380722784164766,99.99999999999983,99.99999999999989,0,2
2023-06-13 10:39:00,2023-06-13 10:39:59,0.2591,0.2592,0.2588,0.2599,0.2574754821818381,0.25925,0.2588,0.2599,True,0.0006453831233926951,0.0005026938676654928,0,0.25426375027141707,0.25441466642122706,38.93836475209012,38.93836475209012,0.25384792600276845,0.2538608872661089,99.99999999999983,99.99999999999989,0,2
2023-06-13 10:40:00,2023-06-13 10:40:59,0.2593,0.2593,0.2592,0.2601,0.25836274109091906,0.259475,0.2592,0.2601,True,0.0006635700431503605,0.0005361812266720272,0,0.25433920834632207,0.2545208683983905,41.11828826986189,41.11828826986189,0.2539039167888106,0.2539150077908242,99.99999999999983,99.99999999999989,0,2
2023-06-13 10:41:00,2023-06-13 10:41:59,0.2593,0.2598,0.2593,0.26,0.25891887054545953,0.25959999999999994,0.2593,0.26,True,0.0006661721829253371,0.0005626206530665717,0,0.2544300383723563,0.25463933020615115,42.840104152021354,42.840104152021354,0.25396059423369804,0.25397356492723394,99.99999999999983,99.99999999999989,0,2
2023-06-13 10:42:00,2023-06-13 10:42:59,0.2598,0.2598,0.2596,0.26,0.25925943527272977,0.2598,0.2596,0.26,True,0.0006471598841449567,0.0005481120203700497,0,0.25453468428925374,0.2547680037034711,43.98798140679433,43.98798140679433,0.25401869777366126,0.25403153940556994,99.99999999999983,99.99999999999989,0,2
2023-06-13 10:43:00,2023-06-13 10:43:59,0.2596,0.2587,0.2587,0.2596,0.2595297176363649,0.25915,0.2587,0.2596,True,0.0006795056067060305,0.0004314571737612464,0,0.2546513439963624,0.2548993744075122,33.174230975057284,33.174230975057284,0.2540697555072567,0.2540779917497931,86.70486135042063,95.56828711680681,0,1
2023-06-13 10:44:00,2023-06-13 10:44:59,0.2587,0.259,0.2587,0.2591,0.25933985881818244,0.25887499999999997,0.2587,0.25933985881818244,True,0.0006595409205127434,0.00034929481759928406,0,0.25477535920193733,0.2550300805061826,27.318666889303046,27.318666889303046,0.2541175688852939,0.25412696695626286,68.44454522555927,85.0498021919933,0,1
2023-06-13 10:45:00,2023-06-13 10:45:59,0.2589,0.2592,0.2589,0.2592,0.2591074294090912,0.25905,0.2589,0.2592,True,0.0006338594261904022,0.00028569441440683737,0,0.25490271985406,0.2551605672596388,24.30803365177411,24.30803365177411,0.25416664780185816,0.25417744489699656,49.051810438798206,68.06707233825942,0,1
2023-06-13 10:46:00,2023-06-13 10:46:59,0.2592,0.2588,0.2586,0.2593,0.2590787147045456,0.25897499999999996,0.2586,0.2593,True,0.0006385837528910861,0.00019534111333573893,0,0.25503164355684943,0.2552894714634087,18.71556208216792,18.71556208216792,0.2542144921023372,0.25422344047016077,39.531582971602184,52.34264621198661,0,1
2023-06-13 10:47:00,2023-06-13 10:47:59,0.2588,0.2589,0.2587,0.2589,0.25902685735227277,0.25882499999999997,0.2587,0.25902685735227277,True,0.0006072563419702966,0.0001257147136624454,0,0.25516055751012906,0.25541521613523843,15.626016948628887,0.0,0.25426036780281147,0.2542699734008059,31.41523741244306,39.99954360761454,0,1
2023-06-13 10:48:00,2023-06-13 10:48:59,0.2589,0.2593,0.2589,0.2594,0.2589259286761364,0.259125,0.2589,0.2594,True,0.000599595174686704,9.298115354979637e-05,0,0.2552878868226838,0.2555396688622177,15.972844380106537,0.0,0.254308772103281,0.25432002341671833,21.000053162951087,30.648957848998837,0,1
2023-06-13 10:49:00,2023-06-13 10:49:59,0.2593,0.2595,0.2591,0.2595,0.25902546433806817,0.25934999999999997,0.2591,0.2595,True,0.0005853383764947974,7.170352195237607e-05,0,0.25541377784245073,0.25566379429315184,17.27637907363551,17.27637907363551,0.25435893357489014,0.25437156547227335,16.512444160195756,22.97591157853003,0,1
2023-06-13 10:50:00,2023-06-13 10:50:59,0.2595,0.26,0.2595,0.26,0.25918773216903407,0.25975000000000004,0.2595,0.26,True,0.0005792427781737404,7.924218266348567e-05,0,0.2555387860678013,0.25578955483453464,20.399325328076884,20.399325328076884,0.2544125760268813,0.25442756979593234,19.700793936321435,19.071097086489488,0,2
2023-06-13 10:51:00,2023-06-13 10:51:59,0.26,0.2599,0.2597,0.2602,0.259468866084517,0.25995,0.2597,0.2602,True,0.0005735825797327589,6.38007558675911e-05,0,0.25566417045116796,0.25591711207150986,21.175007272846386,21.175007272846386,0.25446767477288246,0.25448202183776386,28.23319293818089,21.482143678232756,0,1
2023-06-13 10:52:00,2023-06-13 10:52:59,0.2599,0.2596,0.2596,0.26,0.2597094330422585,0.25977500000000003,0.2596,0.26,True,0.0005611838240375627,2.0376837362776892e-05,0,0.2557906412613389,0.2560440079951558,17.923614590476575,17.923614590476575,0.2545204839791224,0.254532946993607,28.407434172030488,25.447140348844332,0,1
2023-06-13 10:53:00,2023-06-13 10:53:59,0.2595,0.2588,0.2588,0.2595,0.2597422165211293,0.25915,0.2588,0.2597422165211293,True,0.0005782421223205955,-7.350795590981441e-05,0,0.25591732462824734,0.2561652244565158,8.954725717339187,0.0,0.25456654881515106,0.25457540523247657,18.262412746591966,24.967679952267844,0,1
2023-06-13 10:54:00,2023-06-13 10:54:59,0.2589,0.2592,0.2589,0.2594,0.25944610826056463,0.2591,0.2589,0.25944610826056463,True,0.0005797962564405561,-0.00011339628654910908,0,0.25604127454238157,0.25628079471026904,6.242997274108362,0.0,0.2546116577821645,0.25462142110081015,6.2045994476522095,17.624815455424947,0,1
2023-06-13 10:55:00,2023-06-13 10:55:59,0.2592,0.2588,0.2584,0.2593,0.25927305413028234,0.25892499999999996,0.2584,0.2593,True,0.0006026679524090847,-0.00017125535256488347,0,0.25616103462632533,0.25638992604411415,1.6185549328504507,0.0,0.25465457661020263,0.2546629990003046,-1.7526720815415805e-13,8.155670731414729,0,1
2023-06-13 10:56:00,2023-06-13 10:56:59,0.2589,0.2598,0.2589,0.2598,0.25909902706514115,0.25934999999999997,0.2589,0.2598,True,0.0006310488129512931,-0.0001418556945660687,0,0.25627548033521974,0.2564961551659983,4.928848347854412,0.0,0.25470129724094687,0.2547141134381125,7.5185080528129005,4.574369166821707,0,2
2023-06-13 10:57:00,2023-06-13 10:57:59,0.2598,0.2609,0.2595,0.261,0.2592245135325706,0.2603,0.2595,0.261,True,0.0006931167548833438,-5.027184096013742e-05,0,0.256385817750609,0.25660588852154,11.04767376184352,0.0,0.2547570057261116,0.25477566454818107,28.514432794616795,12.010980282476568,0,2
2023-06-13 10:58:00,2023-06-13 10:58:59,0.2609,0.2617,0.2605,0.2623,0.2597622567662853,0.26134999999999997,0.2605,0.2623,True,0.0007721798438202456,5.691471848611341e-05,0,0.2564958531360745,0.25672483201400564,16.9999800527209,0.0,0.25482260765918513,0.2548445634083982,59.798990248668076,31.943977032032652,0,2
2023-06-13 10:59:00,2023-06-13 10:59:59,0.2617,0.261,0.2608,0.2619,0.2605561283831426,0.26134999999999997,0.2608,0.2619,True,0.0007955955692616599,6.642638227444611e-05,0,0.25661034257504006,0.25685021063319213,16.210080221732,0.0,0.25488755683670566,0.25490581153368774,83.56503964990628,57.29282089773045,0,2
2023-06-13 11:00:00,2023-06-13 11:00:59,0.2609,0.2594,0.2592,0.261,0.26095306419157127,0.260125,0.2592,0.261,True,0.0008673387428858287,-4.946155527107694e-05,0,0.25673027660411607,0.2569713906394937,8.538822234017651,0.0,0.254939670699027,0.2549505298268849,63.84494348506238,69.06965779454565,0,1
2023-06-13 11:01:00,2023-06-13 11:01:59,0.2593,0.2592,0.2589,0.2593,0.26053903209578566,0.259175,0.2589,0.26053903209578566,True,0.0008411002612511268,-0.0001451402883928287,0,0.2568508336218049,0.2570819156143384,2.7423130195268897,0.0,0.2549818132791362,0.2549928131121895,32.5603860310111,59.99012305532665,0,1
2023-06-13 11:02:00,2023-06-13 11:02:59,0.2591,0.2586,0.2585,0.2593,0.2598570160478928,0.25887499999999997,0.2585,0.2598570160478928,True,0.0008381645283046153,-0.00025064898004345786,0,0.25696637461807165,0.2571812351700783,-3.121010090152602,-3.121010090152602,0.2550205514554632,0.2550287055190334,1.2758285769598199,32.56038603101116,0,1
2023-06-13 11:03:00,2023-06-13 11:03:59,0.2586,0.2588,0.2585,0.2588,0.2593660080239464,0.258675,0.2585,0.2593660080239464,True,0.0007997242048542833,-0.0003025095501871821,0,0.25707380489407494,0.2572696789700857,-5.839213550992824,-5.839213550992824,0.25505691412754816,0.25506623083725194,-1.6816178079655705e-13,11.27873820265698,0,-2
2023-06-13 11:04:00,2023-06-13 11:04:59,0.2587,0.2584,0.2583,0.2589,0.2590205040119732,0.258575,0.2583,0.2590205040119732,True,0.0007854581902218377,-0.00035800549772537936,0,0.2571717419320803,0.2573482672862487,-9.158555399123259,-9.158555399123259,0.2550919199571248,0.2550994026697171,-1.6816178079655705e-13,0.4252761923198902,0,-2
2023-06-13 11:05:00,2023-06-13 11:05:59,0.2585,0.2581,0.2578,0.2586,0.2587977520059866,0.25825,0.2578,0.2587977520059866,True,0.0007864968909202795,-0.0004059185316197503,0,0.2572600046091645,0.25741632726562064,-12.455614326073395,-12.455614326073395,0.25512334363914346,0.25512925935957065,-1.6816178079655705e-13,-1.0579191843539271e-13,0,-2
2023-06-13 11:06:00,2023-06-13 11:06:59,0.2582,0.2585,0.2582,0.2586,0.2585238760029933,0.25837499999999997,0.2582,0.2586,True,0.0007660328272831167,-0.00039811505814002263,0,0.25733816593739256,0.2574764888804907,-11.614123211199704,-11.614123211199704,0.2551556984288037,0.2551627990674356,1.323295606851022,0.4410985356169576,0,-2
2023-06-13 11:07:00,2023-06-13 11:07:59,0.2585,0.2588,0.2582,0.2588,0.25844943800149667,0.258575,0.2582,0.2588,True,0.0007541733396200362,-0.00036084667615807566,0,0.2574073274089416,0.2575313914974776,-8.931024868334013,-8.931024868334013,0.2551897213300096,0.255198990121491,4.7880744314428,2.0371233460979465,0,-2
2023-06-13 11:08:00,2023-06-13 11:08:59,0.2588,0.2591,0.2586,0.2591,0.25851221900074833,0.2589,0.2586,0.2591,True,0.000736018101075748,-0.0003056124657050659,0,0.2574693594532096,0.25758400682373334,-5.123604843043907,-5.123604843043907,0.25522663952573094,0.25523780614018265,11.628906809000469,5.913425615764826,0,-1
2023-06-13 11:09:00,2023-06-13 11:09:59,0.259,0.2587,0.2586,0.2592,0.2587061095003742,0.25887499999999997,0.2586,0.2592,True,0.0007263025224274795,-0.0002887437413699546,0,0.25752668313847143,0.2576342888262315,-5.2656303564023546,-5.2656303564023546,0.2552629416200023,0.2552722558303301,16.872357893552504,11.096446377998653,0,-2
2023-06-13 11:10:00,2023-06-13 11:10:59,0.2587,0.2584,0.2583,0.2587,0.2587905547501871,0.258525,0.2583,0.2587905547501871,True,0.000702995199396946,-0.00029010828835001777,0,0.25758048598235145,0.2576799874263031,-7.155557190351843,-7.155557190351843,0.25529539991234057,0.2553033776628641,16.162262868658953,14.88784252373737,0,-2
2023-06-13 11:11:00,2023-06-13 11:11:59,0.2586,0.2587,0.2585,0.2589,0.25865777737509354,0.258675,0.2585,0.2589,True,0.0006884955422971642,-0.0002615834346941761,0,0.2576302367043273,0.25772279309993545,-5.83714620359698,-5.83714620359698,0.2553290277739093,0.25533717490004953,13.836169133945205,15.623596632052283,0,-1
2023-06-13 11:12:00,2023-06-13 11:12:59,0.2587,0.2583,0.2583,0.2588,0.25866638868754677,0.25852499999999995,0.2583,0.2588,True,0.000675031574990224,-0.0002625878012652435,0,0.25767651490213134,0.25776199830027424,-7.591711808827931,-7.591711808827931,0.2553608284925769,0.2553666557468152,10.082142547241716,13.360191516615354,-1,-2
2023-06-13 11:13:00,2023-06-13 11:13:59,0.2584,0.2583,0.2583,0.2586,0.2585956943437734,0.25839999999999996,0.2583,0.2586,True,0.0006482436053480668,-0.0002547813324533245,0,0.25771925660120276,0.25779724220036754,-8.761422212315232,-8.761422212315232,0.25539106900508857,0.255395843251822,10.019198679900441,11.312503453695848,0,-2
2023-06-13 11:14:00,2023-06-13 11:14:59,0.2584,0.2587,0.2582,0.2587,0.2584978471718867,0.2585,0.2582,0.2587,True,0.0006376547763946335,-0.00021378434241396975,0,0.2577582494007851,0.2578298116366306,-5.5583508489694395,-5.5583508489694395,0.25542200364185386,0.25542872043339593,17.147042091741238,12.416127772961195,0,-1
2023-06-13 11:15:00,2023-06-13 11:15:59,0.2588,0.2588,0.2586,0.259,0.25849892358594334,0.25880000000000003,0.2586,0.259,True,0.000620679435223589,-0.0001733917384605289,0,0.25779403051870786,0.2578621103067819,-2.515034787499836,-0.0,0.255455615545915,0.2554622655037104,47.29722243825038,24.821154403297413,0,-1
2023-06-13 11:16:00,2023-06-13 11:16:59,0.2588,0.2581,0.2577,0.2588,0.25864946179297166,0.25834999999999997,0.2577,0.2588,True,0.0006549166184219034,-0.00018977748840142545,0,0.25782807041274486,0.25789088671908433,-6.158235364757921,-6.158235364757921,0.2554844153912293,0.2554885116181013,50.19405306199084,38.21277253066088,0,-2
2023-06-13 11:17:00,2023-06-13 11:17:59,0.2581,0.2584,0.2579,0.2586,0.2584997308964858,0.25825,0.2579,0.2586,True,0.0006581368599631944,-0.0001732552261470343,0,0.25785947856591457,0.25791600648987417,-5.617458788450854,-5.617458788450854,0.2555119336460429,0.25551748165175203,38.55147100730613,45.34758216918251,0,-1
2023-06-13 11:18:00,2023-06-13 11:18:59,0.2584,0.2586,0.2581,0.2586,0.2583748654482429,0.258425,0.2581,0.2586,True,0.0006468413699658234,-0.00014277301965833094,0,0.25788774252789437,0.2579392756988502,-3.4210918599367233,-3.4210918599367233,0.25554091938090817,0.2555481534761127,17.99634210219957,35.58062205716558,0,-1
2023-06-13 11:19:00,2023-06-13 11:19:59,0.2586,0.2584,0.2584,0.2588,0.25839993272412143,0.25855,0.2584,0.2588,True,0.00062920984353969,-0.00013182934336068003,0,0.2579135091133723,0.2579617859289096,-3.7933271954061993,-3.7933271954061993,0.25557086048159566,0.25557653005843994,33.628194450531474,30.058669186679122,0,-1
2023-06-13 11:20:00,2023-06-13 11:20:59,0.2584,0.2577,0.2576,0.2585,0.2584749663620607,0.25805,0.2576,0.2585,True,0.0006485519975725702,-0.00016807975638626895,-1,0.25793764752114096,0.25798011363368084,-8.773013909695102,-8.773013909695102,0.25559552853650513,0.2555976591125848,33.628194450531474,28.41757700108757,0,-2
2023-06-13 11:21:00,2023-06-13 11:21:59,0.2578,0.2582,0.2575,0.2582,0.25826248318103034,0.257925,0.2575,0.25826248318103034,True,0.0006522268548888136,-0.00015065489309739715,0,0.2579588805774109,0.2579941650264,-7.2558150532575,-7.2558150532575,0.2556187073570374,0.25562355305176304,21.22042290442915,29.492270601830757,0,-1
2023-06-13 11:22:00,2023-06-13 11:22:59,0.2582,0.2579,0.2579,0.2583,0.2580937415905152,0.258075,0.2579,0.2583,True,0.0006342106509681809,-0.00015392083703602203,0,0.2579765228019055,0.2580057824005895,-8.25785531405782,-8.25785531405782,0.25564314807985294,0.2556462042651783,8.0303805761411,20.959665977033968,0,-2
2023-06-13 11:23:00,2023-06-13 11:23:59,0.258,0.2576,0.2574,0.2582,0.2580843707952576,0.25780000000000003,0.2574,0.2582,True,0.0006460527473275943,-0.0001701660876957749,0,0.2579911526012475,0.2580135169548788,-10.736564141034691,-10.736564141034691,0.25566460929298873,0.2556656450187586,8.0303805761411,12.427061352237175,0,-2
2023-06-13 11:24:00,2023-06-13 11:24:59,0.2577,0.2578,0.2576,0.2578,0.2579421853976288,0.257725,0.2576,0.2579421853976288,True,0.000614191836804193,-0.00015950994240575102,0,0.2580023347780631,0.25801762689072655,-10.230399246954626,-10.230399246954626,0.2556851106930585,0.255686882381756,8.0303805761411,8.030380576141157,0,-2
2023-06-13 11:25:00,2023-06-13 11:25:59,0.2578,0.258,0.2578,0.2581,0.2578335926988144,0.257925,0.2578,0.2581,True,0.0005917495627467522,-0.0001316792359026361,0,0.2580099808343948,0.25802022715314715,-7.804937871192095,-7.804937871192095,0.25570739814884896,0.25570989847745995,10.011428788320291,8.690729980200889,0,-1
2023-06-13 11:26:00,2023-06-13 11:26:59,0.258,0.2576,0.2575,0.258,0.2578792963494072,0.25777500000000003,0.2575,0.258,True,0.0005851960225505557,-0.00013492206238324364,0,0.258015103993771,0.2580205918389764,-9.363090486116036,-9.363090486116036,0.25572797130159675,0.25572870545778376,14.51551220538127,10.852440523280945,0,-2
2023-06-13 11:27:00,2023-06-13 11:27:59,0.2577,0.2582,0.2576,0.2582,0.25782714817470365,0.257925,0.2576,0.2582,True,0.0005862534495112295,-8.931757338785659e-05,0,0.2580178479163737,0.25802022309702055,-4.839080821738165,-4.839080821738165,0.25574983228367043,0.25575329545322867,26.75380854391336,17.09358317920503,0,-1
2023-06-13 11:28:00,2023-06-13 11:28:59,0.2582,0.2584,0.258,0.2584,0.2578760740873518,0.25825,0.258,0.2584,True,0.0005729496316889996,-4.1462094915745216e-05,0,0.25801903550669714,0.2580215092977996,-0.3497086954343587,-0.0,0.2557747095743802,0.25577963082185323,44.54156652188008,28.60362909039163,0,-1
2023-06-13 11:29:00,2023-06-13 11:29:59,0.2584,0.2578,0.2577,0.2585,0.2580630370436759,0.2581,0.2577,0.2585,True,0.0005891675151397871,-4.908934579913376e-05,0,0.2580202724022484,0.25802306046240747,-2.396632555448157,-0.0,0.2557978467925456,0.2557997339977552,65.60879118734134,45.634722084378325,0,-2
2023-06-13 11:30:00,2023-06-13 11:30:59,0.2579,0.2578,0.2576,0.258,0.2580815185218379,0.257825,0.2576,0.2580815185218379,True,0.0005756555497726602,-5.1022428649421446e-05,0,0.25802166643232793,0.2580229227998095,-3.7612484621240228,-3.7612484621240228,0.25581801747122673,0.25581963714205613,65.52863334538212,58.55966368486791,0,-1
2023-06-13 11:31:00,2023-06-13 11:31:59,0.2579,0.2572,0.2572,0.2579,0.25795325926091894,0.25755,0.2572,0.25795325926091894,True,0.0005845372962174727,-9.024682129862464e-05,0,0.25802229461606874,0.2580195696637345,-8.598356927100696,-8.598356927100696,0.25583525112822947,0.25583337209586654,37.72944657909495,56.288957037272866,0,-2
2023-06-13 11:32:00,2023-06-13 11:32:59,0.2572,0.2571,0.2571,0.2576,0.2577516296304595,0.25725,0.2571,0.2577516296304595,True,0.0005784989179162247,-0.00011738703608858673,0,0.2580209321399016,0.258011649649818,-12.366441018705238,-12.366441018705238,0.25584932823143114,0.2558459753585942,12.158138496572718,38.47207280701666,0,-2
2023-06-13 11:33:00,2023-06-13 11:33:59,0.2571,0.257,0.2569,0.2575,0.25750081481522974,0.257125,0.2569,0.25750081481522974,True,0.0005800347094936365,-0.00013530426740907518,0,0.2580162908948598,0.2579993308076448,-15.461095165910322,-15.461095165910322,0.2558620214828597,0.255857458190847,-1.5631940186722204e-13,16.629195025222568,0,-2
2023-06-13 11:34:00,2023-06-13 11:34:59,0.2571,0.2577,0.2569,0.2577,0.25731290740761487,0.25734999999999997,0.2569,0.2577,True,0.0005957465159583744,-9.137606267628921e-05,0,0.2580078108512523,0.25798517699668755,-9.693618088555091,-9.693618088555091,0.25587682723924915,0.2558757919401918,10.252463949314684,7.470200815295812,0,-1
2023-06-13 11:35:00,2023-06-13 11:35:59,0.2577,0.258,0.2577,0.258,0.2573314537038074,0.25785,0.2577,0.258,True,0.0005746217648184922,-3.671456307064233e-05,0,0.25799649392396995,0.2579731061438297,-3.5324015444084154,-0.0,0.2558964607990576,0.25589692833879685,40.146400875277074,16.799621608197267,0,-1
2023-06-13 11:36:00,2023-06-13 11:36:59,0.258,0.2587,0.258,0.2588,0.2575907268519037,0.25837499999999997,0.258,0.2588,True,0.0005907202101885976,4.992066403470557e-05,0,0.25798480003389984,0.25796636009573864,4.527824932262433,4.527824932262433,0.255921122880659,0.25592481959910734,73.47973420861041,41.292866344400785,0,-1
2023-06-13 11:37:00,2023-06-13 11:37:59,0.2587,0.2595,0.2586,0.2597,0.25798286342595184,0.259125,0.2586,0.2597,True,0.0006270973380322684,0.00016011377959795464,1,0.25797558006481924,0.2579689983865504,12.669808088669136,12.669808088669136,0.2559530022549808,0.2559603935334446,96.56060359262891,70.06224622550553,0,-1
2023-06-13 11:38:00,2023-06-13 11:38:59,0.2595,0.2597,0.2595,0.2601,0.2585539317129759,0.2597,0.2595,0.2601,True,0.0006251618138871056,0.0002391860778089026,0,0.2579722892256848,0.25798295204338817,18.64673168500974,18.64673168500974,0.25599028581463273,0.2559976035480372,99.99999999999984,90.01344593374647,1,2
2023-06-13 11:39:00,2023-06-13 11:39:59,0.2597,0.26,0.2597,0.2607,0.259126965856488,0.260025,0.2597,0.2607,True,0.0006519359700380267,0.000301054265080915,0,0.2579776206345365,0.2580079484761754,23.42967536223705,23.42967536223705,0.2560304322244374,0.25603742838835525,99.99999999999984,98.85353453087627,0,2
2023-06-13 11:40:00,2023-06-13 11:40:59,0.2598,0.2596,0.2595,0.26,0.259575982928244,0.259725,0.2595,0.26,True,0.0006410834007495962,0.00030053019546007274,0,0.25799278455535596,0.25803940914297585,22.054984791084394,22.054984791084394,0.25606719409285095,0.25607287686210295,95.6156531695513,98.53855105651706,0,2
2023-06-13 11:41:00,2023-06-13 11:41:59,0.2597,0.2599,0.2595,0.2599,0.259650491464122,0.25975000000000004,0.2595,0.2599,True,0.0006238631578389116,0.00030720048990377004,0,0.2580160968491659,0.2580759148196302,22.461081099597237,22.461081099597237,0.25610383892774796,0.2561109576893457,91.4265149793075,95.6807227162863,0,2
2023-06-13 11:42:00,2023-06-13 11:42:59,0.2599,0.2601,0.2598,0.2602,0.259700245732061,0.26,0.2598,0.2602,True,0.0006078729322789902,0.0003108639836657372,0,0.258046005834398,0.2581178572661239,23.56674890290408,23.56674890290408,0.25614260669961114,0.2561506496526358,89.2025253996432,92.08156451616742,0,2
2023-06-13 11:43:00,2023-06-13 11:43:59,0.2601,0.2602,0.2601,0.2604,0.2598501228660305,0.2602,0.2601,0.2604,True,0.0005858820085447782,0.000305054329457008,0,0.25808193155026093,0.2581651645626524,24.73370241262856,24.73370241262856,0.2561829787722518,0.2561909416958931,92.87705684532735,91.16869907475943,0,2
2023-06-13 11:44:00,2023-06-13 11:44:59,0.2602,0.2598,0.2597,0.2602,0.26002506143301524,0.259975,0.2597,0.2602,True,0.0005797475793630083,0.0002585970745378297,0,0.25812354805645665,0.25821482732569867,20.283114509407426,20.283114509407426,0.2562207103267568,0.2562268527237947,92.68372737271022,91.58776987256033,0,1
2023-06-13 11:45:00,2023-06-13 11:45:59,0.2598,0.2593,0.2589,0.2599,0.2600000307165076,0.259475,0.2589,0.2600000307165076,True,0.0006097656094085078,0.0001806663952177292,0,0.25816918769107766,0.2582625732929979,12.530498959174707,12.530498959174707,0.25625309131853036,0.2562574313036574,83.20706225649296,89.58928215817691,0,1
2023-06-13 11:46:00,2023-06-13 11:46:59,0.2593,0.2595,0.2593,0.2596,0.25973751535825385,0.25942499999999996,0.2593,0.25973751535825385,True,0.0005876394944507588,0.00013359114646623846,0,0.25821588049203775,0.25830813951224035,9.144437046286114,9.144437046286114,0.256284652598943,0.25628969566879517,71.52986858007546,82.4735527364263,0,1
2023-06-13 11:47:00,2023-06-13 11:47:59,0.2596,0.2592,0.2592,0.2598,0.2595812576791269,0.25944999999999996,0.2592,0.2598,True,0.0005885223877042752,7.407463844845787e-05,0,0.25826201000213905,0.258351848494373,4.202975311058331,4.202975311058331,0.25631614859298335,0.25631865392084696,62.033218763515464,72.25671653336137,0,1
2023-06-13 11:48:00,2023-06-13 11:48:59,0.2592,0.2617,0.2591,0.262,0.2595156288395634,0.26049999999999995,0.2591,0.262,True,0.000753627931439685,0.0002010657070227103,0,0.258306929248256,0.2584009994872055,12.154381332191974,12.154381332191974,0.2563577789552422,0.25637219965297786,69.60571568942271,67.72293434433796,0,2
2023-06-13 11:49:00,2023-06-13 11:49:59,0.2616,0.2624,0.2613,0.2625,0.2600078144197817,0.26195,0.2613,0.2625,True,0.0007855116506225671,0.000319181151495045,0,0.2583539643677307,0.2584640463272764,18.69252574576008,18.69252574576008,0.2564134229457373,0.25643217776588356,81.99272475060461,71.21055306784768,0,2
2023-06-13 11:50:00,2023-06-13 11:50:59,0.2623,0.2621,0.262,0.263,0.26097890720989086,0.26234999999999997,0.262,0.263,True,0.0008008322470066696,0.00035716255022238215,0,0.25840900534750355,0.2585403453226167,20.86998415745782,20.86998415745782,0.2564724933641877,0.2564885740070191,95.8718422300255,82.49009422335104,0,2
2023-06-13 11:51:00,2023-06-13 11:51:59,0.262,0.2609,0.2609,0.2623,0.2616644536049454,0.261525,0.2609,0.2623,True,0.0008436299436490473,0.0002793321397574762,0,0.25847467533506013,0.2586208939633899,15.362556230785245,15.362556230785245,0.25652276706205646,0.2565324687930189,82.89064251402226,86.91840316488423,0,1
2023-06-13 11:52:00,2023-06-13 11:52:59,0.2609,0.2614,0.2609,0.2614,0.2615947268024727,0.26115,0.2609,0.2615947268024727,True,0.0008190849476741154,0.00024623565208095025,0,0.258547784649225,0.25870166283176266,13.545271144705204,13.545271144705204,0.25656880918084196,0.256580901939357,58.99933846393444,79.2539410693275,0,1
2023-06-13 11:53:00,2023-06-13 11:53:59,0.2613,0.2609,0.2608,0.2614,0.2613723634012364,0.2611,0.2608,0.2614,True,0.0008034360228402533,0.00017457353368321527,0,0.25862472374049383,0.25878170787336824,9.786095254885986,9.786095254885986,0.2566138956566545,0.2566238780394629,34.203220889211174,58.697733955722704,0,1
2023-06-13 11:54:00,2023-06-13 11:54:59,0.2608,0.2605,0.2605,0.261,0.2612361817006182,0.26070000000000004,0.2605,0.2612361817006182,True,0.0007817620212088066,8.776716215343661e-05,0,0.25870321580693106,0.2588578894215732,5.379047720079889,0.0,0.25665455341131466,0.25666244641717967,19.34055290495259,37.514370752699485,0,1
2023-06-13 11:55:00,2023-06-13 11:55:59,0.2605,0.261,0.2605,0.2612,0.26096809085030914,0.26080000000000003,0.2605,0.2612,True,0.0007759218768367474,5.663798868834973e-05,0,0.25878055261425215,0.25893119263416287,4.946106703815076,0.0,0.2566958016360777,0.25670560615432214,12.555992568165854,22.033255454109952,0,1
2023-06-13 11:56:00,2023-06-13 11:56:59,0.261,0.2607,0.2605,0.261,0.2608840454251546,0.26080000000000003,0.2605,0.261,True,0.0007562131713484083,7.953851493012814e-06,0,0.2588558726242075,0.2590017267748867,2.99988917119731,0.0,0.2567366394307436,0.25674535136671695,6.676245756014584,12.857597076377758,0,1
2023-06-13 11:57:00,2023-06-13 11:57:59,0.2606,0.2602,0.2599,0.2606,0.2608420227125773,0.260325,0.2599,0.2608420227125773,True,0.0007593408019663768,-6.362156034030468e-05,0,0.25892879969954713,0.25906633786149513,-0.840316571388918,-0.0,0.2567723445110347,0.25677972597998344,5.3149378929173965,8.182392072366026,0,1
2023-06-13 11:58:00,2023-06-13 11:58:59,0.2602,0.26,0.26,0.2603,0.26058351135628866,0.260125,0.26,0.26058351135628866,True,0.0007265307446830618,-0.00012610799155471602,0,0.25899756878052116,0.25912447017248535,-4.359839897016002,-4.359839897016002,0.25680570426714383,0.2568117685075458,2.6574689464586236,4.882884198463615,0,1
2023-06-13 11:59:00,2023-06-13 11:59:59,0.26,0.2601,0.2597,0.2601,0.2603542556781443,0.259975,0.2597,0.2603542556781443,True,0.000703207120062844,-0.00015913528615683263,0,0.25906101947650323,0.25917607368887396,-5.888177192083539,-5.888177192083539,0.25683723954806775,0.2568444872288637,-1.7289873236829104e-13,2.6574689464586965,0,-2
2023-06-13 12:00:00,2023-06-13 12:00:59,0.26,0.2597,0.2594,0.26,0.2601646278390721,0.25977500000000003,0.2594,0.2601646278390721,True,0.0007029780400583535,-0.0002056593905773789,0,0.25911854658268857,0.2592208107716645,-9.109925583798116,-9.109925583798116,0.25686647099535065,0.2568729002912631,-1.7289873236829104e-13,0.8858229821528399,0,-2
2023-06-13 12:01:00,2023-06-13 12:01:59,0.2596,0.2591,0.2591,0.2597,0.2599698139195361,0.25937499999999997,0.2591,0.2599698139195361,True,0.0006956224657684704,-0.0002721992736525673,0,0.2591696786771765,0.2592570904936442,-13.837249816848399,-13.837249816848399,0.2568914314829591,0.25689506048736993,-1.7289873236829104e-13,-9.227186915773522e-14,0,-2
2023-06-13 12:02:00,2023-06-13 12:02:59,0.259,0.2594,0.2585,0.2594,0.259672406959768,0.259075,0.2585,0.259672406959768,True,0.0007102208610707233,-0.0002865337727098133,0,0.2592133845854103,0.25928440443946604,-14.08691914845194,-14.08691914845194,0.25691315853287994,0.2569199852586399,-1.7289873236829104e-13,-9.227186915773522e-14,0,-2
2023-06-13 12:03:00,2023-06-13 12:03:59,0.2594,0.2595,0.2591,0.26,0.259373703479884,0.2595,0.2591,0.26,True,0.0007237765138513868,-0.0002797187785950466,0,0.25924889451243815,0.2593073881159229,-13.276882691176873,-13.276882691176873,0.2569388982489707,0.25694565704711114,4.857313993381903,1.6191046644605998,0,-2
2023-06-13 12:04:00,2023-06-13 12:04:59,0.2596,0.2603,0.2592,0.2604,0.259436851739942,0.259875,0.2592,0.2604,True,0.0007577924771477188,-0.00021107928531848192,0,0.25927814131418053,0.2593293777471922,-6.502451794476237,-6.502451794476237,0.256968113191767,0.25697903359390606,17.031511114841795,7.296275036074589,0,-1
2023-06-13 12:05:00,2023-06-13 12:05:59,0.2604,0.2607,0.2602,0.2608,0.259655925869971,0.260525,0.2602,0.2608,True,0.0007465215859228811,-0.00013263408610190302,0,0.25930375953068635,0.2593548935786911,0.21851248784039967,0.0,0.2570035051003066,0.25701605813526024,41.05398804094457,20.9809377163895,0,-1
2023-06-13 12:06:00,2023-06-13 12:06:59,0.2606,0.2597,0.2596,0.2607,0.2600904629349855,0.26015,0.2596,0.2607,True,0.0007717700440712461,-0.00014715468172633037,0,0.2593293265546887,0.2593804376478905,-2.0059573784747755,-0.0,0.25703481350726876,0.25704276402446163,54.48235511337526,37.52261808972062,0,-2
2023-06-13 12:07:00,2023-06-13 12:07:59,0.2598,0.2601,0.2597,0.2604,0.26012023146749275,0.26,0.2597,0.2604,True,0.0007666436123518739,-0.00012488831195587755,0,0.2593548821012896,0.25940479952983037,-1.0106517483561177,-0.0,0.25706431785048,0.2570731842829247,61.27555602920228,52.270633061174124,0,-1
2023-06-13 12:08:00,2023-06-13 12:08:59,0.2602,0.2597,0.2597,0.2604,0.2600601157337464,0.26,0.2597,0.2604,True,0.0007618833543267424,-0.00013449100105943052,0,0.25937984081556,0.2594280635190089,-2.6661582617676203,-0.0,0.25709352861813695,0.25709932175274636,56.220477140386414,57.326129427654735,0,-2
2023-06-13 12:09:00,2023-06-13 12:09:59,0.2598,0.2597,0.2596,0.2603,0.26003005786687317,0.25984999999999997,0.2596,0.2603,True,0.0007574631147319736,-0.00013661872259190778,0,0.2594039521672844,0.25944927435426945,-3.7698292707086267,-3.7698292707086267,0.2571209561940759,0.25712519914824145,53.712343220256635,57.06945879661519,0,-2
2023-06-13 12:10:00,2023-06-13 12:10:59,0.2598,0.2606,0.2597,0.2606,0.2599400289334366,0.260175,0.2597,0.2606,True,0.0007676443208225477,-7.188078171971296e-05,0,0.25942661326077693,0.2594709530437506,1.2151416859974375,0.0,0.2571513446896572,0.25715977428109477,60.45182938831747,56.79488324965359,0,-1
2023-06-13 12:11:00,2023-06-13 12:11:59,0.2606,0.2604,0.2602,0.2608,0.2600575144667183,0.2605,0.2602,0.2608,True,0.0007556697264780793,-4.212995967201025e-05,0,0.2594487831522638,0.2594950811849116,2.9970172442594674,0.0,0.25718466464299394,0.25719201533302416,74.46508787955648,62.876420162710275,0,-1
2023-06-13 12:12:00,2023-06-13 12:12:59,0.2604,0.2599,0.2598,0.2605,0.26027875723335914,0.26015,0.2598,0.2605,True,0.0007516933174439332,-5.683777713634254e-05,0,0.25947193216858766,0.2595185708796856,0.7002328404276028,0.0,0.25721417046744177,0.2572189604540886,82.47221714330496,72.46304480372639,0,-2
2023-06-13 12:13:00,2023-06-13 12:13:59,0.2598,0.2599,0.2597,0.26,0.26021437861667956,0.25985,0.2597,0.26021437861667956,True,0.0007194295090550824,-6.525060437923884e-05,0,0.2594952515241366,0.25953933843780314,-0.8309567621269736,-0.0,0.2572403976269697,0.2572456374644957,73.27022966005067,76.73584489430412,0,-2
2023-06-13 12:14:00,2023-06-13 12:14:59,0.2599,0.2598,0.2597,0.2599,0.2600321893083398,0.25982500000000003,0.2597,0.2600321893083398,True,0.0006823274012654361,-7.596642022421202e-05,0,0.25951729498096987,0.25955764882446647,-2.6285026895572514,-0.0,0.25726611506351726,0.2572710540071375,56.189524056728544,70.6439902866948,0,-2
2023-06-13 12:15:00,2023-06-13 12:15:59,0.2597,0.2602,0.2597,0.2603,0.25992859465416995,0.259975,0.2597,0.2603,True,0.0006764468726036184,-5.328032934340707e-05,0,0.25953747190271814,0.25957492819355843,-0.1679759001609682,-0.0,0.25729306914248723,0.25730019774836005,52.3794895093078,60.61308107536242,0,-1
2023-06-13 12:16:00,2023-06-13 12:16:59,0.2601,0.2596,0.2596,0.2603,0.25995179732708495,0.2599,0.2596,0.2603,True,0.0006781292388462156,-7.850188271801091e-05,0,0.2595562000481383,0.2595907627006579,-3.2735622836209615,-3.2735622836209615,0.2573190087530097,0.257323081352854,46.043277485874505,51.53743035063703,-1,-2
2023-06-13 12:17:00,2023-06-13 12:17:59,0.2597,0.2596,0.2595,0.2597,0.2599258986635425,0.259625,0.2595,0.2599258986635425,True,0.0006439771503571986,-9.229377490837476e-05,0,0.25957348137439806,0.25960346422373853,-5.343953205927626,-5.343953205927626,0.25734195393954695,0.25734573725979076,30.143326560670726,42.855364518617755,0,-2
2023-06-13 12:18:00,2023-06-13 12:18:59,0.2596,0.2597,0.2594,0.2598,0.2597754493317712,0.259625,0.2594,0.2598,True,0.000626550211045967,-9.106898687160711e-05,0,0.25958847279906827,0.25961361198051225,-5.559448073289474,-5.559448073289474,0.25736467081577036,0.25736916275969335,10.168684698659995,28.785096248401818,0,-2
2023-06-13 12:19:00,2023-06-13 12:19:59,0.2597,0.259,0.259,0.2597,0.2597002246658856,0.25934999999999997,0.259,0.2597002246658856,True,0.000631796624542682,-0.00013489890465394233,-1,0.25960104238979026,0.2596197927222568,-10.550098405923109,-10.550098405923109,0.25738442533501643,0.2573853899959153,-1.7053025658242404e-13,13.437337086443593,0,-2
2023-06-13 12:20:00,2023-06-13 12:20:59,0.259,0.2581,0.2579,0.259,0.2595251123329428,0.2585,0.2579,0.2595251123329428,True,0.0006652397227896326,-0.00021938423771906604,0,0.25961041755602354,0.25961697589476407,-17.193852085633132,-17.193852085633132,0.25739552558043916,0.25739250054321966,-1.7053025658242404e-13,3.3895615662199616,0,-2
2023-06-13 12:21:00,2023-06-13 12:21:59,0.258,0.2582,0.2578,0.2586,0.2590125561664714,0.25815,0.2578,0.2590125561664714,True,0.000674865456876089,-0.0002574317153637289,0,0.2596136967253938,0.25960469317195406,-20.467307592092542,-20.467307592092542,0.257403032788594,0.2574005353636851,-1.7053025658242404e-13,-9.355479354174652e-14,0,-2
2023-06-13 12:22:00,2023-06-13 12:22:59,0.2582,0.2575,0.2574,0.2582,0.2585812780832357,0.257825,0.2574,0.2585812780832357,True,0.0006838036385277945,-0.0003181842899926733,0,0.2596091949486739,0.25958281231010566,-24.685514174994264,-24.685514174994264,0.2574072314673145,0.2574015250615589,-1.7053025658242404e-13,-9.355479354174652e-14,0,-2
2023-06-13 12:23:00,2023-06-13 12:23:59,0.2575,0.2576,0.2569,0.2577,0.25820313904161785,0.257425,0.2569,0.25820313904161785,True,0.0006921033786329498,-0.0003355121108478175,0,0.2595960036293898,0.25955078046648844,-26.290529823595342,-26.290529823595342,0.25740740826863473,0.25740349993656825,-1.7053025658242404e-13,-9.355479354174652e-14,0,-2
2023-06-13 12:24:00,2023-06-13 12:24:59,0.2577,0.257,0.257,0.2579,0.25781406952080893,0.25739999999999996,0.257,0.2579,True,0.0007069531373020256,-0.00037143874039058736,0,0.2595733920479391,0.25951080492946227,-28.992163447560838,-28.992163447560838,0.257407334554519,0.2573994850118263,-1.7053025658242404e-13,-9.355479354174652e-14,0,-2
2023-06-13 12:25:00,2023-06-13 12:25:59,0.257,0.257,0.2568,0.2575,0.2576070347604045,0.257075,0.2568,0.2576070347604045,True,0.0007064564846375977,-0.00037602774901497604,0,0.2595420984887007,0.259462619695821,-30.7932525302045,-30.7932525302045,0.2574040277430312,0.25739551003658423,-1.7053025658242404e-13,-9.355479354174652e-14,0,-2
2023-06-13 12:26:00,2023-06-13 12:26:59,0.257,0.2569,0.2568,0.2574,0.2573410173802022,0.257025,0.2568,0.2574,True,0.0006988524500206297,-0.0003663932092803912,0,0.2595023590922609,0.2594079584590721,-32.275907532388295,-32.275907532388295,0.2574002563227026,0.257390579588459,-1.7053025658242404e-13,-9.355479354174652e-14,0,-2
2023-06-13 12:27:00,2023-06-13 12:27:59,0.2568,0.2566,0.2565,0.2569,0.25718300869010113,0.25670000000000004,0.2565,0.25718300869010113,True,0.0006775058464477283,-0.0003611113740083383,0,0.2594551587756665,0.25934634380812177,-34.06755177008108,-34.06755177008108,0.25739328859809857,0.25738271312489225,-1.7053025658242404e-13,-9.355479354174652e-14,0,-2
2023-06-13 12:28:00,2023-06-13 12:28:59,0.2567,0.2566,0.2564,0.2567,0.25665,0.2566,0.2564,0.2567,True,0.0006505411431300311,-0.0003377198408800819,0,0.25940075129189416,0.2592789913209542,-35.26198126187627,-35.26198126187627,0.257385395179212,0.2573749249345948,-1.7053025658242404e-13,-9.355479354174652e-14,0,-2
2023-06-13 12:29:00,2023-06-13 12:29:59,0.2567,0.2566,0.2564,0.2567,0.256625,0.2566,0.2564,0.2567,True,0.0006255024900493122,-0.0003031186864769726,0,0.2593398713064242,0.25920758350466994,-36.05826758973973,-36.05826758973973,0.2573775803018069,0.25736721423872816,-1.7053025658242404e-13,-9.355479354174652e-14,0,-1
2023-06-13 12:30:00,2023-06-13 12:30:59,0.2568,0.2563,0.2562,0.2569,0.2566125,0.25654999999999994,0.2562,0.2569,True,0.000630823740760078,-0.0002829002309060652,0,0.2592737274055471,0.25913312977963876,-37.494915908974946,-37.494915908974946,0.2573693456719382,0.2573565951915766,-1.7053025658242404e-13,-9.355479354174652e-14,0,-2
2023-06-13 12:31:00,2023-06-13 12:31:59,0.2563,0.2565,0.2561,0.2566,0.25658125,0.25637499999999996,0.2561,0.2566,True,0.000621479187848644,-0.00023814080559618,0,0.259203428592593,0.25905558813485685,-33.9437305241847,-33.9437305241847,0.25735945168515273,0.25734807185633707,-1.7053025658242404e-13,-9.355479354174652e-14,0,-1
2023-06-13 12:32:00,2023-06-13 12:32:59,0.2564,0.2565,0.2564,0.2569,0.256478125,0.25655000000000006,0.2564,0.2569,True,0.0006128021030023123,-0.0001928499833455295,0,0.25912950836372495,0.25897734805339145,-31.5762736009912,-31.5762736009912,0.25735139743952934,0.2573396333304034,6.652825165323791,2.217608388441227,0,-1
2023-06-13 12:33:00,2023-06-13 12:33:59,0.2564,0.2565,0.2562,0.2566,0.25651406250000003,0.256425,0.2562,0.2566,True,0.0005976019527878622,-0.00014893420507850288,0,0.25905342820855826,0.2588982372650447,-29.997968985528868,-29.997968985528868,0.2573421795545589,0.25733127876990186,15.073821098241979,7.24221542118861,0,-1
2023-06-13 12:34:00,2023-06-13 12:34:59,0.2564,0.2563,0.2562,0.2565,0.25646953125000005,0.25634999999999997,0.2562,0.2565,True,0.0005763446704458736,-0.00012135029148870068,0,0.2589758327368015,0.25881846916742657,-30.532152746773992,-30.532152746773992,0.2573323071211802,0.2573210172896043,23.83518855124856,15.187278271604853,0,-1
2023-06-13 12:35:00,2023-06-13 12:35:59,0.2564,0.2568,0.2562,0.2568,0.256409765625,0.25655,0.2562,0.2568,True,0.0005780343368425962,-5.7365766869399556e-05,0,0.2588971509521141,0.25874010307226974,-20.51460524042414,-20.51460524042414,0.2573245229707207,0.25731583303796646,48.315548057466394,29.074852568985722,0,-1
2023-06-13 12:36:00,2023-06-13 12:36:59,0.2568,0.2569,0.2567,0.2571,0.2564798828125,0.25687499999999996,0.2567,0.2571,True,0.0005653175984966974,-5.482052351630205e-08,0,0.25881862701219194,0.25866560830388885,-12.425232212857757,-0.0,0.2573200501053404,0.2573116953957976,73.22788545788154,48.45954068886558,0,-1
2023-06-13 12:37:00,2023-06-13 12:37:59,0.2568,0.2568,0.2568,0.2574,0.25667744140625,0.25695,0.2568,0.2574,True,0.0005677949128897938,3.6654112434181436e-05,0,0.25874211765804045,0.2585951871513976,-8.670498601031888,-0.0,0.25731636801474,0.25730660389932203,97.79985133820828,73.11442828451881,0,-1
2023-06-13 12:38:00,2023-06-13 12:38:59,0.2569,0.2566,0.2566,0.257,0.256813720703125,0.256775,0.2566,0.257,True,0.0005558095619690951,5.147807058290886e-05,0,0.2586686524047191,0.2585272556632346,-9.096735343731389,-0.0,0.2573109812683247,0.25729957301475165,95.76359539266059,88.93044406291688,0,-1
2023-06-13 12:39:00,2023-06-13 12:39:59,0.2566,0.257,0.2566,0.2571,0.2567943603515625,0.25682499999999997,0.2566,0.2571,True,0.0005518231646855883,9.254596841489263e-05,0,0.2585979540339769,0.2584620934407307,-3.3538397601910717,-0.0,0.257306145633814,0.25729659218873424,93.78964609879779,95.78436427655562,0,-1
2023-06-13 12:40:00,2023-06-13 12:40:59,0.257,0.2566,0.2566,0.257,0.2568096801757812,0.25680000000000003,0.2566,0.257,True,0.0005409786529223329,9.372927352159477e-05,0,0.25853002373735384,0.2583993870361128,-4.674719174554525,-0.0,0.25730110935885064,0.2572896609231747,91.15342015050693,93.5688872139885,0,-1
2023-06-13 12:41:00,2023-06-13 12:41:59,0.2566,0.2569,0.2566,0.2569,0.2568048400878906,0.25675000000000003,0.2566,0.2569,True,0.0005237658919993107,0.00011691981310472097,0,0.2584647053867334,0.2583387012936359,-1.8677523738822117,-0.0,0.2572956256836382,0.2572857837000585,91.37100034612598,92.10468886514364,0,-1
2023-06-13 12:42:00,2023-06-13 12:42:59,0.2569,0.257,0.2565,0.257,0.2567774200439453,0.25685,0.2565,0.257,True,0.0005220683282850742,0.00013939232036304524,0,0.2584017033401847,0.25828070890775,1.1085743933924093,0.0,0.2572911915972338,0.25728294008115243,93.34494963998878,91.9564567122073,0,-1
2023-06-13 12:43:00,2023-06-13 12:43:59,0.2571,0.2584,0.2571,0.259,0.2568137100219727,0.2579,0.2571,0.259,True,0.000627634876264712,0.00024930690587342665,0,0.2583412061239674,0.2582324390265277,10.911852099859715,10.911852099859715,0.2572972493922862,0.2572940551052206,95.98117558827964,93.56570852479821,0,-1
2023-06-13 12:44:00,2023-06-13 12:44:59,0.2584,0.2583,0.258,0.2587,0.2573568550109864,0.25834999999999997,0.258,0.2587,True,0.0006328038136743739,0.00030755635665794857,0,0.25828682257524754,0.25819524240287905,16.246823624638225,16.246823624638225,0.2573077245227112,0.2573040645071587,99.99999999999983,96.44204174275616,0,2
2023-06-13 12:45:00,2023-06-13 12:45:59,0.2583,0.2589,0.2583,0.259,0.25785342750549317,0.258625,0.2583,0.259,True,0.0006376035412690639,0.00037728530196544244,1,0.2582410324890633,0.2581689058336402,21.67786889096476,21.67786889096476,0.2573208317413907,0.2573199444623114,99.99999999999983,98.66039186275985,0,2
2023-06-13 12:46:00,2023-06-13 12:46:59,0.2589,0.2585,0.2584,0.259,0.2582392137527466,0.25870000000000004,0.2584,0.259,True,0.0006349175740355586,0.0003821179999801905,0,0.2582049691613518,0.2581518147382454,20.811178532623117,20.811178532623117,0.25733455480864054,0.25733168630845754,99.99999999999983,99.9999999999999,1,2
2023-06-13 12:47:00,2023-06-13 12:47:59,0.2586,0.2589,0.2586,0.2592,0.2584696068763733,0.25882499999999997,0.2586,0.2592,True,0.0006395663187473029,0.00039900958595688347,0,0.25817839194979864,0.25814297756545085,21.920528450792105,21.920528450792105,0.2573493851090521,0.25734729141981616,99.99999999999983,99.9999999999999,0,2
2023-06-13 12:48:00,2023-06-13 12:48:59,0.2589,0.2588,0.2588,0.259,0.25864730343818665,0.25887499999999997,0.2588,0.259,True,0.0006081687245510694,0.0003880020559051325,0,0.25816068475762477,0.2581410424495426,21.50336495676423,21.50336495676423,0.2573645653567232,0.2573617462315593,99.99999999999983,99.9999999999999,0,2
2023-06-13 12:49:00,2023-06-13 12:49:59,0.2588,0.2588,0.2586,0.259,0.2587611517190933,0.25880000000000003,0.2586,0.259,True,0.0005932995299402795,0.000365674779034258,0,0.25815086360358375,0.2581440400687535,21.225255960745642,21.225255960745642,0.2573788482884971,0.2573760572143298,98.24217365152144,99.41405788384044,0,2
2023-06-13 12:50:00,2023-06-13 12:50:59,0.2588,0.2586,0.2586,0.2588,0.25878057585954667,0.2587,0.2586,0.2588,True,0.0005652067063731151,0.0003227200827259088,0,0.25814745183616866,0.2581502145918115,18.24160720911874,18.24160720911874,0.2573919940766713,0.25738823574951064,94.11600460468621,97.45272608540257,0,1
2023-06-13 12:51:00,2023-06-13 12:51:59,0.2586,0.2582,0.2582,0.2586,0.2587402879297733,0.25839999999999996,0.2582,0.2587402879297733,True,0.0005534062273464649,0.0002541165308558974,0,0.2581488332139901,0.2581567896307761,11.647383949414106,11.647383949414106,0.25740202398635614,0.2573963130057344,83.39173938085428,91.91663921235407,0,1
2023-06-13 12:52:00,2023-06-13 12:52:59,0.2583,0.2583,0.2582,0.2584,0.25857014396488665,0.2583,0.2582,0.25857014396488665,True,0.0005281629253931484,0.00020588119832166507,0,0.25815281142238317,0.25816294878062457,8.323307573316761,8.323307573316761,0.25741095907106903,0.2574053049161251,72.33921124567547,83.28231841040541,0,1
2023-06-13 12:53:00,2023-06-13 12:53:59,0.2583,0.2586,0.2583,0.2587,0.2584350719824433,0.25847499999999995,0.2583,0.2587,True,0.00051900843072221,0.00018635836424190836,0,0.25815788010150387,0.25816993892583545,9.062096459387035,9.062096459387035,0.2574215465429987,0.25741719242939753,66.4023305077811,74.04442704477036,0,1
2023-06-13 12:54:00,2023-06-13 12:54:59,0.2586,0.259,0.2586,0.2592,0.25845503599122166,0.25885,0.2586,0.2592,True,0.00052479354281348,0.00019282845907792875,0,0.2581639095136697,0.2581801082585086,12.539169616637459,12.539169616637459,0.25743576001023255,0.25743294175845827,72.23176443241574,70.32443539529085,0,2
2023-06-13 12:55:00,2023-06-13 12:55:59,0.259,0.2584,0.2584,0.259,0.25865251799561084,0.25870000000000004,0.2584,0.259,True,0.0005301654326125164,0.0001469270335605687,0,0.25817200888608915,0.25819168165587214,8.139839772089324,8.139839772089324,0.2574483395126183,0.25744256422852335,76.14169284826856,71.59192926282189,0,1
2023-06-13 12:56:00,2023-06-13 12:56:59,0.2584,0.259,0.2584,0.259,0.25867625899780544,0.25870000000000004,0.2584,0.259,True,0.000535153615997336,0.00015127253066893857,0,0.25818184527098065,0.2582042810774268,9.566168974434802,9.566168974434802,0.2574607938458261,0.25745806110187136,64.94920779537411,71.1075550253529,0,2
2023-06-13 12:57:00,2023-06-13 12:57:59,0.2589,0.2587,0.2587,0.259,0.25868812949890274,0.25882499999999997,0.2587,0.259,True,0.000518356929140385,0.00012594783619950675,0,0.2581930631742037,0.25821845948254496,7.726573227756411,7.726573227756411,0.2574743680364149,0.25747041870284776,53.39740196734635,64.8294342036631,0,1
2023-06-13 12:58:00,2023-06-13 12:58:59,0.2588,0.2589,0.2587,0.2589,0.25875656474945136,0.25882499999999997,0.2587,0.2589,True,0.0004956171484875027,0.00011665756686793374,0,0.25820576132837436,0.2582337837535897,7.984405226573777,7.984405226573777,0.2574878071604306,0.25748464339237165,45.851190907925705,54.732600223548815,0,1
2023-06-13 12:59:00,2023-06-13 12:59:59,0.2587,0.2584,0.2584,0.2587,0.25879078237472564,0.25855,0.2584,0.25879078237472564,True,0.000495930209309824,6.996069703728571e-05,0,0.258219772540982,0.25824801823968774,3.7644615496110347,3.7644615496110347,0.25749837624341143,0.2574937514183182,33.77339241221641,44.34066176249625,0,1
2023-06-13 13:00:00,2023-06-13 13:00:59,0.2584,0.2582,0.2581,0.2585,0.2586703911873628,0.2583,0.2581,0.2586703911873628,True,0.0004890780515019803,2.1633116064903037e-05,0,0.25823389539033487,0.2582595818008545,-0.5227843160794095,-0.0,0.2575063525991984,0.2575007787673897,16.88669620610813,32.170426508750175,0,1
2023-06-13 13:01:00,2023-06-13 13:01:59,0.2582,0.2582,0.2579,0.2583,0.2584851955936814,0.25815,0.2579,0.2584851955936814,True,0.00048271533353755,-1.1899993481277336e-05,0,0.2582467385955947,0.2582679340261927,-3.380948226539701,-0.0,0.25751275705094767,0.2575077361925898,-1.8474111129762605e-13,16.88669620610821,0,1
2023-06-13 13:02:00,2023-06-13 13:02:59,0.2583,0.2581,0.258,0.2584,0.2583175977968407,0.2582,0.258,0.2584,True,0.0004768070954277258,-4.120017047108817e-05,0,0.2582573363108937,0.2582740436922741,-6.181243200309744,-0.0,0.25751959528924667,0.2575136293648029,1.8270898392798285,6.237928681796016,0,1
2023-06-13 13:03:00,2023-06-13 13:03:59,0.2582,0.2581,0.2581,0.2582,0.25825879889842035,0.25815,0.2581,0.25825879889842035,True,0.00044989230289717324,-5.9523700391518294e-05,0,0.2582656900015839,0.2582780028037016,-8.048106516156437,-0.0,0.25752586797293575,0.25751946389848646,1.8931817749834352,1.2400905380877842,0,1
2023-06-13 13:04:00,2023-06-13 13:04:59,0.2582,0.258,0.2579,0.2582,0.25820439944921014,0.258075,0.2579,0.25820439944921014,True,0.0004391857098330871,-7.66877641687733e-05,0,0.2582718464026428,0.2582797270248516,-10.392729275741857,-0.0,0.25753133197320505,0.25752424535223284,1.8931817749834352,1.8711511297489907,0,1
2023-06-13 13:05:00,2023-06-13 13:05:59,0.258,0.2583,0.2579,0.2583,0.25813969972460504,0.258125,0.2579,0.2583,True,0.00043638673055929197,-6.477779021423017e-05,0,0.2582757867137472,0.2582800229243515,-6.811250437421258,-0.0,0.2575372391177503,0.2575319643039519,2.428008074284788,2.0714572080839773,0,2
2023-06-13 13:06:00,2023-06-13 13:06:59,0.2583,0.2585,0.2583,0.2588,0.2581323498623025,0.25847499999999995,0.2583,0.2588,True,0.00044093053551934254,-4.135667756862758e-05,0,0.25827790481904933,0.2582815936381989,-1.7845978431390748,-0.0,0.25754657007180254,0.2575415964999325,19.44877049093419,7.923320113400895,0,2
2023-06-13 13:07:00,2023-06-13 13:07:59,0.2586,0.2585,0.2585,0.2588,0.25830367493115125,0.2586,0.2585,0.2588,True,0.00043086406869652995,-2.5191586145130692e-05,0,0.2582797492286241,0.2582850148785131,1.5665038863823781,0.0,0.25755705196163536,0.25755113285316705,41.067800245477684,20.98152627023231,0,2
2023-06-13 13:08:00,2023-06-13 13:08:59,0.2585,0.2582,0.2581,0.2585,0.25845183746557565,0.25832499999999997,0.2581,0.2585,True,0.0004286594923610643,-3.4973813630904315e-05,0,0.25828238205356857,0.2582879827855288,-1.1754662297064726,-0.0,0.25756469323564896,0.2575575892426878,48.96012346868407,36.49223140169874,0,1
2023-06-13 13:09:00,2023-06-13 13:09:59,0.2583,0.2583,0.2583,0.2586,0.25838841873278784,0.25837499999999997,0.2583,0.2586,True,0.0004266123857638463,-3.3606903514392145e-05,0,0.2582851824195487,0.25829091647022534,-1.247907310672403,-0.0,0.2575727559895231,0.25756497641440235,44.28784877142874,44.77192416186358,0,1
2023-06-13 13:10:00,2023-06-13 13:10:59,0.2584,0.2591,0.2584,0.2591,0.25838170936639393,0.25875000000000004,0.2584,0.2591,True,0.00045328292963785894,2.296176230141131e-05,0,0.258288049444887,0.2582963759820518,6.781958393930765,6.781958393930765,0.2575844698602741,0.2575802502809257,49.54586896586841,47.59794706866049,0,2
2023-06-13 13:11:00,2023-06-13 13:11:59,0.2592,0.2592,0.2592,0.2595,0.258565854683197,0.259275,0.2592,0.2595,True,0.00044947700609229837,6.464274678606434e-05,0,0.25829221271346936,0.2583073886956026,12.733232261457779,12.733232261457779,0.2576012910556943,0.2575963671935533,72.624962937414,55.48622689157046,0,2
2023-06-13 13:12:00,2023-06-13 13:12:59,0.2592,0.2593,0.2592,0.2594,0.2589204273415985,0.259275,0.2592,0.2594,True,0.0004316572199428509,9.472145922625235e-05,0,0.25829980070453595,0.25832269792499785,17.32174860655971,17.32174860655971,0.2576179448760356,0.2576133187637667,93.54371661564964,71.90484950631077,0,2
2023-06-13 13:13:00,2023-06-13 13:13:59,0.2592,0.2595,0.2592,0.2596,0.25909771367079926,0.25937499999999997,0.2592,0.2596,True,0.0004293959899469338,0.00012265097039142954,0,0.2583112493147669,0.258341970900285,21.554741204697734,21.554741204697734,0.25763542801159744,0.2576320917113909,99.99999999999982,88.72289318435458,0,2
2023-06-13 13:14:00,2023-06-13 13:14:59,0.2595,0.2595,0.2594,0.2598,0.2592363568353996,0.25955,0.2594,0.2598,True,0.0004272962763792925,0.0001340224468915746,0,0.25832661010752594,0.258365433013588,24.37673627012309,24.37673627012309,0.25765447847914374,0.25765067786351636,99.99999999999982,97.84790553854985,0,2
2023-06-13 13:15:00,2023-06-13 13:15:59,0.2596,0.2595,0.2594,0.2598,0.2593931784176998,0.259575,0.2594,0.2598,True,0.00042534654235219706,0.00013395927885623092,0,0.25834602156055697,0.25839220381624967,26.258066313739988,26.258066313739988,0.25767358814601793,0.25766907907880476,99.99999999999982,99.9999999999999,0,2
2023-06-13 13:16:00,2023-06-13 13:16:59,0.2595,0.2596,0.2594,0.2596,0.2594840892088499,0.259525,0.2594,0.2596,True,0.00040925036075561,0.00013314453303485543,0,0.2583691126884033,0.2584210528439627,28.275744891851915,28.275744891851915,0.25769201015451526,0.2576882922222992,97.89964634472481,99.29988211490824,0,2
2023-06-13 13:17:00,2023-06-13 13:17:59,0.2596,0.2597,0.2595,0.2598,0.25950454460442496,0.25965,0.2595,0.2598,True,0.0004014467635587784,0.00013166307076252324,0,0.258395082766183,0.2584521977707971,30.333900065338597,30.333900065338597,0.25771149264054,0.2577083092151122,97.89964634472481,98.59976422981657,0,2
2023-06-13 13:18:00,2023-06-13 13:18:59,0.2598,0.2602,0.2598,0.2603,0.2595772723022125,0.260025,0.2598,0.2603,True,0.0004156291375902935,0.0001570306818405962,0,0.25842364026849,0.25848750948663546,33.88548047549244,33.88548047549244,0.25773451261426594,0.2577331021582454,97.89964634472481,97.8996463447249,0,2
2023-06-13 13:19:00,2023-06-13 13:19:59,0.2602,0.26,0.2599,0.2602,0.2598011361511062,0.260075,0.2599,0.2602,True,0.0004073699134766987,0.00015036171015992642,0,0.2584555748775627,0.25852620252200986,31.1597468418869,31.1597468418869,0.2577578010459648,0.2577556583556758,99.99999999999982,98.59976422981657,0,2
2023-06-13 13:20:00,2023-06-13 13:20:59,0.26,0.2603,0.2598,0.2604,0.2599380680755531,0.260125,0.2598,0.2604,True,0.00042112920537122346,0.00015731975601168192,0,0.25849088869978626,0.2585676352718363,31.22212165245587,31.22212165245587,0.2577813552644129,0.2577809751879577,99.99999999999982,99.29988211490824,0,2
2023-06-13 13:21:00,2023-06-13 13:21:59,0.2604,0.2606,0.2604,0.2608,0.26003153403777657,0.26055,0.2604,0.2608,True,0.0004267628335589933,0.00017251883521187284,0,0.2585292619858113,0.2586138566973646,32.618296573453634,32.618296573453634,0.2578089039682496,0.25780902518608745,99.99999999999982,99.9999999999999,0,2
2023-06-13 13:22:00,2023-06-13 13:22:59,0.2605,0.2604,0.2603,0.2605,0.2602907670188883,0.260425,0.2603,0.2605,True,0.0004177083454476382,0.0001577962094206389,0,0.25857155934158793,0.25866267351988265,29.32352222982381,29.32352222982381,0.2578349347745357,0.25783480603000697,95.11445382387403,98.37148460795798,0,1
2023-06-13 13:23:00,2023-06-13 13:23:59,0.2603,0.26,0.26,0.2603,0.26035788350944417,0.26015,0.26,0.26035788350944417,True,0.0004164434636299506,0.00011041738905506477,0,0.25861711643073526,0.2587113119889328,20.759138014323526,20.759138014323526,0.2578579702494159,0.25785635024861386,75.41335106743135,90.17593496376848,0,1
2023-06-13 13:24:00,2023-06-13 13:24:59,0.26,0.2595,0.2595,0.2606,0.26025394175472205,0.2599,0.2595,0.2606,True,0.0004652689305135248,3.7015135415361484e-05,0,0.25866421420983404,0.2587577610615543,9.99707979775873,0.0,0.2578782889534018,0.25787270497250825,42.080017734098014,70.86927420846787,0,1
2023-06-13 13:25:00,2023-06-13 13:25:59,0.2595,0.2596,0.2593,0.2598,0.26007697087736104,0.25955,0.2593,0.26007697087736104,True,0.0004677497211911302,-8.834028815185037e-06,0,0.25871098763569417,0.2587997663447224,4.125144303481562,0.0,0.257894922894164,0.2578898919877072,13.632230576890473,43.708533126140026,0,1
2023-06-13 13:26:00,2023-06-13 13:26:59,0.2597,0.2595,0.2594,0.2598,0.25981348543868055,0.2596,0.2594,0.25981348543868055,True,0.0004629104553917606,-4.851060618666866e-05,0,0.2587553769902083,0.25883832785346217,-0.7900630810799996,-0.0,0.2579118888355156,0.2579059129629539,1.1030056004591835,18.938417970482636,0,1
2023-06-13 13:27:00,2023-06-13 13:27:59,0.2593,0.259,0.2589,0.2595,0.25970674271934024,0.259175,0.2589,0.25970674271934024,True,0.00047270256572091985,-0.00010976439028454756,0,0.25879685242183526,0.25887099752944454,-7.981557251467635,-7.981557251467635,0.25792445710580897,0.25791679940113343,1.1030056004591835,5.27941392593636,0,1
2023-06-13 13:28:00,2023-06-13 13:28:59,0.259,0.259,0.2589,0.2592,0.2594408713596701,0.259025,0.2589,0.2594408713596701,True,0.0004603666681694232,-0.00014775340770599286,0,0.2588339249756399,0.2588977752158221,-12.775886698392725,-12.775886698392725,0.2579354077813731,0.25792757751654505,1.1030056004591835,1.1030056004592639,0,1
2023-06-13 13:29:00,2023-06-13 13:29:59,0.2589,0.2591,0.2589,0.2591,0.2592329356798351,0.259,0.2589,0.2592329356798351,True,0.00044176904901446285,-0.00016189703902015227,0,0.258865850095731,0.25891955884735557,-14.064189216919331,-14.064189216919331,0.25794600073877233,0.25793924341190283,-1.8000415972589204e-13,0.7353370669728094,0,-2
2023-06-13 13:30:00,2023-06-13 13:30:59,0.2592,0.2595,0.2592,0.2598,0.25911646783991754,0.25942499999999996,0.2592,0.2598,True,0.00046021411694199967,-0.00013915312780597667,0,0.2588927044715433,0.25894017711748324,-8.810223149961814,-8.810223149961814,0.25796071714933183,0.2579547733282023,7.56955167972555,2.8908524267282654,0,-1
2023-06-13 13:31:00,2023-06-13 13:31:59,0.2596,0.2595,0.2593,0.2599,0.25927073391995875,0.259575,0.2593,0.2599,True,0.0004701988228747172,-0.00012078282898259041,0,0.25891644079451326,0.2589607655866405,-5.3075791053234695,-5.3075791053234695,0.2579767796652589,0.25797014871797147,17.456062087153448,8.341871255626353,0,-1
2023-06-13 13:32:00,2023-06-13 13:32:59,0.2595,0.2595,0.2595,0.2597,0.2594228669599794,0.25955,0.2595,0.2597,True,0.000450898906955093,-0.00010586779692722787,0,0.2589386031905769,0.258981017807904,-2.9724830755645684,-0.0,0.2579924335989379,0.25798537111878767,26.876888706198717,17.300834157692652,0,-2
2023-06-13 13:33:00,2023-06-13 13:33:59,0.2595,0.2593,0.2592,0.2596,0.2594864334799897,0.25939999999999996,0.2592,0.2596,True,0.0004472632707440157,-0.00010739779544284269,0,0.25895981049924044,0.25899983718754094,-4.725930163303019,-4.725930163303019,0.2580064392347694,0.25799845200317784,25.920735140793948,23.41789531138212,0,-2
2023-06-13 13:34:00,2023-06-13 13:34:59,0.2594,0.2593,0.2591,0.2596,0.2594432167399948,0.25934999999999997,0.2591,0.2596,True,0.00045103017997658604,-0.00010560168677723229,0,0.2589798238433907,0.25901705630675737,-5.894894888461984,-5.894894888461984,0.2580198079986025,0.2580114027295144,21.717669841122376,24.838431229371764,0,-2
2023-06-13 13:35:00,2023-06-13 13:35:59,0.2594,0.2599,0.2594,0.2604,0.2593966083699974,0.25977500000000003,0.2594,0.2604,True,0.0004973851671211188,-6.042052155284225e-05,0,0.258998440075074,0.25903581334019354,2.1286339483116734,0.0,0.25803727259563136,0.25803019474215605,26.69951662456151,24.779307202159362,0,-1
2023-06-13 13:36:00,2023-06-13 13:36:59,0.2601,0.2599,0.2598,0.2601,0.2595858041849987,0.259975,0.2598,0.2601,True,0.0004832862266124691,-3.02623426547586e-05,0,0.25901712670763377,0.25905702470380665,7.477653172827445,0.0,0.2580565534653266,0.25804879976959727,43.62885573386753,30.682014066517223,0,2
2023-06-13 13:37:00,2023-06-13 13:37:59,0.2599,0.2602,0.2599,0.2604,0.25978040209249936,0.2601,0.2599,0.2604,True,0.00048448006756872137,9.44981148867912e-06,0,0.2590370757057202,0.25908088047924954,13.654822108001703,13.654822108001703,0.25807688626666664,0.2580702047470142,71.27874395944453,47.20237210595794,0,2
2023-06-13 13:38:00,2023-06-13 13:38:59,0.2601,0.2597,0.2597,0.2601,0.2599402010462497,0.2599,0.2597,0.2601,True,0.0004855886341709556,-1.3166626998218972e-06,0,0.25905897809248485,0.25910528233004076,9.414687530990271,0.0,0.25809502670182416,0.2580864216152031,82.01457886584264,65.64072618638498,0,1
2023-06-13 13:39:00,2023-06-13 13:39:59,0.2597,0.26,0.2597,0.26,0.25992010052312486,0.25985,0.2597,0.26,True,0.0004723323031587461,1.062356986016147e-05,0,0.2590821302112628,0.25912960363397386,9.727036949924894,0.0,0.2581124891227015,0.2581054621961464,81.61112774789602,78.30148352439447,0,2
2023-06-13 13:40:00,2023-06-13 13:40:59,0.2601,0.2601,0.2599,0.2602,0.25988505026156244,0.260075,0.2599,0.2602,True,0.000460022852933119,2.297666104410603e-05,0,0.25910586692261833,0.2591552383920689,10.877569246181721,0.0,0.25813201659411744,0.25812530834344843,78.01330825783623,80.54633829052504,0,2
2023-06-13 13:41:00,2023-06-13 13:41:59,0.2601,0.2595,0.2595,0.2601,0.2599800251307812,0.25980000000000003,0.2595,0.2601,True,0.0004700212205807526,-1.2995463532847e-05,0,0.25913055265734364,0.25917984456770754,4.500838314710791,0.0,0.2581486134439272,0.2581389868673942,71.71004127577785,77.11149242717012,0,1
2023-06-13 13:42:00,2023-06-13 13:42:59,0.2596,0.26,0.2596,0.26,0.2598900125653906,0.25980000000000003,0.2596,0.26,True,0.0004721625619678417,-3.146455949660609e-06,0,0.2591551986125256,0.25920347210861205,5.168049304265395,0.0,0.2581650451509528,0.25815750441100227,67.40599649692162,72.37644867684531,0,2
2023-06-13 13:43:00,2023-06-13 13:43:59,0.26,0.2598,0.2597,0.26,0.25984500628269536,0.259875,0.2597,0.26,True,0.0004598652361129975,-1.210974700679285e-05,0,0.25917933536056886,0.2592266816332102,3.5711982467829415,0.0,0.2581820596270627,0.2581738476506938,53.14165863154034,64.08589880141335,0,1
2023-06-13 13:44:00,2023-06-13 13:44:59,0.2598,0.2598,0.2596,0.2598,0.2598600031413477,0.25975,0.2596,0.2598600031413477,True,0.0004413034335334961,-1.909927481566476e-05,0,0.25920300849688954,0.25924854517567625,2.506630875127968,0.0,0.25819766102380837,0.2581900282710849,41.999766067634816,54.18247373203234,0,1
2023-06-13 13:45:00,2023-06-13 13:45:59,0.2599,0.259,0.259,0.2599,0.2598050015706739,0.25945,0.259,0.2599,True,0.0004740674739953901,-7.932484909665131e-05,0,0.2592257768362829,0.2592671406907521,-4.6578848382089575,-4.6578848382089575,0.2582101221081486,0.2581980876912731,23.16452474081068,39.43531647999536,0,-2
2023-06-13 13:46:00,2023-06-13 13:46:59,0.259,0.2591,0.2588,0.2591,0.2596275007853369,0.259,0.2588,0.2596275007853369,True,0.00046163408299572096,-0.00010942135604879327,0,0.2592464587635175,0.2592799482013126,-8.180627866941037,-8.180627866941037,0.25821798158965953,0.2582070619431012,7.6933487629184185,24.285879857121387,0,-2
2023-06-13 13:47:00,2023-06-13 13:47:59,0.2592,0.258,0.258,0.2592,0.25931375039266846,0.2586,0.258,0.25931375039266846,True,0.0005143745056388823,-0.00020079429408763078,-1,0.25926320348241505,0.25928536647668493,-15.37970337607188,-15.37970337607188,0.2582217827678719,0.25820500162525944,-1.9066230076229354e-13,10.285957834576385,-1,-2
2023-06-13 13:48:00,2023-06-13 13:48:59,0.2581,0.2581,0.2579,0.2582,0.25895687519633426,0.258075,0.2579,0.25895687519633426,True,0.0004990620409503884,-0.000245068320485884,0,0.25927428497954996,0.25928132792177777,-19.01810737744603,-19.01810737744603,0.25822032224281843,0.2582039568329683,-1.9066230076229354e-13,2.564449587639427,0,-2
2023-06-13 13:49:00,2023-06-13 13:49:59,0.2581,0.2582,0.258,0.2582,0.25851593759816716,0.258125,0.258,0.25851593759816716,True,0.0004777004665967876,-0.0002565035337313298,0,0.25927780645066384,0.2592702146998404,-20.177684194654304,-20.177684194654304,0.2582193737627904,0.258203917461496,1.1296986261115054,0.37656620870378926,0,-2
2023-06-13 13:50:00,2023-06-13 13:50:59,0.2581,0.2577,0.2575,0.2581,0.25832046879908355,0.25785,0.2575,0.25832046879908355,True,0.0004935790046970155,-0.00028691810712942045,0,0.2592740105752521,0.25925172099886507,-23.059245271294966,-23.059245271294966,0.2582156984019666,0.25819890335740153,1.1296986261115054,0.7531324174076879,0,-2
2023-06-13 13:51:00,2023-06-13 13:51:59,0.2578,0.2582,0.2577,0.2582,0.2580852343995418,0.257975,0.2577,0.2582,True,0.0004940376472186574,-0.0002591979992946857,0,0.2592628657870586,0.25922840111422846,-19.297307789891033,-19.297307789891033,0.2582133033929918,0.25819891426926816,4.10694616153502,2.122114471252758,0,-2
2023-06-13 13:52:00,2023-06-13 13:52:59,0.2582,0.2581,0.2579,0.2582,0.25803011719977087,0.2581,0.2579,0.2582,True,0.0004801778152744652,-0.00023585629341575483,0,0.25924563345064355,0.2592022991733964,-17.418166185468515,-17.418166185468515,0.2582121759960466,0.25819793004768343,8.89712412814116,4.711256305262643,0,-2
2023-06-13 13:53:00,2023-06-13 13:53:59,0.2581,0.2582,0.2581,0.2582,0.25806505859988543,0.25815,0.2581,0.2582,True,0.0004530222570405741,-0.00020229399617809204,0,0.25922396631202,0.25917452904040233,-14.97903530427483,-14.97903530427483,0.2582115573294193,0.2581979506442239,16.00866402107235,9.670911436916258,0,-1
2023-06-13 13:54:00,2023-06-13 13:54:59,0.2582,0.2581,0.2581,0.2584,0.25810752929994274,0.2582,0.2581,0.2584,True,0.00044209209582339186,-0.0001770146622054003,0,0.25919924767621116,0.25914597911380566,-14.189126534343721,-14.189126534343721,0.25821144233111665,0.25819697601094804,22.76270932314792,15.88949915745389,0,-1
2023-06-13 13:55:00,2023-06-13 13:55:59,0.2582,0.2587,0.2582,0.2588,0.25815376464997136,0.25847499999999995,0.2582,0.2588,True,0.00046051408897886234,-0.00010993650451835622,0,0.2591726133950084,0.2591188979255328,-7.159173937903638,-7.159173937903638,0.25821406479548364,0.25820198122476945,34.09798953113556,24.28978762511869,0,-1
2023-06-13 13:56:00,2023-06-13 13:56:59,0.2587,0.2588,0.2587,0.2589,0.25831438232498566,0.258775,0.2587,0.2589,True,0.0004419059397660889,-5.295202624520706e-05,0,0.2591457556602706,0.2590952172100621,-1.629706400076408,-0.0,0.2582196462403047,0.2582079316603439,51.33897499406945,36.06655794945106,0,-1
2023-06-13 13:57:00,2023-06-13 13:57:59,0.2586,0.2583,0.2583,0.2587,0.2585446911624928,0.25847499999999995,0.2583,0.2587,True,0.0004460555154970825,-4.610831233800946e-05,0,0.2591204864351664,0.25907231786659507,-3.100971447108563,-3.100971447108563,0.2582221870737345,0.25820884776322606,62.48557607895083,49.3075135347187,0,-1
2023-06-13 13:58:00,2023-06-13 13:58:59,0.2583,0.2587,0.2583,0.2587,0.25850984558124634,0.25849999999999995,0.2583,0.2587,True,0.0004427658358187203,-1.0199841710870289e-05,0,0.25909640215088076,0.25905036234323703,-0.34628275298552325,-0.0,0.25822495138145857,0.25821373485015914,71.67611987135331,61.833556981457946,0,-1
2023-06-13 13:59:00,2023-06-13 13:59:59,0.2587,0.2583,0.2583,0.2588,0.25850492279062315,0.25852499999999995,0.2583,0.2588,True,0.0004468539904030974,-1.1952823229777394e-05,0,0.2590733822470589,0.25902947206091403,-2.068194153495071,-0.0,0.258227936939852,0.25821459320985907,74.63179199284593,69.59782931438345,0,-1
2023-06-13 14:00:00,2023-06-13 14:00:59,0.2584,0.2581,0.2581,0.2586,0.25851496139531155,0.2583,0.2581,0.2586,True,0.00045065013394573333,-2.4242580642246526e-05,0,0.2590514271539865,0.2590080200406226,-4.758861623600502,-4.758861623600502,0.25822865398522665,0.2582134529789152,75.11325751791003,73.80705646070318,0,-2
2023-06-13 14:01:00,2023-06-13 14:01:59,0.258,0.258,0.2577,0.2581,0.25840748069765573,0.25795,0.2577,0.25840748069765573,True,0.0004470322672353246,-3.5896178616997925e-05,0,0.2590297235973046,0.2589838715715381,-7.333254580678606,-7.333254580678606,0.25822588130875673,0.2582113290686772,62.07282065970492,70.60595672348704,0,-2
2023-06-13 14:02:00,2023-06-13 14:02:59,0.2581,0.2579,0.2577,0.2582,0.2581787403488279,0.257975,0.2577,0.2582,True,0.0004508156767185157,-4.6556651268854065e-05,0,0.25900679758442136,0.25895793738012146,-9.873150697930342,-9.873150697930342,0.25822338497732633,0.2582082312669988,49.14697891308558,62.11101903023359,0,-2
2023-06-13 14:03:00,2023-06-13 14:03:59,0.2579,0.2579,0.2578,0.258,0.25807687017441394,0.2579,0.2578,0.25807687017441394,True,0.0004329002712386241,-4.9163250815281376e-05,0,0.2589823674822714,0.25893026063332775,-11.56641477609817,-11.56641477609817,0.25822016721635793,0.25820516428921775,40.481815969699674,50.56720518083014,0,-2
2023-06-13 14:04:00,2023-06-13 14:04:59,0.2579,0.258,0.2579,0.2581,0.257988435087207,0.257975,0.2579,0.2581,True,0.0004162645375787208,-3.95083344628275e-05,0,0.25895631405779956,0.2589019164321071,-10.819801410315122,-10.819801410315122,0.2582177277415683,0.25820312285350416,40.09048370430264,43.239759529029385,0,-1
2023-06-13 14:05:00,2023-06-13 14:05:59,0.258,0.2581,0.258,0.2581,0.2579817175436035,0.25805,0.258,0.2581,True,0.0003936742134659542,-2.2294955366287668e-05,0,0.2589291152449533,0.25887375579044547,-8.46001278751855,-8.46001278751855,0.2582160588088164,0.25820209675545935,39.25490719007896,39.94240228802718,0,-1
2023-06-13 14:06:00,2023-06-13 14:06:59,0.2582,0.258,0.258,0.2582,0.2580158587718018,0.2581,0.258,0.2582,True,0.00037984034107552735,-1.4645530103437362e-05,0,0.2589014355176994,0.2588462759316385,-8.452245735675248,-8.452245735675248,0.2582149039947983,0.25820008584246973,41.73313809054519,40.359509661642356,0,-1
2023-06-13 14:07:00,2023-06-13 14:07:59,0.2579,0.2586,0.2578,0.2586,0.2580579293859009,0.258225,0.2578,0.2586,True,0.0004098517452844199,3.4500973718113e-05,0,0.258873855724669,0.2588203782319491,-0.2215001152156333,-0.0,0.2582150044525615,0.2582040650878183,51.51177711389216,44.166607464838854,0,-1
2023-06-13 14:08:00,2023-06-13 14:08:59,0.2585,0.2586,0.2585,0.2586,0.2581414646929504,0.25855,0.2585,0.2586,True,0.00038771947776410336,6.7070846160855e-05,0,0.25884711697830903,0.2587981337086468,5.265663631757441,5.265663631757441,0.25821833774159075,0.25820800473868577,71.29833123071079,54.84774881171612,0,-1
2023-06-13 14:09:00,2023-06-13 14:09:59,0.2587,0.2588,0.2587,0.2592,0.2583457323464752,0.25885,0.2587,0.2592,True,0.0004028823722095238,0.00010106588045765373,0,0.2588226253434779,0.2587809762969309,10.820340993409026,10.820340993409026,0.2582246229381918,0.25821389523879834,89.45923715951925,70.75644850137415,0,-1
2023-06-13 14:10:00,2023-06-13 14:10:59,0.2588,0.259,0.2588,0.2593,0.2585978661732376,0.25897499999999996,0.2588,0.2593,True,0.00040981934562312925,0.00013429101233914238,0,0.2588018008202044,0.25876879935496644,16.097452524613274,16.097452524613274,0.2582320893766178,0.25822171717672077,99.99999999999982,86.91918946341004,0,2
2023-06-13 14:11:00,2023-06-13 14:11:59,0.2591,0.2595,0.2591,0.2595,0.25878643308661875,0.2593,0.2591,0.2595,True,0.0004162608209357629,0.0001858788160646029,1,0.2587853000875854,0.2587628569642605,22.225851749485045,22.225851749485045,0.25824271535296983,0.2582344364087932,99.99999999999982,96.48641238650639,1,2
2023-06-13 14:12:00,2023-06-13 14:12:59,0.2596,0.2597,0.2595,0.2597,0.25904321654330936,0.259625,0.2595,0.2597,True,0.0004008136194403497,0.0002261475579643272,0,0.2587740785259229,0.2587640936963513,27.028698353403726,27.028698353403726,0.25825646942905967,0.2582490191310937,99.99999999999982,99.9999999999999,0,2
2023-06-13 14:13:00,2023-06-13 14:13:59,0.2596,0.2597,0.2596,0.2597,0.2593341082716547,0.25965,0.2596,0.2597,True,0.0003793269323374668,0.00024320668934445805,0,0.258769086111137,0.258771145643597,30.23059608934952,30.23059608934952,0.2582703354048899,0.25826345675167983,99.99999999999982,99.9999999999999,0,2
2023-06-13 14:14:00,2023-06-13 14:14:59,0.2597,0.2597,0.2595,0.2597,0.2594920541358273,0.25965,0.2595,0.2597,True,0.0003665178657419319,0.0002440971046951669,0,0.258770115877367,0.2587827275667726,32.36519457998004,32.36519457998004,0.2582840634108114,0.25827775071434966,99.99999999999982,99.9999999999999,0,2
2023-06-13 14:15:00,2023-06-13 14:15:59,0.2597,0.2596,0.2592,0.2598,0.2595710270679137,0.259575,0.2592,0.2598,True,0.0003831951610460789,0.00022723830359769803,0,0.25877642172206977,0.25879728192778556,30.698592899683263,30.698592899683263,0.25829690855100235,0.2582909074236596,97.78444141565502,99.26148047188497,0,2
2023-06-13 14:16:00,2023-06-13 14:16:59,0.2596,0.2598,0.2592,0.2599,0.25957301353395684,0.259625,0.2592,0.2599,True,0.00040582407811421854,0.00021986144374615371,0,0.25878685182492767,0.25881441970479035,31.12904059439002,31.12904059439002,0.2583101233912909,0.25830592327019036,96.30543340282274,98.02995827282594,0,2
2023-06-13 14:17:00,2023-06-13 14:17:59,0.2598,0.26,0.2598,0.26,0.25959900676697845,0.2599,0.2598,0.26,True,0.0003911223582489196,0.0002185871976669093,0,0.258800635764859,0.2588353606324508,32.598069049482106,32.598069049482106,0.2583259430590392,0.25832277975506407,96.30543340282274,96.79843607376692,0,2
2023-06-13 14:18:00,2023-06-13 14:18:59,0.26,0.26,0.26,0.2601,0.25974950338348923,0.260025,0.26,0.2601,True,0.0003703279040882817,0.00020724452648293544,0,0.25881799819865486,0.25886000976326784,33.57742135287684,33.57742135287684,0.2583428490982528,0.25833946851372014,98.52099198716752,97.04395293093775,0,2
2023-06-13 14:19:00,2023-06-13 14:19:59,0.2601,0.2603,0.26,0.2603,0.25988725169174465,0.260175,0.26,0.2603,True,0.0003653044823676878,0.0002101346432003433,0,0.2588390039809613,0.2588884384287772,35.668975899345824,35.668975899345824,0.2583610794554841,0.258358976289703,99.99999999999982,98.27547512999678,0,2
2023-06-13 14:20:00,2023-06-13 14:20:59,0.2602,0.2607,0.2602,0.2609,0.2600311258458723,0.26049999999999995,0.2602,0.2609,True,0.0003892113050557125,0.00022861099853982626,0,0.2588637212048692,0.2589218775432775,38.15644677366049,38.15644677366049,0.2583823622469718,0.25838227005796466,99.99999999999982,99.5069973290558,0,2
2023-06-13 14:21:00,2023-06-13 14:21:59,0.2607,0.2607,0.2606,0.2608,0.2602655629229361,0.2607,0.2606,0.2608,True,0.0003756962118374457,0.00022853296975515897,0,0.25889279937407333,0.258960404204311,39.81476068987027,39.81476068987027,0.25840542331914124,0.25840533204743765,99.99999999999982,99.9999999999999,0,2
2023-06-13 14:22:00,2023-06-13 14:22:59,0.2607,0.261,0.2606,0.2611,0.2604827814614681,0.26085,0.2606,0.2611,True,0.00038457505384905673,0.0002366607804948385,0,0.25892660178919213,0.259003701152162,41.512632973872414,41.512632973872414,0.2584297474652194,0.25843114963900543,99.99999999999982,99.9999999999999,0,2
2023-06-13 14:23:00,2023-06-13 14:23:59,0.261,0.2606,0.2606,0.2611,0.26066639073073405,0.260825,0.2606,0.2611,True,0.00039281969285983844,0.00020134261062363653,0,0.25896515147067706,0.2590502851906782,33.3828935930764,33.3828935930764,0.25845358082377445,0.25845273023961235,98.6132682817965,99.53775609393212,0,1
2023-06-13 14:24:00,2023-06-13 14:24:59,0.2607,0.2608,0.2606,0.2609,0.260745695365367,0.26075000000000004,0.2606,0.2609,True,0.00038618971479842303,0.00018033513257108112,0,0.25900771833067765,0.25909862298298736,29.60042165368364,29.60042165368364,0.25847643076582644,0.2584760861576262,91.21035446781134,96.60787424986928,0,1
2023-06-13 14:25:00,2023-06-13 14:25:59,0.2607,0.2603,0.2603,0.2608,0.26074784768268355,0.26052499999999995,0.2603,0.2608,True,0.00039431902088424997,0.00012122872304750482,0,0.25905317065683253,0.2591464661300507,19.647095779282523,19.647095779282523,0.2584968145393008,0.2584942345540677,64.56340675278146,84.7956765007965,0,1
2023-06-13 14:26:00,2023-06-13 14:26:59,0.2603,0.2602,0.2601,0.2604,0.2606364238413418,0.26025,0.2601,0.2606364238413418,True,0.00038758194796394797,6.737459217924231e-05,0,0.25909981839344165,0.2591917047921123,11.865125139509225,0.0,0.25851425917075055,0.2585112073445745,32.61680513765145,62.79685545274816,0,1
2023-06-13 14:27:00,2023-06-13 14:27:59,0.2602,0.2604,0.2602,0.2604,0.2604432119206709,0.2603,0.2602,0.2604432119206709,True,0.0003741832373950969,3.9795590052524874e-05,0,0.25914576159277697,0.25923492559265743,9.22474716712452,0.0,0.2585320277362157,0.2585300013013449,8.132135207038557,35.104115699157234,0,1
2023-06-13 14:28:00,2023-06-13 14:28:59,0.2603,0.2603,0.2601,0.2605,0.26037160596033543,0.2603,0.2601,0.2605,True,0.00037602729186687656,9.806102946326384e-06,0,0.2591903435927172,0.25927626117598435,6.049767327089349,0.0,0.25854961950003447,0.2585476132286947,2.891499177470378,14.54681317405354,0,1
2023-06-13 14:29:00,2023-06-13 14:29:59,0.2603,0.2601,0.26,0.2603,0.2603358029801677,0.260175,0.26,0.2603358029801677,True,0.00037059677101924015,-2.7268522542506007e-05,0,0.25923330238435077,0.2593149712755437,1.3017714812634296,0.0,0.2585657924403326,0.258563059863235,2.891499177470378,4.638377853993183,0,1
2023-06-13 14:30:00,2023-06-13 14:30:59,0.2602,0.2602,0.2601,0.2603,0.26025540149008386,0.2602,0.2601,0.2603,True,0.0003584112873750072,-4.664338325761615e-05,0,0.2592741368299472,0.25935152024740576,-0.17576092663335174,-0.0,0.2585820532120706,0.25857934782479486,2.2296869662455374,2.670895107062177,0,1
2023-06-13 14:31:00,2023-06-13 14:31:59,0.2601,0.26,0.2599,0.2601,0.2602277007450419,0.260025,0.2599,0.2602277007450419,True,0.0003542390525625043,-7.420018862030792e-05,0,0.2593128285386765,0.25938491629731153,-3.8596240271873015,-3.8596240271873015,0.2585964108915525,0.2585934836673342,0.783937377510267,1.9683745070754737,0,1
2023-06-13 14:32:00,2023-06-13 14:32:59,0.26,0.26,0.2598,0.26,0.26012635037252096,0.25995,0.2598,0.26012635037252096,True,0.0003432219773794707,-9.197419846360496e-05,0,0.259348872417994,0.2594150863174101,-6.315532760889937,-6.315532760889937,0.2586098794398953,0.2586074788547239,0.783937377510267,1.26585390708877,0,1
2023-06-13 14:33:00,2023-06-13 14:33:59,0.2601,0.2603,0.2601,0.2605,0.2600381751862605,0.26025,0.2601,0.2605,True,0.00035442040756665137,-8.190372423364802e-05,0,0.2593819793677021,0.25944456778217106,-2.4068507607052467,-0.0,0.2586261990474585,0.25862431986114454,7.8685057561804745,3.1454601704004155,0,1
2023-06-13 14:34:00,2023-06-13 14:34:59,0.2604,0.2605,0.2604,0.2606,0.26014408759313024,0.260475,0.2604,0.2606,True,0.00035053323559760646,-6.100650490020298e-05,0,0.2594132735749366,0.25947484860755116,2.853072905086961,0.0,0.258644595076837,0.25864298334511326,20.59750397528892,9.749982369659966,0,2
2023-06-13 14:35:00,2023-06-13 14:35:59,0.2605,0.2602,0.2602,0.2607,0.2603095437965651,0.26039999999999996,0.2602,0.2607,True,0.00036120943305492035,-6.823381775577717e-05,0,0.2594440610912439,0.2595050364367437,1.2213444589969882,0.0,0.25866206179249035,0.25865847604814696,30.737587228506055,19.734532319991896,0,1
2023-06-13 14:36:00,2023-06-13 14:36:59,0.2602,0.2602,0.2602,0.2602,0.26035477189828254,0.2602,0.2602,0.26035477189828254,True,0.00033540875926528317,-7.263717930614254e-05,0,0.2594745487639938,0.2595335717160789,0.13352549493700394,0.0,0.2586773646602268,0.25867381459493155,26.63736086518028,25.990817356325163,0,1
2023-06-13 14:37:00,2023-06-13 14:37:59,0.2602,0.2605,0.2601,0.2605,0.2602773859491413,0.260325,0.2601,0.2605,True,0.00034002241931776377,-5.432704805848011e-05,0,0.2595040602400363,0.25956146778186023,3.908350968722793,0.0,0.25869375904171704,0.258691985593987,21.534271815355293,26.303073303013957,0,2
2023-06-13 14:38:00,2023-06-13 14:38:59,0.2604,0.2597,0.2597,0.2604,0.26030119297457066,0.26005,0.2597,0.2604,True,0.000372877960795068,-9.749391013854595e-05,0,0.25953276401094827,0.25958678240118477,-2.867199667806368,-0.0,0.2587072539766253,0.25870201558807665,11.39418856213816,19.85527374755799,0,-2
2023-06-13 14:39:00,2023-06-13 14:39:59,0.2597,0.2597,0.2597,0.2599,0.26017559648728533,0.25975,0.2597,0.26017559648728533,True,0.0003605295350239941,-0.0001234531097540078,0,0.2595597732060665,0.25960783262531034,-7.384233425492475,-7.384233425492475,0.25871762955894745,0.25871194578123013,7.625909169283276,13.51812318225899,0,-2
2023-06-13 14:40:00,2023-06-13 14:40:59,0.2598,0.259,0.2589,0.2598,0.25996279824364266,0.25937499999999997,0.2589,0.25996279824364266,True,0.00039906313966513423,-0.00018491995763863015,-1,0.2595838029156884,0.2596228081353831,-14.466487913805892,-14.466487913805892,0.2587241705583609,0.2587148119923622,-1.8118839761882555e-13,6.340032577140498,0,-2
2023-06-13 14:41:00,2023-06-13 14:41:59,0.2591,0.2591,0.2591,0.2593,0.25966889912182134,0.25915,0.2591,0.25966889912182134,True,0.0003919872011176223,-0.00021142479807853266,0,0.25960330552553573,0.2596313544931564,-17.649837702080873,-17.649837702080873,0.25872840766723293,0.2587186447088561,-1.8118839761882555e-13,2.5419697230943843,-1,-2
2023-06-13 14:42:00,2023-06-13 14:42:59,0.2592,0.2592,0.2591,0.2593,0.25940944956091067,0.2592,0.2591,0.25940944956091067,True,0.00037827382960921915,-0.00021379043385183252,0,0.25961733000934606,0.259635123550181,-18.14891288643584,-18.14891288643584,0.2587331001282555,0.25872343431374306,1.537975545704113,0.5126585152346632,0,-2
2023-06-13 14:43:00,2023-06-13 14:43:59,0.2593,0.2589,0.2586,0.2593,0.2593047247804553,0.25902499999999995,0.2586,0.2593047247804553,True,0.00040125427035141625,-0.00022752264845684415,0,0.2596262267797635,0.2596339048588835,-20.4509546170614,-20.4509546170614,0.2587360046045913,0.25872519118624315,1.537975545704113,1.025317030469428,0,-2
2023-06-13 14:44:00,2023-06-13 14:44:59,0.2587,0.2586,0.2585,0.2589,0.2591648623902276,0.258675,0.2585,0.2591648623902276,True,0.0004011646796120302,-0.00024761569027368887,0,0.25963006581932346,0.25962636626756086,-23.5393072091664,-23.5393072091664,0.2587353975936003,0.2587239455027979,1.537975545704113,1.5379755457041926,0,-2
2023-06-13 14:45:00,2023-06-13 14:45:59,0.2587,0.2592,0.2587,0.2592,0.2589199311951138,0.25895,0.2587,0.2592,True,0.0004153672024968844,-0.00020880050880179603,0,0.25962821604344216,0.25961579048970956,-17.371451894834777,-17.371451894834777,0.25873753294092766,0.2587286823634666,6.953820049610947,3.3432570470064706,0,-1
2023-06-13 14:46:00,2023-06-13 14:46:59,0.2592,0.2592,0.259,0.2593,0.2589349655975569,0.259175,0.259,0.2593,True,0.0004071266880328189,-0.00017444403844720364,0,0.25962200326657586,0.2596044398139075,-13.259548351947025,-13.259548351947025,0.2587418858469881,0.2587333720911933,18.967710081010015,9.153168558775105,0,-1
2023-06-13 14:47:00,2023-06-13 14:47:59,0.2592,0.2584,0.2583,0.2592,0.2590549827987785,0.258775,0.2583,0.2592,True,0.00044233192460190406,-0.0001990851329885556,0,0.2596132215402417,0.2595898125078204,-16.106126240535197,-16.106126240535197,0.2587422153410479,0.2587300549559575,25.575569871963754,17.16570000086165,0,-2
2023-06-13 14:48:00,2023-06-13 14:48:59,0.2584,0.2583,0.2581,0.2584,0.2589149913993892,0.2583,0.2581,0.2589149913993892,True,0.0004321653585589125,-0.00021243858747422,0,0.25960151702403106,0.2595694468413963,-18.501692278751854,-18.501692278751854,0.25873781518840067,0.2587257758021669,20.239000305238957,21.59409341940432,0,-2
2023-06-13 14:49:00,2023-06-13 14:49:59,0.2583,0.2578,0.2578,0.2583,0.2586074956996946,0.25805,0.2578,0.2586074956996946,True,0.0004370106900904188,-0.0002449764271878617,0,0.2595854819327137,0.25954298778778695,-22.24546293823111,-22.24546293823111,0.2587309712561778,0.2587165641026428,8.22511027383989,18.01322681701428,0,-2
2023-06-13 14:50:00,2023-06-13 14:50:59,0.2579,0.2584,0.2577,0.2584,0.2583287478498473,0.2581,0.2577,0.2584,True,0.00045579564079824844,-0.00021262814368673222,0,0.2595642348602503,0.25951225595801364,-17.89110270697281,-17.89110270697281,0.25872469293522077,0.25871341421107424,2.9315112829521452,10.465207287343743,0,-1
2023-06-13 14:51:00,2023-06-13 14:51:59,0.2583,0.2583,0.258,0.2583,0.25821437392492363,0.258225,0.258,0.2583,True,0.00045181023788408865,-0.00018743421913996761,0,0.259538245409132,0.25947922862748535,-15.65517754371573,-15.65517754371573,0.2587197208662136,0.25870930063683467,7.44039315400486,6.199004903599044,0,-1
2023-06-13 14:52:00,2023-06-13 14:52:59,0.2584,0.2585,0.2584,0.2587,0.2582196869624618,0.2585,0.2584,0.2587,True,0.00044810950660665455,-0.00014711951884107462,0,0.2595087370183087,0.25944650742813297,-12.017699255359062,-12.017699255359062,0.2587175345889378,0.25870721804343333,28.705208705629673,13.025704380862306,0,-1
2023-06-13 14:53:00,2023-06-13 14:53:59,0.2586,0.2587,0.2584,0.2587,0.25835984348123087,0.2586,0.2584,0.2587,True,0.0004375302561347483,-9.859862677325464e-05,0,0.25947762222322085,0.2594149378565802,-7.546189957771674,-7.546189957771674,0.2587163650905404,0.2587071462221056,58.792738975016924,31.646113611550565,0,-1
2023-06-13 14:54:00,2023-06-13 14:54:59,0.2587,0.2588,0.2587,0.2591,0.2584799217406154,0.25882499999999997,0.2587,0.2591,True,0.0004348495235536957,-5.364683505582453e-05,0,0.2594462800399005,0.25938603530980653,-3.5437201735587607,-3.5437201735587607,0.25871744603491315,0.2587080701402936,85.9999399544112,57.832629211686005,0,-1
2023-06-13 14:55:00,2023-06-13 14:55:59,0.2587,0.2593,0.2586,0.2594,0.2586524608703077,0.259,0.2586,0.2594,True,0.00046093170044271905,1.4495338415173762e-05,0,0.2594161576748535,0.2593606315187116,3.2908753513643063,0.0,0.25872025751715283,0.2587139599896439,98.06845773611973,80.95371222184936,0,-1
2023-06-13 14:56:00,2023-06-13 14:56:59,0.2594,0.26,0.2593,0.2604,0.25882623043515385,0.25977500000000003,0.2593,0.2604,True,0.0005065794361253852,0.0001082619789320002,1,0.25938839459678253,0.25934347394377605,11.322913676710499,0.0,0.25873075246723093,0.2587267564076574,99.99999999999982,94.68946589684366,0,-1
2023-06-13 14:57:00,2023-06-13 14:57:59,0.2599,0.26,0.2597,0.26,0.25930061521757697,0.2599,0.2597,0.26,True,0.0004918237621164307,0.00016620893676636304,0,0.25936593427027926,0.2593337840249587,16.67760589360796,16.67760589360796,0.25874238677103956,0.2587394254981285,99.99999999999982,99.35615257870653,0,-1
2023-06-13 14:58:00,2023-06-13 14:58:59,0.26,0.2601,0.2598,0.2602,0.2596003076087885,0.260025,0.2598,0.2602,True,0.0004852649219652579,0.0002049814544056863,0,0.259349859147619,0.25933089756040123,20.70691755350947,20.70691755350947,0.25875514909172576,0.25875296355287347,99.99999999999982,99.99999999999989,1,2
2023-06-13 14:59:00,2023-06-13 14:59:59,0.26,0.2602,0.2594,0.2603,0.2598126538043942,0.259975,0.2594,0.2603,True,0.0005148888561105935,0.00022928163897285557,0,0.25934037835401014,0.2593330442542718,23.875631596759902,23.875631596759902,0.2587672869117086,0.2587673619254817,99.01245689674887,99.6708189655829,0,2
2023-06-13 15:00:00,2023-06-13 15:00:59,0.2602,0.26,0.2598,0.2602,0.2598938269021971,0.26005,0.2598,0.2602,True,0.0005066825092455519,0.00022218822254217212,0,0.259336711304141,0.2593396534403258,22.228757033632334,22.228757033632334,0.25878005022601996,0.2587796269809496,98.9663579910025,99.32627162925046,0,2
2023-06-13 15:01:00,2023-06-13 15:01:59,0.2601,0.2599,0.2599,0.2603,0.25997191345109855,0.26005,0.2599,0.2603,True,0.0004990623300137237,0.00020161074853458223,0,0.2593381823722334,0.25934973063181377,19.343180127354657,19.343180127354657,0.25879268654217896,0.2587907749711889,98.92025908525609,98.96635799100254,0,2
2023-06-13 15:02:00,2023-06-13 15:02:59,0.2599,0.2597,0.2595,0.2602,0.2600109567255493,0.25982500000000003,0.2595,0.2602,True,0.0005134150207270277,0.00016605300185150386,0,0.2593439565020236,0.25936092532883903,14.085379852898384,14.085379852898384,0.2588029583178787,0.25879982198640095,94.90392936122738,97.59684881249537,0,1
2023-06-13 15:03:00,2023-06-13 15:03:59,0.2596,0.2596,0.2595,0.2597,0.25991797836277464,0.2596,0.2595,0.25991797836277464,True,0.0004910282335322384,0.00012899255647850173,0,0.2593524409154313,0.25937137929902637,9.039883059047618,0.0,0.2588108890808849,0.2588077839566855,85.1147582494627,92.97964889864876,0,1
2023-06-13 15:04:00,2023-06-13 15:04:59,0.2596,0.2595,0.2594,0.2596,0.2597589891813873,0.259525,0.2594,0.2597589891813873,True,0.0004702405025656483,9.241390867294328e-05,0,0.25936191010722887,0.2593806637846523,4.1457236591599695,0.0,0.25881799466216965,0.2588146716785095,72.73411582057565,84.25093447708862,0,1
2023-06-13 15:05:00,2023-06-13 15:05:59,0.2595,0.2596,0.2595,0.2598,0.25964199459069365,0.2596,0.2595,0.2598,True,0.00045808046666809965,7.13524702432033e-05,0,0.2593712869459406,0.2593894784051732,2.7594718722291347,0.0,0.25882577580980975,0.25882248589066364,64.156149511915,74.00167452731783,0,1
2023-06-13 15:06:00,2023-06-13 15:06:59,0.2596,0.2595,0.2595,0.2598,0.2596209972953468,0.2596,0.2595,0.2598,True,0.00044678900476323306,4.743821875128424e-05,0,0.2593803826755569,0.2593978626199217,0.03137127441745946,0.0,0.2588334795330952,0.2588292273245874,59.1291298403549,65.33979839094856,0,1
2023-06-13 15:07:00,2023-06-13 15:07:59,0.2596,0.2597,0.2595,0.2597,0.2596104986476734,0.259625,0.2595,0.2597,True,0.00042916121870871483,4.3247215789348875e-05,0,0.25938912264773933,0.2594060219751359,2.022995850948938,0.0,0.25884135535863656,0.25883789172931787,53.890240922152465,59.05850675814083,0,2
2023-06-13 15:08:00,2023-06-13 15:08:59,0.2597,0.2598,0.2597,0.2598,0.2596177493238367,0.25975,0.2597,0.2598,True,0.00040564970308666295,4.506831369854378e-05,0,0.2593975723114377,0.25941480594793653,4.965607008526739,0.0,0.2588503965988491,0.2588474649459416,51.92331357101477,54.98089477784075,0,2
2023-06-13 15:09:00,2023-06-13 15:09:59,0.2598,0.2597,0.2597,0.2598,0.25968387466191833,0.25975,0.2597,0.2598,True,0.0003838175814376148,3.690678865066637e-05,0,0.25940618912968716,0.2594240214191608,4.559845563158753,0.0,0.2588593478764725,0.25885594788180283,47.0255227509318,50.94635908136639,0,1
2023-06-13 15:10:00,2023-06-13 15:10:59,0.2597,0.2597,0.2596,0.2597,0.25971693733095913,0.259675,0.2596,0.25971693733095913,True,0.00036354489704921295,2.9454514964625514e-05,0,0.259415105274424,0.2594329988044358,4.289337932913433,0.0,0.25886746381800013,0.2588643464103421,38.62485286177827,45.85789639457499,0,1
2023-06-13 15:11:00,2023-06-13 15:11:59,0.2597,0.2594,0.2592,0.2597,0.25969596866547956,0.2595,0.2592,0.2597,True,0.0003732916901171263,2.175868300125606e-06,0,0.2594240520394299,0.2594405264624521,-1.8966258651065573,-0.0,0.25887375771035837,0.25886967629680635,20.840286015522917,35.49688720941104,0,1
2023-06-13 15:12:00,2023-06-13 15:12:59,0.2592,0.2593,0.2591,0.2593,0.2595979843327398,0.259225,0.2591,0.2595979843327398,True,0.00036805656939447603,-2.298564658393457e-05,0,0.259432289250941,0.25944497429980995,-7.428784322102729,-7.428784322102729,0.258877252658514,0.2588739581246988,7.26703319134374,22.244057356215023,0,1
2023-06-13 15:13:00,2023-06-13 15:13:59,0.2594,0.2595,0.2594,0.2596,0.2594114921663699,0.259475,0.2594,0.2596,True,0.0003631953858663008,-2.503971413588205e-05,0,0.25943863177537546,0.2594486821216762,-6.070452637793345,-6.070452637793345,0.2588832003932552,0.2588801873970899,10.730309671544438,12.945876292803746,0,-2
2023-06-13 15:14:00,2023-06-13 15:14:59,0.2596,0.2599,0.2596,0.2599,0.2594432460831849,0.25975000000000004,0.2596,0.2599,True,0.0003658242868758515,1.693280704571592e-06,0,0.25944365694852584,0.2594536686769934,0.9994388175245561,0.0,0.25889182526496407,0.25889033478617357,31.406468448862483,16.467937103916935,0,2
2023-06-13 15:15:00,2023-06-13 15:15:59,0.2599,0.2604,0.2597,0.2604,0.2595966230415925,0.2601,0.2597,0.2604,True,0.00038969398067043595,5.269211402436942e-05,0,0.2594486628127596,0.25946202914728944,9.687631811247684,9.687631811247684,0.25890384690411866,0.25890535633058975,64.73980178219581,35.62552663420096,0,2
2023-06-13 15:16:00,2023-06-13 15:16:59,0.2602,0.2602,0.2602,0.2603,0.25984831152079624,0.260225,0.2602,0.2603,True,0.00037614441062255004,6.900378327472613e-05,0,0.2594553459800245,0.25947384619579156,11.856826153125695,11.856826153125695,0.2589169927060677,0.25891823835715105,87.34282544398452,61.16303189168099,0,2
2023-06-13 15:17:00,2023-06-13 15:17:59,0.2603,0.2595,0.2595,0.2604,0.26003665576039814,0.259925,0.2595,0.2604,True,0.00041356266700665447,2.775840491832523e-05,0,0.259464596087908,0.25948624523606484,5.094795812549201,5.094795812549201,0.25892702262939044,0.2589240270302142,88.09935864949352,80.060661958558,0,1
2023-06-13 15:18:00,2023-06-13 15:18:59,0.2594,0.2594,0.2593,0.2594,0.25998082788019905,0.259375,0.2593,0.25998082788019905,True,0.0003983081907918958,-7.749996054228202e-06,0,0.2594754206619864,0.25949524382704453,-0.243920089888519,-0.0,0.25893148011566514,0.25892876307966484,59.302751686989716,78.24831192682264,0,1
2023-06-13 15:19:00,2023-06-13 15:19:59,0.2594,0.2595,0.2594,0.2596,0.25967791394009954,0.259475,0.2594,0.25967791394009954,True,0.0003841433200210445,-2.422807201972875e-05,0,0.2594853322445155,0.25950218958682414,-2.440253545042843,-0.0,0.25893688827371825,0.2589344470291209,33.60159315740632,60.334567831296575,0,1
2023-06-13 15:20:00,2023-06-13 15:20:59,0.2596,0.2601,0.2596,0.2601,0.2595764569700498,0.25985,0.2596,0.2601,True,0.0003995616543052549,6.662641996565472e-06,0,0.2594937609156698,0.2595100443816638,2.2671706856280025,0.0,0.258945973962537,0.2589460445711197,30.359627601389608,41.08799081526194,0,2
2023-06-13 15:21:00,2023-06-13 15:21:59,0.2602,0.2603,0.2602,0.2603,0.25971322848502487,0.26025,0.2602,0.2603,True,0.0003853072504263065,3.935234957253635e-05,0,0.2595019026486668,0.2595213053993392,6.877988355583604,6.877988355583604,0.25895894934599434,0.2589595167644419,53.303043872546276,39.08808821044746,0,2
2023-06-13 15:22:00,2023-06-13 15:22:59,0.2602,0.2604,0.2602,0.2606,0.2599816142425124,0.26034999999999997,0.2602,0.2606,True,0.000386356732538714,6.481606880855362e-05,0,0.259511604024003,0.2595358570039973,10.682956772550192,10.682956772550192,0.2589727906460342,0.25897384993096484,75.26768101601327,52.97678416331644,0,2
2023-06-13 15:23:00,2023-06-13 15:23:59,0.2603,0.2602,0.2601,0.2603,0.2601658071212562,0.260225,0.2601,0.2603,True,0.000380188394500236,6.378744562752958e-05,0,0.25952373051400013,0.25955204183851194,10.159978410025474,10.159978410025474,0.258985250440601,0.25898605042916417,82.52161060166641,70.36411183007537,0,2
2023-06-13 15:24:00,2023-06-13 15:24:59,0.2603,0.2605,0.2602,0.2606,0.2601954035606281,0.26039999999999996,0.2602,0.2606,True,0.0003816035091787914,7.98584666827132e-05,0,0.25953788617625606,0.25957060216730815,12.466194511764321,12.466194511764321,0.25899932755064475,0.2590011146039984,84.47754257819932,80.75561139862639,0,2
2023-06-13 15:25:00,2023-06-13 15:25:59,0.2605,0.2607,0.2604,0.2607,0.26029770178031403,0.260575,0.2604,0.2607,True,0.00037577468709458966,9.927585112053209e-05,0,0.25955424417178213,0.25959210608197064,15.483252703496873,15.483252703496873,0.25901500588347415,0.2590180189362969,88.11527026403417,85.03814114796667,0,2
2023-06-13 15:26:00,2023-06-13 15:26:59,0.2607,0.2609,0.2605,0.2612,0.26043635089015704,0.260825,0.2605,0.2612,True,0.0003989336380164032,0.00011982287796873464,0,0.2595731751268764,0.25961749522862965,18.81681171484614,18.81681171484614,0.2590330157751809,0.25903674511603525,96.00394758490403,89.53225347571255,0,2
2023-06-13 15:27:00,2023-06-13 15:27:59,0.2609,0.2613,0.2609,0.2615,0.2606306754450785,0.26115,0.2609,0.2615,True,0.0004132955210152308,0.00015369639016910307,0,0.259595335177753,0.2596479988948423,23.086308566702357,23.086308566702357,0.25905408029483085,0.25905926506512944,99.90120629971825,94.67347471621888,0,2
2023-06-13 15:28:00,2023-06-13 15:28:59,0.2613,0.2615,0.2612,0.2615,0.2608903377225392,0.26137499999999997,0.2612,0.2615,True,0.00040520298379985876,0.00018069981293895816,0,0.2596216670362977,0.2596838637099576,26.732939712388813,26.732939712388813,0.2590771740232405,0.2590835509848794,99.99999999999982,98.63505129487409,0,2
2023-06-13 15:29:00,2023-06-13 15:29:59,0.2614,0.2612,0.261,0.2619,0.2611326688612696,0.261375,0.261,0.2619,True,0.0004405456278141554,0.0001674683796213046,0,0.25965276537312765,0.2597237033245341,23.830867130154715,23.830867130154715,0.25910003796330777,0.2591046101790597,99.99999999999982,99.9670687665727,0,2
2023-06-13 15:30:00,2023-06-13 15:30:59,0.2612,0.2614,0.2609,0.2615,0.2612538344306348,0.26125,0.2609,0.2615,True,0.0004519352258274293,0.00016283024103988595,0,0.25968823434883087,0.2597655413516224,23.305021467433974,23.305021467433974,0.2591214306203893,0.25912744987877057,95.91612716213878,98.6387090540462,0,2
2023-06-13 15:31:00,2023-06-13 15:31:59,0.2614,0.2611,0.2609,0.2616,0.2612519172153174,0.26125,0.2609,0.2616,True,0.0004696541382683256,0.00012940461394499506,0,0.25972688785022663,0.25980866568957617,18.325188349620106,18.325188349620106,0.2591426104152113,0.2591470772431609,91.83225432427777,95.91612716213884,0,1
2023-06-13 15:32:00,2023-06-13 15:32:59,0.261,0.2609,0.2608,0.261,0.2612509586076587,0.26092499999999996,0.2608,0.2612509586076587,True,0.0004575359855348754,8.551360673555709e-05,0,0.25976777676990137,0.2598502770246747,12.412419276323739,12.412419276323739,0.25916034563496043,0.2591645192606419,76.28039970900845,88.00959373180838,0,1
2023-06-13 15:33:00,2023-06-13 15:33:59,0.2609,0.2612,0.2609,0.2612,0.2610879793038293,0.26105,0.2609,0.2612,True,0.0004462834151395248,7.09731277974001e-05,0,0.2598090268972881,0.2598912692969072,11.657383584797167,11.657383584797167,0.25917914816595583,0.25918477280033697,62.629148563322616,76.91393419886967,0,1
2023-06-13 15:34:00,2023-06-13 15:34:59,0.2611,0.261,0.2609,0.2612,0.26106898965191466,0.26105,0.2609,0.2612,True,0.00043583459977241355,4.165991292198783e-05,0,0.25985014809709767,0.2599314929260103,8.466705593355982,0.0,0.2591977636070906,0.25920283476252265,43.16227237362046,60.69060688198389,0,1
2023-06-13 15:35:00,2023-06-13 15:35:59,0.2611,0.2612,0.2611,0.2613,0.26105949482595736,0.261175,0.2611,0.2613,True,0.00042613212836009595,3.147233080573773e-05,0,0.259890820511554,0.2599716930530331,8.552574011561198,0.0,0.2592174376010499,0.2592227070534428,39.90182974073207,48.56441689255843,0,1
2023-06-13 15:36:00,2023-06-13 15:36:59,0.2613,0.2613,0.2613,0.2616,0.2611172474129787,0.26137499999999997,0.2613,0.2616,True,0.00042426554776294704,2.7198931138530354e-05,0,0.2599312567822935,0.2600129710737729,9.665843197134528,0.0,0.2592389058836265,0.2592433766350006,45.928401872499165,42.99750132895061,0,1
2023-06-13 15:37:00,2023-06-13 15:37:59,0.2612,0.2614,0.2612,0.2615,0.26124612370648936,0.261325,0.2612,0.2615,True,0.00041538943720845244,2.6896691976683088e-05,0,0.2599721139280332,0.26005447146352334,11.479315140124555,11.479315140124555,0.2592596630390133,0.2592648355739558,51.35468993764341,45.72830718362493,0,1
2023-06-13 15:38:00,2023-06-13 15:38:59,0.2614,0.2614,0.2613,0.2615,0.2612855618532447,0.2614,0.2613,0.2615,True,0.00040000447740785107,2.227444374555156e-05,0,0.2600132926957783,0.26009637676891156,12.688296435451242,12.688296435451242,0.25928095992419725,0.2592860809911304,55.36761111890966,50.88356764301745,0,1
2023-06-13 15:39:00,2023-06-13 15:39:59,0.2615,0.2613,0.2613,0.2616,0.26134278092662233,0.26142499999999996,0.2613,0.2616,True,0.000392861300450149,8.173197622492146e-06,0,0.2600548347323449,0.2601384848788559,11.144091298982069,0.0,0.2593022936562948,0.2593061199862435,53.41623160114628,53.379510885899826,0,1
2023-06-13 15:40:00,2023-06-13 15:40:59,0.2614,0.2613,0.2612,0.2615,0.2613838904633111,0.26134999999999997,0.2612,0.2615,True,0.00038622835041799715,-4.579594777206542e-06,0,0.2600966598056004,0.26017994917207893,10.114621208002625,0.0,0.25932266884379435,0.2593259595883704,50.6013654467149,53.12840272225699,0,1
2023-06-13 15:41:00,2023-06-13 15:41:59,0.2613,0.261,0.2608,0.2613,0.26136694523165555,0.2611,0.2608,0.26136694523165555,True,0.0003943548968167117,-3.6451947894923964e-05,0,0.2601383044888397,0.26021890682885607,3.2604524304921156,0.0,0.2593403537309208,0.25934261670689407,32.06740818027303,45.36166840937812,0,1
2023-06-13 15:42:00,2023-06-13 15:42:59,0.2611,0.2613,0.2611,0.2614,0.26123347261582774,0.261225,0.2611,0.2614,True,0.0003947581184726617,-3.80523081729326e-05,0,0.2601786056588479,0.2602564813351087,4.265399765138206,0.0,0.2593591064301156,0.25936209315757175,18.093256524906632,33.5873433839649,0,1
2023-06-13 15:43:00,2023-06-13 15:43:59,0.2613,0.2613,0.2612,0.2613,0.26122923630791384,0.261275,0.2612,0.2613,True,0.0003737039671531851,-4.0518347830024244e-05,0,0.2602175434969783,0.2602930521293274,4.935364654902266,0.0,0.2593781700477264,0.2593813758127203,15.87414636034436,22.011603688508057,0,1
2023-06-13 15:44:00,2023-06-13 15:44:59,0.2613,0.2612,0.2612,0.2613,0.2612521181539569,0.26125,0.2612,0.2613,True,0.0003541536837850996,-5.022434601071262e-05,0,0.2602552978131529,0.26032841025287645,3.183011614010759,0.0,0.25939679522138087,0.2593994715757778,23.72673415681625,19.231379014022462,0,1
2023-06-13 15:45:00,2023-06-13 15:45:59,0.2612,0.2617,0.2612,0.2617,0.26125105907697843,0.26144999999999996,0.2612,0.2617,True,0.00036457127780044964,-2.2950563423011577e-05,0,0.2602918540330147,0.2603639432506423,8.941153479170886,0.0,0.2594172251196756,0.2594223624058696,40.4630505735749,26.687977030245218,0,2
2023-06-13 15:46:00,2023-06-13 15:46:59,0.2616,0.2613,0.2612,0.2617,0.2613505295384892,0.26144999999999996,0.2612,0.2617,True,0.0003742447579575604,-3.466957311851855e-05,0,0.26032789864182854,0.26039937013395614,6.112824102269265,0.0,0.25943745173540017,0.2594410453670052,52.72372124683657,38.97116865907595,0,1
2023-06-13 15:47:00,2023-06-13 15:47:59,0.2613,0.2607,0.2607,0.2615,0.2614002647692446,0.26105,0.2607,0.2615,True,0.0004046558466748792,-8.473013939263549e-05,0,0.26036363438789234,0.2604317259811349,-1.4604429183516245,-0.0,0.25945349699176434,0.2594535722787763,44.87113345036468,46.01930175692544,0,1
2023-06-13 15:48:00,2023-06-13 15:48:59,0.2607,0.2604,0.2603,0.2607,0.2612251323846223,0.260525,0.2603,0.2612251323846223,True,0.0004043232861981029,-0.0001366223149617826,0,0.26039768018451365,0.2604578399261272,-8.386868341360774,-8.386868341360774,0.2594641587132393,0.25946298947003227,22.43556672518225,40.01014047412789,0,-2
2023-06-13 15:49:00,2023-06-13 15:49:59,0.2603,0.2601,0.26,0.2603,0.26087506619231116,0.260175,0.26,0.26087506619231116,True,0.0004040144800410964,-0.00018714577238843132,-1,0.2604277600553204,0.26047645903598476,-14.562218745726447,-14.562218745726447,0.2594712317608688,0.25946932788326577,-1.8000415972589204e-13,22.4355667251823,0,-2
2023-06-13 15:50:00,2023-06-13 15:50:59,0.2601,0.2602,0.26,0.2602,0.2605250330961556,0.260125,0.26,0.2605250330961556,True,0.0003894420171810165,-0.0002067817959602985,0,0.2604521095456526,0.260488706609365,-17.061682589175838,-17.061682589175838,0.25947773691747705,0.2594765982525865,-1.8000415972589204e-13,7.478522241727348,-1,-2
2023-06-13 15:51:00,2023-06-13 15:51:59,0.2601,0.2599,0.2598,0.2601,0.2603250165480778,0.259975,0.2598,0.2603250165480778,True,0.00039019615881094474,-0.00023265749912289952,0,0.2604704080775088,0.2604948246363703,-20.451689071201553,-20.451689071201553,0.25948268480884545,0.2594808112052971,-1.8000415972589204e-13,-1.2868718436544036e-13,0,-2
2023-06-13 15:52:00,2023-06-13 15:52:59,0.26,0.2601,0.2598,0.2601,0.2601500082740389,0.26,0.2598,0.2601500082740389,True,0.000383753576038736,-0.00022674001662316667,0,0.26048261635693953,0.260496246378823,-19.39150432682506,-19.39150432682506,0.2594878322236828,0.25948697228783146,0.6951453637745514,0.2317151212581151,0,-2
2023-06-13 15:53:00,2023-06-13 15:53:59,0.2601,0.2599,0.2597,0.2602,0.26007500413701945,0.259975,0.2597,0.2602,True,0.00039205689203596913,-0.00022759133286604145,0,0.2604894313678813,0.26049378942216866,-20.146845202040375,-20.146845202040375,0.2594926796642432,0.25949108201631077,1.0522459958339552,0.5824637865361602,0,-2
2023-06-13 15:54:00,2023-06-13 15:54:59,0.2599,0.2599,0.2598,0.2599,0.26002500206850976,0.259875,0.2598,0.26002500206850976,True,0.0003711956854619745,-0.00021869479894158928,0,0.26049161039502494,0.26048760948941907,-20.65040578551725,-20.65040578551725,0.25949648384668855,0.2594951508519694,1.0522459958339552,0.9332124518142052,0,-2
2023-06-13 15:55:00,2023-06-13 15:55:59,0.2599,0.2598,0.2596,0.2599,0.2599500010342549,0.25980000000000003,0.2596,0.2599500010342549,True,0.00036611027935754936,-0.0002103955078215959,0,0.260489609942222,0.26047802625255845,-21.81752900744766,-21.81752900744766,0.25949950390791554,0.2594981841768254,0.3571006320592239,0.8205308745757627,0,-2
2023-06-13 15:56:00,2023-06-13 15:56:59,0.2598,0.26,0.2596,0.26,0.2598750005171275,0.25985,0.2596,0.26,True,0.00036853097368915377,-0.00018194004225025316,0,0.2604838180973902,0.2604661723748067,-18.285442247672467,-18.285442247672467,0.25950299143121985,0.2595031773690958,1.7592943677254784,1.0562136652062704,0,-1
2023-06-13 15:57:00,2023-06-13 15:57:59,0.26,0.2605,0.26,0.2605,0.2598625002585637,0.26025,0.26,0.2605,True,0.00037792161842564286,-0.0001208621116637798,0,0.2604749952360984,0.26045535656110635,-8.921695890507323,-8.921695890507323,0.25951042435230226,0.2595130960022391,15.605539774252874,5.90731159134591,0,-1
2023-06-13 15:58:00,2023-06-13 15:58:59,0.2605,0.2604,0.2604,0.2606,0.26005625012928185,0.260475,0.2604,0.2606,True,0.0003652129313952382,-8.238056447886066e-05,0,0.26046517589860235,0.2604469759697978,-4.197330606080875,-4.197330606080875,0.259520022119941,0.2595219209176397,34.851268284560824,17.40536747551311,0,-1
2023-06-13 15:59:00,2023-06-13 15:59:59,0.2604,0.2605,0.2604,0.2607,0.2602656250646409,0.2605,0.2604,0.2607,True,0.0003605548648670045,-4.6387229228862374e-05,0,0.26045607593420006,0.26044074167255976,0.20120922262298535,0.0,0.2595297731436232,0.25953165304781245,52.9129817184975,34.456596592437116,0,-1
2023-06-13 16:00:00,2023-06-13 16:00:59,0.2603,0.2602,0.26,0.2603,0.26038281253232043,0.2602,0.26,0.26038281253232043,True,0.00037051523166221846,-4.097146363825821e-05,0,0.2604484088033799,0.2604341816226069,-1.4214426375560691,-0.0,0.25953644206756726,0.25953830326624217,60.025802586093725,49.26335086305073,0,-1
2023-06-13 16:01:00,2023-06-13 16:01:59,0.2602,0.2594,0.2593,0.2602,0.2602914062661602,0.259775,0.2593,0.2602914062661602,True,0.00040833557225777514,-8.978701180308119e-05,0,0.26044129521299336,0.2604244941621973,-8.935629070406328,-8.935629070406328,0.25953881577833776,0.25953692711433923,51.197029195501365,54.71193783336424,0,-2
2023-06-13 16:02:00,2023-06-13 16:02:59,0.2594,0.2587,0.2584,0.2595,0.2600332031330801,0.259,0.2584,0.2600332031330801,True,0.0004577401742393619,-0.0001644693120672288,0,0.26043289468759534,0.2604070936116368,-16.62588798584111,-16.62588798584111,0.2595334544273095,0.25952859948136076,31.37602139383903,47.53295105847809,0,-2
2023-06-13 16:03:00,2023-06-13 16:03:59,0.2587,0.2584,0.2583,0.2589,0.25951660156654005,0.258575,0.2583,0.25951660156654005,True,0.000467901590365125,-0.00022482508377949688,0,0.26041999414961603,0.26038082392526657,-22.574935059366876,-22.574935059366876,0.2595239175673363,0.2595173696357751,10.416955119715412,30.996668569685315,0,-2
2023-06-13 16:04:00,2023-06-13 16:04:59,0.2585,0.2582,0.2582,0.2585,0.25904580078327,0.25834999999999997,0.2582,0.25904580078327,True,0.0004559086196247605,-0.00026598426102253516,0,0.26040040903744127,0.2603462080046062,-27.052469017934456,-27.052469017934456,0.259512236795522,0.25950426148019523,-1.8237263551175906e-13,13.9309921711848,0,-2
2023-06-13 16:05:00,2023-06-13 16:05:59,0.2583,0.2582,0.2582,0.2585,0.258697900391635,0.2583,0.2582,0.258697900391635,True,0.0004447722896515649,-0.00027873574349821623,0,0.26037330852102375,0.2603049154838489,-30.03749165697951,-30.03749165697951,0.2595001747378551,0.25949128375402414,-1.8237263551175906e-13,3.472318373238396,0,-2
2023-06-13 16:06:00,2023-06-13 16:06:59,0.2581,0.2579,0.2577,0.2582,0.2584989501958175,0.257975,0.2577,0.2584989501958175,True,0.00044871712610502454,-0.0002926646159503052,0,0.2603391120024363,0.26025641989386084,-32.84800960836735,-32.84800960836735,0.25948499886981674,0.25947545008482986,-1.8237263551175906e-13,-1.3539786575873021e-13,0,-2
2023-06-13 16:07:00,2023-06-13 16:07:59,0.2578,0.2579,0.2577,0.258,0.25823697509790877,0.25785,0.2577,0.25823697509790877,True,0.0004380944742403815,-0.00028568008076527355,0,0.2602977659481486,0.26020172837519884,-34.7216882426259,-34.7216882426259,0.2594687302243459,0.2594597739645828,-1.8237263551175906e-13,-1.3539786575873021e-13,0,-2
2023-06-13 16:08:00,2023-06-13 16:08:59,0.2578,0.2581,0.2578,0.2583,0.2580434875489544,0.258,0.2578,0.2583,True,0.00044251629750892565,-0.00025130727653948693,0,0.2602497471616737,0.2601435631598186,-31.710130959002615,-31.710130959002615,0.2594541159932579,0.25944624387538295,4.219146513781682,1.4063821712604863,0,-1
2023-06-13 16:09:00,2023-06-13 16:09:59,0.2582,0.2583,0.2582,0.2584,0.2580217437744772,0.258275,0.2582,0.2584,True,0.0004323365619725754,-0.00020036008912924382,0,0.2601966551607462,0.2600849489462701,-25.97462674527263,-25.97462674527263,0.25944238349581256,0.2594348384636876,15.660409959741443,6.626518824507695,0,-1
2023-06-13 16:10:00,2023-06-13 16:10:59,0.2583,0.2584,0.2583,0.2586,0.2581483718872386,0.25839999999999996,0.2583,0.2586,True,0.0004228839504031074,-0.00014751450469632343,0,0.26014080205350815,0.26002724102207825,-20.399997508109294,-20.399997508109294,0.25943201152072987,0.2594245415635514,30.19130549766149,16.690287323728253,0,-1
2023-06-13 16:11:00,2023-06-13 16:11:59,0.2584,0.2586,0.2584,0.2588,0.2582741859436193,0.25855,0.2584,0.2588,True,0.000421249382517168,-8.871622450212432e-05,0,0.2600840215377932,0.2599716717231205,-13.454582077599298,-13.454582077599298,0.25942323528669275,0.2594163371698842,44.13589465544172,29.99587003761493,0,-1
2023-06-13 16:12:00,2023-06-13 16:12:59,0.2585,0.2582,0.2582,0.2585,0.25841209297180967,0.25834999999999997,0.2582,0.2585,True,0.00041973156948022823,-6.970728138448734e-05,0,0.26002784663045686,0.25991679523064354,-13.562033420485356,-13.562033420485356,0.2594125563286162,0.25940423431247245,48.25307459698419,40.86009158336251,0,-1
2023-06-13 16:13:00,2023-06-13 16:13:59,0.2582,0.2584,0.2582,0.2584,0.2583810464859048,0.2583,0.2582,0.2584,True,0.00040403645737450007,-3.6020160530758605e-05,0,0.25997232093055017,0.2598624976475054,-10.559008775201896,-10.559008775201896,0.2594014861163912,0.2593942419312538,52.62589567263277,48.338288308352936,0,-1
2023-06-13 16:14:00,2023-06-13 16:14:59,0.2584,0.2581,0.2579,0.2584,0.2583405232429524,0.2582,0.2579,0.2584,True,0.0004108909961334644,-2.8582537276182723e-05,0,0.2599174092890278,0.25980834227657845,-11.686143493586975,-11.686143493586975,0.25938953103065593,0.2593813639020871,58.92686556982795,53.268611946481684,0,-1
2023-06-13 16:15:00,2023-06-13 16:15:59,0.2582,0.259,0.2581,0.2592,0.2582702616214762,0.258625,0.2581,0.2592,True,0.0004601130678382162,4.388242777192278e-05,0,0.2598628757828031,0.25975758638573493,-3.3478625082783964,-0.0,0.25938192375671904,0.2593775692363947,76.70175551565906,62.75150558603997,0,-1
2023-06-13 16:16:00,2023-06-13 16:16:59,0.259,0.2598,0.259,0.2599,0.25844763081073807,0.259425,0.259,0.2599,True,0.0004915335629926302,0.00014820724324224777,1,0.259810231084269,0.25971534401962837,6.033017078228752,6.033017078228752,0.25938235237605517,0.2593817725275749,91.13137223542377,75.58666444030364,0,-1
2023-06-13 16:17:00,2023-06-13 16:17:59,0.2599,0.2601,0.2597,0.2601,0.25893631540536904,0.25995,0.2597,0.2601,True,0.0004849954513503003,0.00023391877071022118,0,0.25976278755194865,0.25968369629729315,13.323266755953938,13.323266755953938,0.2593880006111193,0.25938891906958905,99.99999999999982,89.27770925036093,0,-1
2023-06-13 16:18:00,2023-06-13 16:18:59,0.26,0.26,0.2599,0.26,0.25944315770268456,0.259975,0.2599,0.26,True,0.00046463863339670587,0.0002759374854026693,0,0.2597232419246209,0.259660778476125,16.962448570413798,16.962448570413798,0.25939384140105837,0.25939499947685685,99.99999999999982,97.04379074514118,0,2
2023-06-13 16:19:00,2023-06-13 16:19:59,0.26,0.2592,0.2592,0.2601,0.2597090788513423,0.259625,0.2592,0.2601,True,0.0004957358738683705,0.00023937039438313393,0,0.2596920102003729,0.2596424896359523,11.69223480150984,11.69223480150984,0.25939614148662,0.25939305918355476,95.35852168606176,98.45284056202051,0,1
2023-06-13 16:20:00,2023-06-13 16:20:59,0.2592,0.2588,0.2587,0.2593,0.25966703942567115,0.259,0.2587,0.25966703942567115,True,0.0005031833114492005,0.00018067472466437107,0,0.2596672499181626,0.25962368254129864,5.497437989779506,5.497437989779506,0.25939219978028544,0.25938715809715124,83.9113053249229,93.08994233699487,0,1
2023-06-13 16:21:00,2023-06-13 16:21:59,0.2587,0.2586,0.2585,0.2587,0.2593335197128356,0.258625,0.2585,0.2593335197128356,True,0.0004886702177742552,0.00012372687376637945,0,0.2596454662297306,0.25960202355911816,0.12866975549769677,0.0,0.2593845659516259,0.2593793256782741,67.56820999162575,82.27934566753684,0,-2
2023-06-13 16:22:00,2023-06-13 16:22:59,0.2586,0.2586,0.2586,0.2589,0.2589792598564178,0.258675,0.2586,0.2589792598564178,True,0.00047519377364752425,8.397816618090613e-05,0,0.25962374489442436,0.2595786109226562,-3.4505090673568475,-0.0,0.25937750559389827,0.2593715711939132,53.15135410909946,68.2102898085494,0,-2
2023-06-13 16:23:00,2023-06-13 16:23:59,0.2587,0.2586,0.2586,0.2588,0.2588271299282089,0.258675,0.2586,0.2588271299282089,True,0.0004555370755298424,5.6996759892162616e-05,0,0.25960117790854026,0.2595539782574304,-5.83662828259321,-0.0,0.25937051548848633,0.2593638938686006,44.23194846892718,54.983837523217495,0,-2
2023-06-13 16:24:00,2023-06-13 16:24:59,0.2586,0.2591,0.2585,0.2591,0.25875106496410444,0.25882499999999997,0.2585,0.2591,True,0.0004658558558491387,7.367387315685098e-05,0,0.2595775780829853,0.2595295832207779,-1.94460902465228,-0.0,0.25936508747367554,0.25936126805896276,42.954019259874975,46.779107279300575,0,-1
2023-06-13 16:25:00,2023-06-13 16:25:59,0.2591,0.2598,0.2591,0.2599,0.2587880324820522,0.259475,0.2591,0.2599,True,0.000489723294717059,0.00013142278928730724,0,0.2595535806518816,0.25951000233791927,5.259723716146709,5.259723716146709,0.2593661811306539,0.25936563355091335,54.59041474993713,47.2587941595798,0,2
2023-06-13 16:26:00,2023-06-13 16:26:59,0.2598,0.26,0.2598,0.2602,0.2591315162410261,0.25995,0.2598,0.2602,True,0.0004833144879515556,0.00017863279268618337,0,0.25953179149490047,0.25949760502302427,11.042894033474319,11.042894033474319,0.25937199027363245,0.25937194565488436,73.4334000247493,56.992611344853835,1,2
2023-06-13 16:27:00,2023-06-13 16:27:59,0.2601,0.2605,0.26,0.2605,0.259540758120513,0.260275,0.26,0.2605,True,0.00048450631024073024,0.00023718921677436214,0,0.2595146982589624,0.25949317828609647,16.955645536859137,16.955645536859137,0.2593809754450391,0.2593831700762288,91.05442456709864,73.02607978059505,0,2
2023-06-13 16:28:00,2023-06-13 16:28:59,0.2604,0.2603,0.2602,0.2604,0.2599078790602565,0.260325,0.2602,0.2604,True,0.00047132728808067965,0.00025206513753800534,0,0.25950393827252943,0.2594954002665523,18.334433507116543,18.334433507116543,0.2593903687241929,0.25939229276203746,98.47636327350081,87.65472928844962,0,2
2023-06-13 16:29:00,2023-06-13 16:29:59,0.2603,0.2604,0.2602,0.2605,0.2601164395301282,0.26034999999999997,0.2602,0.2605,True,0.000459089624646347,0.00025819227091381577,0,0.2594996692695409,0.2595030131103997,19.78669951138056,19.78669951138056,0.25939991729410145,0.2594023196997286,99.99999999999977,96.5102626135331,0,2
2023-06-13 16:30:00,2023-06-13 16:30:59,0.2603,0.2603,0.2601,0.2604,0.2602332197650641,0.260275,0.2601,0.2604,True,0.0004477260800287524,0.0002442521255234636,0,0.25950134118997026,0.2595143034069423,19.246469194368004,19.246469194368004,0.2594086245847074,0.25941125184201985,97.81972413791931,98.76536247047333,0,2
2023-06-13 16:31:00,2023-06-13 16:31:59,0.2603,0.2601,0.2601,0.2603,0.26025410988253206,0.2602,0.2601,0.2603,True,0.00043003136002669714,0.00021070783234743157,0,0.25950782229845626,0.25952789694465295,15.932780140226939,15.932780140226939,0.2594164989669491,0.25941810505752216,93.39576045668214,97.07182819820044,0,1
2023-06-13 16:32:00,2023-06-13 16:32:59,0.2602,0.2597,0.2597,0.2602,0.260227054941266,0.25995,0.2597,0.260227054941266,True,0.00043502912002479026,0.0001519366293050051,0,0.2595178596215546,0.25954149530834175,9.023010213781575,9.023010213781575,0.2594218074349397,0.2594209099823229,81.70398347157374,90.97315602205843,0,1
2023-06-13 16:33:00,2023-06-13 16:33:59,0.2597,0.2599,0.2597,0.26,0.26008852747063305,0.25982500000000003,0.2597,0.26008852747063305,True,0.00042538418288016403,0.00012038896119696223,0,0.25952967746494815,0.2595541465393877,6.69708164555847,6.69708164555847,0.2594258193012587,0.25942567704717545,68.72067999641648,81.27347464155748,0,1
2023-06-13 16:34:00,2023-06-13 16:34:59,0.2598,0.26,0.2597,0.2601,0.2599567637353165,0.2599,0.2597,0.2601,True,0.0004235710269601531,0.00010080487144937327,0,0.2595419120021679,0.2595664798651039,6.260506645373859,6.260506645373859,0.25943053751716655,0.25943139170342244,59.74870075469446,70.05778807422827,0,1
2023-06-13 16:35:00,2023-06-13 16:35:59,0.26,0.2604,0.26,0.2604,0.25992838186765826,0.2602,0.26,0.2604,True,0.0004218873821772859,0.00011024173619538725,0,0.2595541959336359,0.25958053660102726,9.697164539659354,9.697164539659354,0.25943819386027933,0.2594410295969207,64.50948989403112,64.3262902150474,0,2
2023-06-13 16:36:00,2023-06-13 16:36:59,0.2603,0.2606,0.2603,0.2606,0.26006419093382915,0.26044999999999996,0.2603,0.2606,True,0.00041318114059319566,0.00012412356822756943,0,0.25956736626733157,0.25959756901163566,13.445121379164782,13.445121379164782,0.2594482615830626,0.25945256164073244,77.92326309831877,67.3938179156815,0,2
2023-06-13 16:37:00,2023-06-13 16:37:59,0.2604,0.26,0.2599,0.2604,0.26025709546691456,0.260175,0.2599,0.2604,True,0.00043366820197939443,8.519614817192043e-05,0,0.2595824676394836,0.25961494053894735,8.375911474410536,8.375911474410536,0.2594554928110918,0.2594580087885858,79.3811353660367,73.93796278612892,0,1
2023-06-13 16:38:00,2023-06-13 16:38:59,0.26,0.2604,0.2599,0.2604,0.2602160477334573,0.260175,0.2599,0.2604,True,0.0004384061875522949,8.230602456786194e-05,0,0.2595987040892155,0.25963245986807304,8.513509108085799,8.513509108085799,0.25946265208660335,0.2594673818354656,63.98092874233606,73.7617757355639,0,2
2023-06-13 16:39:00,2023-06-13 16:39:59,0.2605,0.2606,0.2605,0.2608,0.2601955238667286,0.2606,0.2605,0.2608,True,0.00043566288844141355,8.899621405661048e-05,0,0.25961558197864426,0.2596528913133499,10.102245253503277,10.102245253503277,0.259473968981264,0.25947865166794853,62.88318014300177,68.74841475045822,0,2
2023-06-13 16:40:00,2023-06-13 16:40:59,0.2606,0.2604,0.2603,0.2609,0.2603977619333643,0.26055,0.2603,0.2609,True,0.0004474012535527444,7.400612201027026e-05,0,0.25963423664599705,0.2596751322535363,8.722029929173935,8.722029929173935,0.25948467575756984,0.2594878193130436,68.36002928833496,65.07471272455764,0,1
2023-06-13 16:41:00,2023-06-13 16:41:59,0.2604,0.2604,0.2603,0.2605,0.2604738809666821,0.2604,0.2603,0.2605,True,0.0004297297354418365,5.926554820289608e-05,0,0.25965468444976664,0.2596976160657686,7.801886379621045,7.801886379621045,0.2594937834614746,0.25949689573778945,73.33879718389606,68.19400220507765,0,1
2023-06-13 16:42:00,2023-06-13 16:42:59,0.2603,0.2607,0.2603,0.2608,0.2604369404833411,0.26052499999999995,0.2603,0.2608,True,0.00043474904005313394,6.582278574924258e-05,0,0.2596761502577676,0.259720994462941,10.122450961677494,10.122450961677494,0.2595040443225545,0.2595088669244781,64.99808632397476,68.89897093206865,0,2
2023-06-13 16:43:00,2023-06-13 16:43:59,0.2607,0.2606,0.2604,0.2607,0.2604809702416705,0.2606,0.2604,0.2607,True,0.00042512410862076487,5.8319266524580545e-05,0,0.25969857236035426,0.2597454313522213,10.071351420905565,10.071351420905565,0.25951494935417085,0.25951972397000567,66.38796897098258,68.24161749295119,0,1
2023-06-13 16:44:00,2023-06-13 16:44:59,0.2607,0.2603,0.2601,0.2607,0.2605404851208353,0.26044999999999996,0.2601,0.2607,True,0.0004376152437192809,2.8252429472774225e-05,0,0.25972200185628774,0.259769504777214,5.830914452238268,5.830914452238268,0.2595242533406965,0.25952748791060265,65.68228896063125,65.68944808519625,0,1
2023-06-13 16:45:00,2023-06-13 16:45:59,0.2603,0.2613,0.2603,0.2618,0.2604952425604176,0.26092499999999996,0.2603,0.2618,True,0.0005134998691679038,7.404438708198799e-05,0,0.25974575331675087,0.25979638588006615,11.024746539042532,11.024746539042532,0.25953819111840104,0.2595451248468156,76.87055455283691,69.64693749481695,0,2
2023-06-13 16:46:00,2023-06-13 16:46:59,0.2614,0.2622,0.2612,0.2622,0.26071012128020876,0.26175000000000004,0.2612,0.2622,True,0.0005482498785130536,0.0001598473805514931,0,0.2597710695984085,0.2598309534318481,17.63642509620935,17.63642509620935,0.25956019916697415,0.25957154151500644,81.94189341573714,74.83157897640181,0,2
2023-06-13 16:47:00,2023-06-13 16:47:59,0.2621,0.2625,0.2618,0.2627,0.2612300606401044,0.262275,0.2618,0.2627,True,0.0005733748871906934,0.0002262625217756849,0,0.2598010115151283,0.25987493746708057,22.789114889448953,22.789114889448953,0.25958721211058633,0.2596006804054044,99.99999999999977,86.27081598952465,0,2
2023-06-13 16:48:00,2023-06-13 16:48:59,0.2626,0.266,0.2623,0.2675,0.2617525303200522,0.2646,0.2623,0.2675,True,0.000903848109534218,0.0004962200819474531,0,0.2598379744911044,0.25994198536125446,29.720474710631265,29.720474710631265,0.25963709059704815,0.2596643552272412,99.99999999999977,93.98063113857894,0,2
2023-06-13 16:49:00,2023-06-13 16:49:59,0.2661,0.2672,0.2657,0.2674,0.2631762651600261,0.2666,0.2657,0.2674,True,0.0009607161017103478,0.0007271290623911509,0,0.2598899799261794,0.26004045370084417,34.77634277256551,34.77634277256551,0.25970637327767454,0.2597393367672686,99.99999999999977,99.99999999999983,0,2
2023-06-13 16:50:00,2023-06-13 16:50:59,0.2672,0.2671,0.267,0.2676,0.2648881325800131,0.267225,0.267,0.2676,True,0.0009349506658738937,0.0008320945920644444,0,0.25996521681351176,0.2601672721452152,37.51654407782746,37.51654407782746,0.25978118548386686,0.25981257719744505,99.99999999999977,99.99999999999983,0,2
2023-06-13 16:51:00,2023-06-13 16:51:59,0.2672,0.2671,0.267,0.2673,0.2660565662900065,0.26715,0.267,0.2673,True,0.000889597046882899,0.0008564197084101163,0,0.26006624447936344,0.26031502613729995,39.3433449480021,39.3433449480021,0.25985450702134083,0.2598850888671222,99.03435404911697,99.67811801637224,0,2
2023-06-13 16:52:00,2023-06-13 16:52:59,0.2671,0.2664,0.2661,0.2671,0.26660328314500326,0.266675,0.2661,0.2671,True,0.0008974829721055492,0.0007781179446159389,0,0.2601906353083317,0.26047499007866826,35.37544646613762,35.37544646613762,0.2599223726231185,0.259949913853519,91.80024109234056,96.9448650471525,0,2
2023-06-13 16:53:00,2023-06-13 16:53:59,0.2664,0.2688,0.2658,0.2688,0.2666391415725016,0.26744999999999997,0.2658,0.2688,True,0.0010476627598122957,0.000848281382494134,0,0.26033281269349995,0.26064878680040643,35.79596906551032,35.79596906551032,0.2599972743880626,0.26003797441219045,86.36155862178423,92.39871792108066,0,2
2023-06-13 16:54:00,2023-06-13 16:54:59,0.2687,0.2679,0.2676,0.269,0.26704457078625077,0.2683,0.2676,0.269,True,0.0010728297055399897,0.0007836112594549701,0,0.26049079974695316,0.26083811364101744,31.59959188511303,31.59959188511303,0.260079888573256,0.2601162035225169,83.57463014373113,87.24547661928538,0,2
2023-06-13 16:55:00,2023-06-13 16:55:59,0.2678,0.2658,0.2655,0.2678,0.2676722853931254,0.266725,0.2655,0.2678,True,0.0011676275837157056,0.0005511055886620892,0,0.2606644566939853,0.2610275622950078,21.416106939132845,21.416106939132845,0.2601460090849649,0.2601727587113476,70.7283891141819,80.22152595989915,0,1
2023-06-13 16:56:00,2023-06-13 16:56:59,0.2658,0.2653,0.2653,0.2666,0.2671986426965627,0.26575,0.2653,0.2671986426965627,True,0.0011770827563074428,0.0003293426500287091,0,0.26084600949449654,0.2612091174974118,13.272703514094587,0.0,0.2602017701885971,0.2602237760376028,48.13579537838834,67.47960487876718,0,1
2023-06-13 16:57:00,2023-06-13 16:57:59,0.2653,0.2668,0.265,0.2669,0.2664743213482813,0.266,0.265,0.2669,True,0.0012287197022854833,0.00026108707481986657,0,0.2610275634959542,0.26138492773397065,11.779569354103195,0.0,0.2602594640175663,0.2602892111019053,24.94966483118628,47.93794977458557,0,1
2023-06-13 16:58:00,2023-06-13 16:58:59,0.2667,0.2662,0.2661,0.267,0.26623716067414066,0.26649999999999996,0.2661,0.267,True,0.0012052397235508068,0.0001507169806878048,0,0.2612062456149624,0.26155843920505917,8.891367651419309,0.0,0.2603215589029636,0.2603480249217868,15.55403548562392,29.54649856506624,0,1
2023-06-13 16:59:00,2023-06-13 16:59:59,0.2662,0.2668,0.2659,0.2669,0.26636858033707034,0.26644999999999996,0.2659,0.2669,True,0.001190579743297178,0.00010011359857919986,0,0.2613823424100108,0.26172860731553843,8.589066797895612,0.0,0.26038253841636694,0.26041222367878397,13.594322040794111,18.0326741192015,0,1
2023-06-13 17:00:00,2023-06-13 17:00:59,0.2668,0.2653,0.2653,0.2668,0.26640929016853515,0.26605,0.2653,0.2668,True,0.0012126811902045224,-5.3740236801712825e-05,0,0.26155547486277464,0.26189223121510585,3.7959057164267875,0.0,0.2604389310689404,0.2604608582690448,7.199693683598739,12.116017070005652,0,1
2023-06-13 17:01:00,2023-06-13 17:01:59,0.2653,0.266,0.2653,0.2662,0.2662296450842676,0.2657,0.2653,0.2662296450842676,True,0.0011903468194756287,-0.00011649604571095564,0,0.26172385303894025,0.2620471788052277,2.7839965048918245,0.0,0.26049128001352806,0.26051597410716376,3.342343682153411,8.045453135515482,0,1
2023-06-13 17:02:00,2023-06-13 17:02:59,0.2659,0.2654,0.2652,0.266,0.2659648225421338,0.265625,0.2652,0.266,True,0.0011624649037987997,-0.0002064892435613688,0,0.261885515922084,0.2621937177908967,0.28616089083128315,0.0,0.26054236180443824,0.26056457137972927,-2.291500322826323e-13,3.514012455250702,0,1
2023-06-13 17:03:00,2023-06-13 17:03:59,0.2655,0.2657,0.2651,0.2657,0.2657949112710669,0.2655,0.2651,0.2657949112710669,True,0.0011222888392417416,-0.0002480003252260934,0,0.26203961685649035,0.2623317735769318,-0.27161300100305397,-0.0,0.26059169153772743,0.2606156701719708,-2.291500322826323e-13,1.1141145607177128,0,1
2023-06-13 17:04:00,2023-06-13 17:04:59,0.2658,0.2652,0.2652,0.2658,0.2656474556355335,0.26549999999999996,0.2652,0.2658,True,0.0010849824935816163,-0.0003107547161470762,0,0.2621856952167111,0.26246220327072667,-2.3983958528852867,-0.0,0.2606405304278993,0.26066128539414024,-2.291500322826323e-13,-1.674216321134736e-13,0,1
2023-06-13 17:05:00,2023-06-13 17:05:59,0.2653,0.2643,0.2641,0.2653,0.2655737278177667,0.26475,0.2641,0.2655737278177667,True,0.0010931980297543564,-0.0004113472295154525,0,0.2623239492437189,0.2625805882044641,-6.555570077860679,-6.555570077860679,0.2606814206723978,0.26069749150962146,-2.291500322826323e-13,-1.674216321134736e-13,0,1
2023-06-13 17:06:00,2023-06-13 17:06:59,0.2643,0.2646,0.2638,0.2648,0.26516186390888336,0.26437499999999997,0.2638,0.26516186390888336,True,0.0010865410276290452,-0.0004489295471972947,0,0.2624522687240915,0.26268610506855955,-7.802854820156597,-7.802854820156597,0.2607181727055083,0.260736322439874,-2.291500322826323e-13,-1.674216321134736e-13,0,1
2023-06-13 17:07:00,2023-06-13 17:07:59,0.2646,0.2648,0.2642,0.2648,0.26476843195444166,0.2646,0.2642,0.2648,True,0.0010517880970841126,-0.00045021067177659045,0,0.2625691868963255,0.2627823105923084,-7.561493046355565,-7.561493046355565,0.26075679785271716,0.2607767570424623,1.6122647497376263,0.5374215832457844,0,-2
2023-06-13 17:08:00,2023-06-13 17:08:59,0.2649,0.2646,0.2645,0.2655,0.2646842159772208,0.264875,0.2645,0.2655,True,0.0010480889472923903,-0.0004546579774721102,0,0.26267574874431693,0.2628724119525682,-8.261863462643177,-8.261863462643177,0.26079777498851103,0.26081479926094525,7.661090888085346,3.0911185459409762,0,-2
2023-06-13 17:09:00,2023-06-13 17:09:59,0.2646,0.2649,0.2642,0.2649,0.26477960798861044,0.26465000000000005,0.2642,0.2649,True,0.001023225451057222,-0.00042592462820908116,0,0.2627740803484425,0.2629555455315544,-6.784466786780136,-6.784466786780136,0.2608361055856403,0.26085544802451793,11.49807395418261,6.923809864001922,0,-2
2023-06-13 17:10:00,2023-06-13 17:10:59,0.2648,0.2653,0.2647,0.2654,0.26471480399430525,0.26505,0.2647,0.2654,True,0.0010001379188388515,-0.0003694765085182779,0,0.26286481293999847,0.2630353673679669,-3.3724347536070525,-3.3724347536070525,0.26087803488329564,0.2608996724222839,19.958694114351424,13.039286318873188,0,-1
2023-06-13 17:11:00,2023-06-13 17:11:59,0.2653,0.2652,0.2649,0.2654,0.26488240199715263,0.2652,0.2649,0.2654,True,0.0009644137817789335,-0.00033132683404143537,0,0.2629500901539827,0.2631130633429951,-1.7925677564159699,-0.0,0.26092103951132256,0.2609424617514154,26.265307137581647,19.240691735371954,0,-2
2023-06-13 17:12:00,2023-06-13 17:12:59,0.2652,0.2654,0.2646,0.2655,0.2650412009985763,0.265175,0.2646,0.2655,True,0.0009598127973661533,-0.0002856081367381433,0,0.26303157674848887,0.263188381008803,0.6480619339981573,0.0,0.26096336747638404,0.2609868153658292,34.57443922205885,26.932813491330702,0,-1
2023-06-13 17:13:00,2023-06-13 17:13:59,0.2655,0.2653,0.2652,0.2655,0.2651081004992881,0.26537499999999997,0.2652,0.2655,True,0.0009126833118400012,-0.00025715364025094166,0,0.2631099788786459,0.2632626816684438,1.3710956916772759,0.0,0.26100726431741506,0.2610297326258707,43.72329556480241,34.8543473081477,0,-2
2023-06-13 17:14:00,2023-06-13 17:14:59,0.2653,0.2653,0.2652,0.2655,0.265241550249644,0.265325,0.2652,0.2655,True,0.0008689202181371456,-0.00023386154137405542,0,0.2631863302735448,0.26333532879726257,1.8531181967966859,0.0,0.26105022686152035,0.26107222284849885,53.720530128327,44.006088305062825,0,-2
2023-06-13 17:15:00,2023-06-13 17:15:59,0.2653,0.2652,0.2649,0.2657,0.26528327512482197,0.265275,0.2649,0.2657,True,0.0008639973454130616,-0.00022142818638517278,0,0.2632608295354037,0.26340583259990197,1.0175812537978146,0.0,0.2610922644051868,0.2611132952579665,63.27130985650401,53.57171184987788,0,-2
2023-06-13 17:16:00,2023-06-13 17:16:59,0.2652,0.2635,0.2631,0.2653,0.26527913756241095,0.264275,0.2631,0.2653,True,0.0009594261064549842,-0.00032592634430314484,0,0.26333333106765283,0.26346730415223796,-8.96036225061733,-8.96036225061733,0.2611239334160805,0.26113704356385736,44.04956860385377,53.68046952956166,0,-2
2023-06-13 17:17:00,2023-06-13 17:17:59,0.2636,0.264,0.2636,0.2643,0.26477706878120544,0.263875,0.2636,0.26477706878120544,True,0.0009480385274224831,-0.00034994328332167354,0,0.26340031760994537,0.26351849836478214,-11.18899614522008,-11.18899614522008,0.2611513072129354,0.2611655306925752,21.696894878751237,43.00592444636974,0,-2
2023-06-13 17:18:00,2023-06-13 17:18:59,0.2639,0.2639,0.2634,0.264,0.26432603439060276,0.26380000000000003,0.2634,0.26432603439060276,True,0.0009231786326065907,-0.0003614198602332225,0,0.2634594079873637,0.26356073532893076,-13.118959399580682,-13.118959399580682,0.26117766236504547,0.26119273934240034,-2.368475785867001e-13,21.91548782753499,-1,-2
2023-06-13 17:19:00,2023-06-13 17:19:59,0.264,0.2643,0.2639,0.2646,0.2640630171953014,0.2642,0.2639,0.2646,True,0.0009072373017061184,-0.0003293976467453575,0,0.2635100716581472,0.26359837482331927,-10.901038885038282,-10.901038885038282,0.26120773537633857,0.26122365735889386,9.9561108930774,10.551001923942865,0,-2
2023-06-13 17:20:00,2023-06-13 17:20:59,0.2644,0.265,0.2644,0.2656,0.26413150859765067,0.26485000000000003,0.2644,0.2656,True,0.000935291780155683,-0.00024958064505502275,0,0.26355422324073324,0.2636365961417259,-4.756230639697577,-4.756230639697577,0.26124397681538,0.2612612329075616,33.91803342260814,14.624714771895166,0,-1
2023-06-13 17:21:00,2023-06-13 17:21:59,0.2651,0.2655,0.2651,0.2656,0.26449075429882535,0.265325,0.2651,0.2656,True,0.0009113423672874191,-0.00015575327728022407,0,0.2635954096912296,0.2636782723005282,1.8211640012753634,0.0,0.2612845840112468,0.261303409694551,66.66370409706643,36.84594947091739,1,-1
2023-06-13 17:22:00,2023-06-13 17:22:59,0.2655,0.2672,0.2655,0.2681,0.26490787714941266,0.266575,0.2655,0.2681,True,0.0010319607696240313,2.545956907896486e-05,0,0.26363684099587886,0.263730958866031,11.073572342901386,0.0,0.2613372249663588,0.26136208223490376,90.04092653732214,63.54088801899897,0,-1
2023-06-13 17:23:00,2023-06-13 17:23:59,0.2672,0.2706,0.2665,0.2741,0.26574143857470633,0.2696,0.2665,0.2741,True,0.0015011064289366,0.00037156357735726605,0,0.2636838999309549,0.26381270723327227,20.646505275830563,20.646505275830563,0.26141944163336023,0.26145400181465595,99.41233734112473,85.3723226585045,0,2
2023-06-13 17:24:00,2023-06-13 17:24:59,0.2705,0.271,0.27,0.2734,0.2676707192873532,0.27122500000000005,0.27,0.2734,True,0.0016367416840125542,0.0006024144857416104,0,0.2637483035821136,0.26392792450879654,27.252869246976076,27.252869246976076,0.2615170093783019,0.2615489868712265,99.99999999999977,96.48442129281561,0,2
2023-06-13 17:25:00,2023-06-13 17:25:59,0.271,0.2703,0.2691,0.2711,0.2694478596436766,0.27037500000000003,0.2691,0.2711,True,0.0016626887065830862,0.0006719738969434461,0,0.26383811404545504,0.2640628696742004,27.988651601062756,27.988651601062756,0.26160514858846806,0.26163606162872677,94.27814093590216,97.89682609234228,0,2
2023-06-13 17:26:00,2023-06-13 17:26:59,0.2703,0.2702,0.269,0.2714,0.26991142982183836,0.270225,0.269,0.2714,True,0.0017153537989700056,0.000674176099019866,0,0.2639504918598277,0.26421139171918084,27.938083346199292,27.938083346199292,0.26169091825425445,0.26172127494585384,87.57801553687726,93.95205215759313,0,2
2023-06-13 17:27:00,2023-06-13 17:27:59,0.2701,0.2691,0.2689,0.2703,0.27006821491091915,0.2696,0.2689,0.2703,True,0.0016928285276150061,0.0005630588048191431,0,0.26408094178950425,0.2643652957530904,22.393855082812948,22.393855082812948,0.2617696155850579,0.26179469509564635,76.84841525102648,86.2348572412687,0,1
2023-06-13 17:28:00,2023-06-13 17:28:59,0.2691,0.2691,0.2684,0.2697,0.26983410745545955,0.269075,0.2684,0.26983410745545955,True,0.0016647693470710748,0.0004581752187979263,0,0.26422311877129734,0.2645187790610701,18.69770290722205,18.69770290722205,0.2618423059772464,0.2618673846966847,68.63472960285205,77.68705346358533,0,1
2023-06-13 17:29:00,2023-06-13 17:29:59,0.269,0.2683,0.2675,0.269,0.26945455372772975,0.26844999999999997,0.2675,0.26945455372772975,True,0.001660142965137426,0.00030642579087607246,0,0.2643709489161837,0.26466658990518394,12.515321733983349,0.0,0.2619080541764778,0.2619313908191057,57.789190117234206,67.75744499037098,0,1
2023-06-13 17:30:00,2023-06-13 17:30:59,0.2683,0.2665,0.2659,0.2683,0.26895227686386486,0.26725,0.2659,0.26895227686386486,True,0.0017129898961990354,6.211768554086365e-05,0,0.2645187694106838,0.2648006873628641,2.886622018568005,0.0,0.2619612078662641,0.2619768496169256,44.87987455759252,57.101264759226325,0,1
2023-06-13 17:31:00,2023-06-13 17:31:59,0.2664,0.2661,0.266,0.2666,0.2681011384319324,0.266275,0.266,0.2681011384319324,True,0.0016334906178991034,-0.00013516491945880543,0,0.26465972838677393,0.2649163785869185,-4.4377537297148635,-4.4377537297148635,0.2620041311710774,0.2620178759888965,30.961776435239045,44.54361370335533,0,1
2023-06-13 17:32:00,2023-06-13 17:32:59,0.2661,0.2647,0.2647,0.2662,0.26718806921596616,0.26542499999999997,0.2647,0.26718806921596616,True,0.0016239555737634533,-0.0003615372637404393,0,0.2647880534868462,0.26501095278502024,-11.930484671642994,-11.930484671642994,0.2620381696668876,0.26204456379000196,15.174107986548448,30.338586326460074,0,-2
2023-06-13 17:33:00,2023-06-13 17:33:59,0.2648,0.265,0.2638,0.2652,0.26630653460798304,0.26470000000000005,0.2638,0.26630653460798304,True,0.0016079587470660647,-0.00047939166520438573,0,0.2648995031359332,0.2650832782494947,-15.357981381909639,-15.357981381909639,0.2620646555408489,0.2620739711154746,5.479690498707583,17.205191640165094,0,-2
2023-06-13 17:34:00,2023-06-13 17:34:59,0.2649,0.265,0.2648,0.2659,0.26550326730399154,0.26515,0.2648,0.2659,True,0.0015716759794184919,-0.0005415832208540015,0,0.26499139069271394,0.2651406783784755,-17.64297918875407,-17.64297918875407,0.26209535548571605,0.2621030858307435,2.230027675241649,7.6279420534992965,0,-2
2023-06-13 17:35:00,2023-06-13 17:35:59,0.2651,0.265,0.2649,0.2658,0.26532663365199577,0.2652,0.2649,0.2658,True,0.0015236991237457392,-0.0005641105512894552,0,0.2650660345355947,0.26518627691310376,-19.166311059983688,-19.166311059983688,0.2621262474709328,0.262131910847353,4.713309494857012,4.141009222935485,-1,-2
2023-06-13 17:36:00,2023-06-13 17:36:59,0.2649,0.2659,0.2645,0.266,0.2652633168259979,0.26532500000000003,0.2645,0.266,True,0.0015220063291924723,-0.0004973470322178574,0,0.2651261557243492,0.26522312874799564,-14.388400527389386,-14.388400527389386,0.2621580758543066,0.26216940427175744,7.864927851585107,4.9360883405613265,0,-1
2023-06-13 17:37:00,2023-06-13 17:37:59,0.2658,0.2646,0.2646,0.2665,0.26529415841299897,0.26537499999999997,0.2646,0.2665,True,0.0015490058771072967,-0.0005258969390032968,0,0.26517464223617243,0.26525318445506835,-15.635176655880485,-15.635176655880485,0.26219008504978614,0.26219358930387926,9.068506557895795,7.215581301446041,0,-2
2023-06-13 17:38:00,2023-06-13 17:38:59,0.2646,0.2649,0.2646,0.2654,0.2653345792064995,0.264875,0.2646,0.2654,True,0.00149550545731392,-0.0005042151678520902,0,0.2652139133456204,0.2652742527770685,-14.75463352004661,-14.75463352004661,0.26221680062143005,0.26222051876354213,8.002021395325977,8.311818601602363,0,-2
2023-06-13 17:39:00,2023-06-13 17:39:59,0.265,0.2648,0.2646,0.2655,0.2651047896032498,0.264975,0.2646,0.2655,True,0.0014529693532200694,-0.0004776359094777983,0,0.26524408306134445,0.2652887868228486,-14.528633112340302,-14.528633112340302,0.2622442453913661,0.2622461852435069,7.106696808737447,8.059074920653144,0,-2
2023-06-13 17:40:00,2023-06-13 17:40:59,0.2649,0.2647,0.2645,0.2653,0.26503989480162493,0.26485000000000003,0.2645,0.2653,True,0.0014063286851329192,-0.0004483038164186458,0,0.26526643494209656,0.2652972190350642,-14.784251405533183,-14.784251405533183,0.2622701732979197,0.2622706013107357,5.4362163894074085,6.848311531157015,0,-2
2023-06-13 17:41:00,2023-06-13 17:41:59,0.2647,0.2644,0.2642,0.2649,0.2649449474008125,0.26455,0.2642,0.2649449474008125,True,0.0013558766361948561,-0.00043149124369824045,0,0.2652818269885804,0.2652987310578201,-16.213859304024282,-16.213859304024282,0.26229285814072645,0.26229178935739506,4.019419732361862,5.52077764350231,0,-2
2023-06-13 17:42:00,2023-06-13 17:42:59,0.2644,0.2646,0.2643,0.2646,0.26474747370040624,0.264475,0.2643,0.26474747370040624,True,0.0012804568764666537,-0.0003885375845455612,0,0.26529027902320024,0.2652942698129036,-15.32257607977693,-15.32257607977693,0.26231457099504757,0.2623147566274707,1.7631259622222977,3.7395873613305937,0,-1
2023-06-13 17:43:00,2023-06-13 17:43:59,0.2645,0.2648,0.2642,0.2649,0.26461123685020316,0.2646,0.2642,0.2649,True,0.0012389956710047525,-0.0003299770973357447,0,0.2652922744180519,0.2652859940141587,-12.870993277949488,-12.870993277949488,0.2623373115821615,0.2623394854172471,3.1597206399334112,2.980755444839261,0,-1
2023-06-13 17:44:00,2023-06-13 17:44:59,0.2647,0.2652,0.2647,0.2654,0.26460561842510155,0.265,0.2647,0.2654,True,0.0012004959802187011,-0.0002497025405591038,0,0.2652891342161053,0.2652775161965248,-7.8768996327873,-7.8768996327873,0.2623638059942793,0.2623679482489163,24.83506444355079,9.919303681902237,0,-1
2023-06-13 17:45:00,2023-06-13 17:45:59,0.2653,0.2646,0.2645,0.2658,0.2648028092125508,0.26505,0.2645,0.2658,True,0.0012076034102030775,-0.00022715708781885377,0,0.26528332520631503,0.26526928054801696,-8.688095550737742,-8.688095550737742,0.26239053429284365,0.2623901577190763,58.16839777688413,28.721060953456185,0,-1
2023-06-13 17:46:00,2023-06-13 17:46:59,0.2647,0.2642,0.2639,0.2647,0.26492640460627537,0.26437499999999997,0.2639,0.26492640460627537,True,0.0011784888809028553,-0.00022886235844349245,0,0.265276302877166,0.2652566608484335,-11.34771943351356,-11.34771943351356,0.262410280220278,0.262408166099981,58.202566657480155,47.06867629263843,0,-2
2023-06-13 17:47:00,2023-06-13 17:47:59,0.2642,0.2641,0.2639,0.2643,0.2646507023031377,0.264125,0.2639,0.2646507023031377,True,0.001122882532266934,-0.0002252248195201193,0,0.2652664818627998,0.2652389608733005,-13.630174135963777,-13.630174135963777,0.26242734210863344,0.2624250002681404,36.527222853862774,50.966062429409085,0,-2
2023-06-13 17:48:00,2023-06-13 17:48:59,0.2641,0.2639,0.2638,0.2643,0.2643878511515688,0.264025,0.2638,0.2643878511515688,True,0.0010783909228192958,-0.000224785737608783,-1,0.26525272136805017,0.2652166964958061,-16.202641740067477,-16.202641740067477,0.2624432392020799,0.2624396768823878,3.1938895205294386,32.64122634395753,0,-2
2023-06-13 17:49:00,2023-06-13 17:49:59,0.264,0.2648,0.264,0.265,0.26420642557578444,0.26444999999999996,0.264,0.265,True,0.0010799344283322027,-0.0001506387013981966,0,0.26523470893192813,0.2651939072415125,-9.62611074577169,-9.62611074577169,0.26246320697121345,0.26246316268455305,21.41355963693539,20.378224003775937,0,-1
2023-06-13 17:50:00,2023-06-13 17:50:59,0.2648,0.2648,0.2647,0.2655,0.2643282127878922,0.26495,0.2647,0.2655,True,0.0010599391120227613,-9.363461194990985e-05,0,0.2652143080867203,0.2651742916382761,-5.241756749574499,-0.0,0.2624879511804551,0.2624864147971446,54.746892970268725,26.451447375911254,0,-1
2023-06-13 17:51:00,2023-06-13 17:51:59,0.2648,0.2645,0.2645,0.2648,0.2646391063939461,0.26465,0.2645,0.2648,True,0.0010056577468782759,-7.069188538443873e-05,0,0.2651942998624982,0.2651552509376953,-4.8766641730481695,-0.0,0.26250946410403264,0.26250645047080484,79.44301023716663,51.867820948123644,0,-1
2023-06-13 17:52:00,2023-06-13 17:52:59,0.2646,0.2642,0.2641,0.2646,0.26464455319697305,0.26437499999999997,0.2641,0.26464455319697305,True,0.0009695393363869705,-7.068553889534997e-05,0,0.26517477540009676,0.26513490670902057,-6.876695704576363,-0.0,0.26252802665026115,0.2625233017099013,75.07053267518405,69.75347862753988,0,-1
2023-06-13 17:53:00,2023-06-13 17:53:59,0.2642,0.2642,0.2641,0.2643,0.2645097765984865,0.2642,0.2641,0.2645097765984865,True,0.0009145722409307568,-6.482171567122932e-05,0,0.26515484105455867,0.26511247510044805,-8.210050058928488,-0.0,0.26254466320100484,0.2625399852749769,53.965977894001405,69.49317360211744,0,-1
2023-06-13 17:54:00,2023-06-13 17:54:59,0.2642,0.2639,0.2639,0.2642,0.26435488829924325,0.26405,0.2639,0.26435488829924325,True,0.0008706742237214146,-7.589972532210868e-05,0,0.2651336580775034,0.2650875248281726,-11.374381716274499,-11.374381716274499,0.2625596416766167,0.262553517759803,37.335111145700445,55.457207238295375,0,-2
2023-06-13 17:55:00,2023-06-13 17:55:59,0.264,0.264,0.2638,0.2641,0.26420244414962163,0.263975,0.2638,0.26420244414962163,True,0.0008299117791698866,-6.988127918158003e-05,0,0.265110591452838,0.2650602481998928,-12.011633822620048,-12.011633822620048,0.2625737248440136,0.2625679106179144,26.21955570074998,39.17354824681735,0,-1
2023-06-13 17:56:00,2023-06-13 17:56:59,0.264,0.2639,0.2638,0.2641,0.2640887220748108,0.26395,0.2638,0.2641,True,0.0007920609378006106,-6.667986079006872e-05,0,0.2650854198263654,0.26503115563526164,-13.324985323130115,-13.324985323130115,0.26258741912417266,0.2625811652386317,19.164753663055894,27.57314016983551,0,-1
2023-06-13 17:57:00,2023-06-13 17:57:59,0.264,0.2649,0.264,0.2651,0.2640193610374054,0.2645,0.264,0.2651,True,0.0008211994422434227,1.0093962281306531e-05,0,0.2650582877308135,0.2650046065620082,-3.9649575973191062,-0.0,0.26260644977965353,0.26260423822133183,40.633993118946215,28.672767494250767,0,-1
2023-06-13 17:58:00,2023-06-13 17:58:59,0.2649,0.265,0.2649,0.2653,0.26425968051870274,0.265025,0.2649,0.2653,True,0.0007911137677974607,6.925684356727296e-05,0,0.26503144714641086,0.26498384421059934,2.8967220169341488,0.0,0.2626305149559754,0.2626280766469902,68.04179982227697,42.61351553475976,0,-1
2023-06-13 17:59:00,2023-06-13 17:59:59,0.265,0.2646,0.2646,0.2651,0.2646423402593514,0.264825,0.2646,0.2651,True,0.0007703199272404992,7.997863256602275e-05,0,0.2650076456785051,0.26496640802511207,2.973282684479301,0.0,0.26265235062805525,0.2626476977748809,91.1233241162458,66.59970568582307,0,-1
2023-06-13 18:00:00,2023-06-13 18:00:59,0.2647,0.2637,0.2636,0.2647,0.2647336701296757,0.264175,0.2636,0.2647336701296757,True,0.0007938685038661771,2.448409442065225e-05,0,0.2649870268518086,0.2649472504929695,-3.2363721645164034,-0.0,0.2626675013680746,0.26265816844378753,75.04646250123655,78.07052881325318,0,-2
2023-06-13 18:01:00,2023-06-13 18:01:59,0.2636,0.2633,0.2628,0.2638,0.26445433506483784,0.26337499999999997,0.2628,0.26445433506483784,True,0.0008085921821614502,-3.708399449123094e-05,0,0.2649671386723891,0.26492138032277174,-9.19227414215404,-9.19227414215404,0.26267454115545696,0.26266455482743145,41.71312916790322,69.29430526179526,0,-2
2023-06-13 18:02:00,2023-06-13 18:02:59,0.2633,0.2635,0.2632,0.264,0.2639146675324189,0.26349999999999996,0.2632,0.264,True,0.0008079784548642054,-5.861113591574125e-05,0,0.26494425949758044,0.2648912603752385,-11.102951891697813,-11.102951891697813,0.2626827546762982,0.2626728677147207,16.814033179445047,44.524541616195,0,-2
2023-06-13 18:03:00,2023-06-13 18:03:59,0.2634,0.2636,0.2632,0.2637,0.2637073337662094,0.263475,0.2632,0.2637073337662094,True,0.0007859799938024764,-6.0045505535980535e-05,0,0.2649177599364095,0.26485782967640714,-11.304134662864435,-11.304134662864435,0.262690637714345,0.26268209291158917,6.2726913346229125,21.59995122732379,0,-1
2023-06-13 18:04:00,2023-06-13 18:04:59,0.2636,0.264,0.2635,0.2642,0.2635911668831047,0.26382500000000003,0.2635,0.2642,True,0.0007798385656737265,-2.7755420781414995e-05,0,0.26488779480640834,0.2648244231421546,-7.485335596818722,-0.0,0.2627019249012669,0.2626952064149564,19.035672848093654,14.040799120720601,0,-1
2023-06-13 18:05:00,2023-06-13 18:05:59,0.2642,0.263,0.2629,0.2643,0.2637080834415524,0.2636,0.2629,0.2643,True,0.000824135810982743,-7.106588782693842e-05,0,0.26485610897428147,0.264789721097917,-11.053025629074554,-11.053025629074554,0.2627108609719011,0.2626982391869469,23.935369712810843,16.414577965175866,0,-2
2023-06-13 18:06:00,2023-06-13 18:06:59,0.263,0.2632,0.2626,0.2632,0.2636540417207762,0.263,0.2626,0.2636540417207762,True,0.0008081261101982606,-7.890813410716345e-05,0,0.2648229150360992,0.2647501205444063,-11.597529716015138,-11.597529716015138,0.2627137379771558,0.2627032318318529,21.01908319815494,21.33004191968654,0,-2
2023-06-13 18:07:00,2023-06-13 18:07:59,0.2632,0.2637,0.263,0.2637,0.2633270208603881,0.26339999999999997,0.263,0.2637,True,0.0008004028166126691,-4.2766730869252126e-05,0,0.26478651779025275,0.2647096794873925,-7.888307637645127,-0.0,0.26272056645499503,0.26271314992307826,18.716623547933352,21.22369215296644,0,-1
2023-06-13 18:08:00,2023-06-13 18:08:59,0.2637,0.2646,0.2637,0.2648,0.263363510430194,0.2642,0.2637,0.2648,True,0.0008218026154260492,4.7687167635658426e-05,0,0.2647480986388226,0.2646743430154904,-0.4316543528457828,-0.0,0.2627352871867861,0.2627319245507093,38.61997764119743,26.11856146242864,0,-1
2023-06-13 18:09:00,2023-06-13 18:09:59,0.2647,0.2649,0.2647,0.2653,0.263781755215097,0.2649,0.2647,0.2653,True,0.0008131024286099013,0.00012797384777193265,0,0.2647112208271565,0.26464807060954704,5.793770164054401,5.793770164054401,0.2627568266177634,0.262753497440752,71.95331097453077,43.09663738788725,0,-1
2023-06-13 18:10:00,2023-06-13 18:10:59,0.2649,0.2649,0.2648,0.2653,0.26434087760754854,0.26497499999999996,0.2648,0.2653,True,0.0007907379694234798,0.00017730203643797086,0,0.26467964571835173,0.26462962924288114,9.944053175321194,9.944053175321194,0.26277889799470106,0.2627748556751724,94.82612244461495,68.46647035344778,0,-1
2023-06-13 18:11:00,2023-06-13 18:11:59,0.2649,0.2649,0.2647,0.2651,0.26465793880377425,0.2649,0.2647,0.2651,True,0.0007628281144646606,0.00020411040494573663,0,0.2646546374806164,0.26461696525613815,12.710908516165723,12.710908516165723,0.2628000034872911,0.26279600138984727,98.6574665841534,88.47896666776643,0,-1
2023-06-13 18:12:00,2023-06-13 18:12:59,0.2648,0.2649,0.2647,0.2651,0.26477896940188717,0.26487499999999997,0.2647,0.2651,True,0.0007369118205743286,0.00021482213782638668,0,0.2646358013683773,0.26460876520306853,14.555478743395412,14.555478743395412,0.26282065021876083,0.26281693669940104,96.84253806237996,96.77537569704948,0,2
2023-06-13 18:13:00,2023-06-13 18:13:59,0.2649,0.2649,0.2648,0.265,0.26482698470094357,0.2649,0.2648,0.265,True,0.0006985609762475932,0.00021429523805338108,0,0.2646222832857229,0.2646043074240441,15.785192228215209,15.785192228215209,0.2628413402663354,0.26283766369741696,95.43582440108507,96.97860968253953,1,2
2023-06-13 18:14:00,2023-06-13 18:14:59,0.2649,0.2649,0.2649,0.265,0.2648634923504718,0.264925,0.2649,0.265,True,0.0006558066208013358,0.00020617600517804546,0,0.2646132953548835,0.2646029980753848,16.60500121809507,16.60500121809507,0.2628620731990087,0.26285818445664666,95.80617810508272,96.02818018951598,0,2
2023-06-13 18:15:00,2023-06-13 18:15:59,0.2649,0.2646,0.2646,0.2653,0.26489424617523594,0.26485000000000003,0.2646,0.2653,True,0.0006589632907440959,0.00017260459106257874,0,0.2646081467151341,0.2646036619118579,11.684635104409331,11.684635104409331,0.2628818535651877,0.26287551595459047,94.9255607682161,95.38918775812802,0,1
2023-06-13 18:16:00,2023-06-13 18:16:59,0.2644,0.2645,0.2643,0.2646,0.264872123087618,0.26445,0.2643,0.264872123087618,True,0.0006333230556909479,0.00013751733290792004,0,0.264605904313496,0.2646031302708523,6.888844892001323,6.888844892001323,0.2628974570123002,0.2628916799749428,84.8817751541978,91.87117134249893,0,1
2023-06-13 18:17:00,2023-06-13 18:17:59,0.2646,0.2641,0.2641,0.2646,0.264661061543809,0.26435,0.2641,0.264661061543809,True,0.0006237999802844518,8.222943479704859e-05,0,0.26460451729217416,0.2646009749632966,-0.978908147350495,-0.0,0.26291191017635696,0.26290370305976923,72.33308585896118,84.04680726045841,0,-2
2023-06-13 18:18:00,2023-06-13 18:18:59,0.2642,0.2636,0.2632,0.2642,0.2645055307719045,0.26380000000000003,0.2632,0.2645055307719045,True,0.0006506714102641339,9.372123364692544e-06,0,0.2646027461277354,0.26459378253444366,-9.637590840187883,-9.637590840187883,0.2629207468910201,0.26291063138753273,51.14504873737028,69.45330325017646,-1,-2
2023-06-13 18:19:00,2023-06-13 18:19:59,0.2636,0.2631,0.263,0.2638,0.2641527653859522,0.26337499999999997,0.263,0.2641527653859522,True,0.0006613377381024078,-7.158850845014449e-05,0,0.2645982643310895,0.2645797577403077,-17.48133675468,-17.48133675468,0.2629252668224527,0.2629125156523334,31.974971192594648,51.817701929642084,0,-2
2023-06-13 18:20:00,2023-06-13 18:20:59,0.2631,0.264,0.263,0.264,0.2637638826929761,0.263525,0.263,0.264,True,0.0006855278996665216,-5.803633861295771e-05,0,0.2645890110356986,0.26456147916145756,-12.506857215529259,-12.506857215529259,0.26293123431675663,0.2629233363921112,16.191760137034933,33.103926689,0,-1
2023-06-13 18:21:00,2023-06-13 18:21:59,0.2641,0.2642,0.2641,0.2643,0.26364444134648807,0.264175,0.2641,0.2643,True,0.000657990192547482,-3.189246082091734e-05,0,0.26457524509857805,0.2645444366497285,-7.624723243290248,-0.0,0.26294361009469935,0.2629360395125877,26.259727811043916,24.80881971355788,0,-1
2023-06-13 18:22:00,2023-06-13 18:22:59,0.2641,0.2646,0.2639,0.2646,0.26390972067324403,0.2643,0.2639,0.2646,True,0.0006609908930798031,1.4984889904388248e-05,0,0.26455984087415324,0.26452934186502425,-1.5522884180023198,-0.0,0.26295710651166754,0.262952596333358,45.726648967213436,29.392712305097476,0,-1
2023-06-13 18:23:00,2023-06-13 18:23:59,0.2647,0.2638,0.2638,0.2647,0.264104860336622,0.26425,0.2638,0.2647,True,0.0006780629721455324,-9.147811212423772e-06,0,0.26454459136958874,0.2645155410526069,-3.5167147928485463,-0.0,0.26296997112349174,0.262961028210638,62.77621847061116,44.92086508295622,0,-2
2023-06-13 18:24:00,2023-06-13 18:24:59,0.2639,0.2645,0.2639,0.2645,0.26417743016831097,0.2642,0.2639,0.2645,True,0.0006796299027065682,2.476490246667364e-05,0,0.2645300662110978,0.2645025106287475,-0.2662661633203456,-0.0,0.26298221021679036,0.2629763413627709,63.83525460862274,57.44604068214915,0,-1
2023-06-13 18:25:00,2023-06-13 18:25:59,0.2645,0.2648,0.2645,0.265,0.2641887150841555,0.26470000000000005,0.2645,0.265,True,0.0006667991953703848,6.721413815476363e-05,0,0.2645162884199227,0.2644936066715152,3.4924456259620626,3.4924456259620626,0.2629993026524442,0.2629944872198578,73.90007961697718,66.8371842320704,0,-1
2023-06-13 18:26:00,2023-06-13 18:26:59,0.2648,0.2641,0.2641,0.2648,0.26444435754207773,0.26444999999999996,0.2641,0.2648,True,0.0006691706814153559,4.4595446652641714e-05,0,0.26450494754571896,0.2644862973352276,1.2391867066238618,0.0,0.26301373745192236,0.2630054873470234,78.73000481225908,72.15511301261971,0,-2
2023-06-13 18:27:00,2023-06-13 18:27:59,0.2641,0.264,0.2639,0.2642,0.26444717877103885,0.26405,0.2639,0.26444717877103885,True,0.0006428013470285423,2.199392968496171e-05,0,0.26449562244047325,0.26447754917965827,-0.8638045329294997,-0.0,0.26302404852205247,0.26301538299531174,74.82945011617348,75.81984484846994,0,-2
2023-06-13 18:28:00,2023-06-13 18:28:59,0.264,0.2644,0.264,0.2646,0.26424858938551943,0.26425,0.264,0.2646,True,0.0006397441079550743,3.4668084394892144e-05,0,0.26448658581006573,0.26446910046589334,0.6017454992604101,0.0,0.26303624704422107,0.26302916027894047,64.86728721691546,72.80891404844938,0,-1
2023-06-13 18:29:00,2023-06-13 18:29:59,0.2643,0.2638,0.2638,0.2643,0.2642492946927597,0.26405,0.2638,0.2643,True,0.0006369052431011436,9.519675055331934e-07,0,0.2644778431379795,0.2644595732592352,-2.3375403066223726,-0.0,0.2630463341383084,0.2630368303259162,56.48088414079078,65.39254049129327,0,-2
2023-06-13 18:30:00,2023-06-13 18:30:59,0.2639,0.2635,0.2635,0.264,0.26414964734637986,0.26372500000000004,0.2635,0.26414964734637986,True,0.0006271262971653477,-4.067322090445236e-05,0,0.26446870819860735,0.2644470324686811,-5.917728207272141,-0.0,0.2630530870324546,0.26304143897938964,50.07041645318591,57.13952927029743,0,-2
2023-06-13 18:31:00,2023-06-13 18:31:59,0.2635,0.2632,0.2632,0.2635,0.26393732367318995,0.26335,0.2632,0.26393732367318995,True,0.0006037601330821102,-8.547657489810226e-05,0,0.26445787033364426,0.2644296322066931,-9.812461810339315,-9.812461810339315,0.2630560413903406,0.26304301670098773,30.54156438393306,45.6976216593033,0,-2
2023-06-13 18:32:00,2023-06-13 18:32:59,0.2633,0.2635,0.2632,0.2636,0.26364366183659493,0.26339999999999997,0.2632,0.26364366183659493,True,0.0005892058378619602,-8.904072033892867e-05,0,0.26444375127016867,0.2644088684861454,-9.520490075455143,-9.520490075455143,0.2630594638640686,0.2630475637984903,17.285622270018,32.63253436904571,0,-2
2023-06-13 18:33:00,2023-06-13 18:33:59,0.2635,0.2631,0.2629,0.2635,0.26352183091829745,0.26325,0.2629,0.26352183091829745,True,0.0005899768494432481,-0.0001136370595644109,0,0.264426309878157,0.26438456999270465,-11.655341932782392,-11.655341932782392,0.26306135974601813,0.26304808555173914,7.019890488585506,18.282359047512234,0,-2
2023-06-13 18:34:00,2023-06-13 18:34:59,0.2631,0.2628,0.2627,0.2631,0.2633859154591487,0.26292499999999996,0.2627,0.2633859154591487,True,0.000576407074483017,-0.00014368435772942506,0,0.2644054399354308,0.2643554254155861,-14.587238702424578,-14.587238702424578,0.26306000293262494,0.26304561703878654,4.266402779327911,9.523971845977185,0,-2
2023-06-13 18:35:00,2023-06-13 18:35:59,0.2629,0.263,0.2628,0.2631,0.2631554577295743,0.26295,0.2628,0.2631554577295743,True,0.0005566637120199459,-0.00014138650435614823,0,0.2643804326755084,0.26432283697208736,-14.286158874291083,-14.286158874291083,0.2630589083760814,0.2630451631379031,0.7623175623544164,4.016203610089325,0,-2
2023-06-13 18:36:00,2023-06-13 18:36:59,0.2631,0.2628,0.2626,0.2631,0.26305272886478714,0.2629,0.2626,0.2631,True,0.0005526163040185212,-0.0001454774256021036,0,0.26435163482379787,0.264287417686574,-15.336537234735871,-15.336537234735871,0.26305732719820996,0.26304272370369514,0.7623175623544164,1.930345968012295,0,-2
2023-06-13 18:37:00,2023-06-13 18:37:59,0.2628,0.2632,0.2627,0.2632,0.2629763644323936,0.26297499999999996,0.2627,0.2632,True,0.0005488579965886269,-0.00011213483989180038,0,0.2643195262551859,0.26425052725296005,-11.569177552924934,-11.569177552924934,0.26305650802210834,0.26304428864196683,3.306359457132968,1.6103315272806473,0,-1
2023-06-13 18:38:00,2023-06-13 18:38:59,0.2631,0.2636,0.2631,0.2636,0.26297568221619677,0.26335,0.2631,0.2636,True,0.0005453681396894392,-5.59042827733269e-05,0,0.26428502675407295,0.2642153045805061,-5.589170877263534,-0.0,0.26305942834029633,0.2630498181082159,16.940433027177722,7.00303668222175,0,-1
2023-06-13 18:39:00,2023-06-13 18:39:59,0.2636,0.2631,0.2631,0.2638,0.2631628411080984,0.26339999999999997,0.2631,0.2638,True,0.0005564132725687634,-4.902360216154554e-05,0,0.26425016566728954,0.2641819796663065,-5.813695003538243,-0.0,0.2630628171130297,0.26305031743052226,36.07615957397806,18.774317352762964,0,-1
2023-06-13 18:40:00,2023-06-13 18:40:59,0.2631,0.2628,0.2627,0.2631,0.2632814205540492,0.26292499999999996,0.2627,0.2632814205540492,True,0.0005452408959567098,-6.056373169067194e-05,0,0.26421607266679803,0.26414711850973216,-7.989038970292896,-7.989038970292896,0.2630614457984722,0.2630478267098206,41.386852107803634,31.467814902986518,0,-2
2023-06-13 18:41:00,2023-06-13 18:41:59,0.2628,0.263,0.2628,0.263,0.26310321027702455,0.2629,0.2628,0.26310321027702455,True,0.0005205808319598043,-4.911075676599573e-05,0,0.2641815955882651,0.26411111551675354,-7.360549406961326,-7.360549406961326,0.26305983937261673,0.2630473508221607,34.148843718653836,37.20395180014523,0,-1
2023-06-13 18:42:00,2023-06-13 18:42:59,0.263,0.263,0.2629,0.263,0.2630016051385123,0.262975,0.2629,0.2630016051385123,True,0.0004905393439626747,-3.6940356029053145e-05,0,0.2641463555525093,0.26407497514652334,-6.941556364740279,-0.0,0.2630589951997549,0.26304687966970136,27.98673194159623,34.50747592268461,0,-1
2023-06-13 18:43:00,2023-06-13 18:43:59,0.263,0.2628,0.2628,0.2631,0.26298830256925615,0.26292499999999996,0.2628,0.2631,True,0.0004769293908224852,-3.850651862691328e-05,0,0.2641106653495163,0.2640386315264174,-8.504599902865095,-8.504599902865095,0.26305766191418517,0.26304442315557497,33.79021064037649,31.975262100208898,0,-2
2023-06-13 18:44:00,2023-06-13 18:44:59,0.2628,0.263,0.2628,0.2631,0.2629566512846281,0.26292499999999996,0.2628,0.2631,True,0.0004642915771923092,-2.1392033209277953e-05,0,0.26407464843796685,0.264002377242139,-6.850037244015439,-0.0,0.26305634189513855,0.26304398113412647,40.29004102451123,34.02232786882803,0,-1
2023-06-13 18:45:00,2023-06-13 18:45:59,0.2631,0.2629,0.2628,0.2631,0.262940825642314,0.26297499999999996,0.2628,0.2631,True,0.0004525564645357173,-1.3504845263679049e-05,0,0.2640385128400529,0.26396678508870447,-6.877614721506205,-6.877614721506205,0.26305553252304764,0.2630425484860257,45.19309354947469,39.75778173812085,0,-1
2023-06-13 18:46:00,2023-06-13 18:46:59,0.2629,0.2632,0.2628,0.2633,0.262957912821157,0.26305,0.2628,0.2633,True,0.0004559452884974518,1.5513113910978562e-05,0,0.2640026489643787,0.26393247301532324,-2.9462756206160776,-0.0,0.26305547747306707,0.2630441151677568,55.88007557166006,47.121070048548695,0,-1
2023-06-13 18:47:00,2023-06-13 18:47:59,0.2631,0.2632,0.2629,0.2633,0.2630039564105785,0.263125,0.2629,0.2633,True,0.0004519491964619164,3.6293160294647306e-05,0,0.26396756098985097,0.26389991875504315,-0.3253828866893329,-0.0,0.2630561692395042,0.26304566626061493,73.09438256403749,58.05585056172412,0,-1
2023-06-13 18:48:00,2023-06-13 18:48:59,0.2633,0.2629,0.2628,0.2635,0.2630644782052892,0.263125,0.2628,0.2635,True,0.0004696671110003534,3.0183479492875017e-05,0,0.26393373987244706,0.26386897179022545,-2.7992203282533907,-0.0,0.2630568541226932,0.26304421684508644,86.09023538909315,71.68823117493027,0,-1
2023-06-13 18:49:00,2023-06-13 18:49:59,0.2629,0.2631,0.2629,0.2631,0.2630947391026446,0.263,0.2629,0.2631,True,0.0004504051745003266,4.119951424559024e-05,0,0.2639013558313362,0.26383864495658527,-1.4505487045390666,-0.0,0.2630562884100296,0.2630447719013542,83.68368706207146,80.95610167173407,0,-1
2023-06-13 18:50:00,2023-06-13 18:50:59,0.2631,0.2636,0.263,0.2636,0.2630473695513223,0.263325,0.263,0.2636,True,0.00046109051917887393,8.329741494051492e-05,0,0.26387000039396075,0.2638112442765386,4.623612782548385,4.623612782548385,0.2630589621571935,0.2630502965590522,86.14450027564295,85.3061409089359,0,-1
2023-06-13 18:51:00,2023-06-13 18:51:59,0.2636,0.2638,0.2635,0.264,0.26318618477566114,0.263725,0.2635,0.264,True,0.0004638697678089544,0.00012289315927476683,0,0.2638406223352497,0.2637890798009853,10.141586130151218,10.141586130151218,0.2630655893994105,0.263057756294783,88.60531348921445,86.144500275643,0,2
2023-06-13 18:52:00,2023-06-13 18:52:59,0.2638,0.2639,0.2637,0.264,0.26345559238783056,0.26385000000000003,0.2637,0.264,True,0.0004521647843940307,0.00015203563006247,0,0.26381485106811753,0.2637720475308603,14.528209054118904,14.528209054118904,0.2630733944800134,0.2630661368291633,99.99999999999972,91.58327125495242,0,2
2023-06-13 18:53:00,2023-06-13 18:53:59,0.264,0.2638,0.2637,0.264,0.2636527961939153,0.263875,0.2637,0.264,True,0.00044129587122303016,0.0001591487948890308,0,0.26379344929948895,0.2637593442682345,15.467533438034039,15.467533438034039,0.2630813706543416,0.26307343895026614,99.99999999999972,96.20177116307134,0,2
2023-06-13 18:54:00,2023-06-13 18:54:59,0.2638,0.2639,0.2637,0.264,0.26376389809695766,0.26385000000000003,0.2637,0.264,True,0.00043120330899281534,0.0001651544234082452,0,0.2637763967838617,0.26374996489496144,17.060649635126623,17.060649635126623,0.26308901870753226,0.2630816634383232,98.96269610392712,99.65423203464223,1,2
2023-06-13 18:55:00,2023-06-13 18:55:59,0.264,0.2641,0.264,0.2642,0.26380694904847884,0.264075,0.264,0.2642,True,0.00042183164406475477,0.00017676185831873463,0,0.2637631808394116,0.2637448105349063,19.865577646197238,19.865577646197238,0.2630988294666613,0.26309179614042943,98.96269610392712,99.3084640692847,0,2
2023-06-13 18:56:00,2023-06-13 18:56:59,0.264,0.2636,0.2634,0.264,0.2639409745242394,0.26375000000000004,0.2634,0.264,True,0.0004417008123458422,0.00014318129161702402,0,0.26375399568715896,0.2637407880762357,13.050717601377599,13.050717601377599,0.26310530877545074,0.26309685289525103,87.41791574582125,95.11443598455854,0,1
2023-06-13 18:57:00,2023-06-13 18:57:59,0.2636,0.2638,0.2633,0.264,0.26384548726211976,0.263675,0.2633,0.264,True,0.00046015075432114156,0.00012965923210603514,0,0.2637473918816973,0.2637371697900698,10.90399310663144,10.90399310663144,0.26311097734484923,0.2631038493838555,74.50948825366713,86.96336670113855,0,2
2023-06-13 18:58:00,2023-06-13 18:58:59,0.2638,0.2636,0.2634,0.2638,0.2637602436310599,0.26365,0.2634,0.2638,True,0.0004558542718696283,0.00010207246443492304,0,0.2637422808358836,0.26373372301046355,6.723115415918741,6.723115415918741,0.2631163407543532,0.2631087862059067,58.96999267305549,73.63246555751468,0,1
2023-06-13 18:59:00,2023-06-13 18:59:59,0.2636,0.2639,0.2636,0.2639,0.26370512181552996,0.26375000000000004,0.2636,0.2639,True,0.00044472182387894215,0.0001007500873191183,0,0.2637380019231736,0.263731121014098,7.512540012693535,7.512540012693535,0.26312264582147404,0.2631166589799773,57.49803362464832,63.659171517123696,0,2
2023-06-13 19:00:00,2023-06-13 19:00:59,0.2639,0.2637,0.2635,0.2641,0.263727560907765,0.26380000000000003,0.2635,0.2641,True,0.0004558131221733026,8.201761051885656e-05,0,0.2637345614686358,0.2637295450271543,5.231231847340922,5.231231847340922,0.2631293856640464,0.26312246336823625,60.09960753220154,58.855877943301834,0,1
2023-06-13 19:01:00,2023-06-13 19:01:59,0.2638,0.2636,0.2636,0.2639,0.2637637804538825,0.263725,0.2636,0.2639,True,0.00044468361344663976,5.959325784342277e-05,0,0.263732053247895,0.2637282730578305,2.3797184517432868,0.0,0.2631353121748519,0.2631272149765125,61.081008757515576,59.5595499714552,0,1
2023-06-13 19:02:00,2023-06-13 19:02:59,0.2636,0.2631,0.263,0.2636,0.26374439022694124,0.263325,0.263,0.26374439022694124,True,0.00045577764105759333,8.262935525792633e-06,0,0.26373016315286274,0.26372450474539316,-4.515377929717111,-4.515377929717111,0.26313719961589815,0.2631269441807263,45.01088481464297,55.39716703478675,0,1
2023-06-13 19:03:00,2023-06-13 19:03:59,0.2632,0.2639,0.2632,0.2639,0.2635346951134706,0.26355,0.2632,0.2639,True,0.000480364952410624,2.9678012309987545e-05,0,0.26372733394912795,0.26372034063837724,-0.43057136057815626,-0.0,0.26314130708240663,0.26313463627843053,32.4843717388755,46.1920884370114,0,2
2023-06-13 19:04:00,2023-06-13 19:04:59,0.2639,0.2644,0.2639,0.2644,0.26354234755673533,0.26415,0.2639,0.2644,True,0.0004817674558098652,7.654384080108779e-05,0,0.2637238372937526,0.26372001012778745,5.425267449567684,5.425267449567684,0.2631513438278553,0.26314722696222725,42.236880777310695,39.910712443609775,0,2
2023-06-13 19:05:00,2023-06-13 19:05:59,0.2644,0.264,0.2639,0.2647,0.26384617377836767,0.26425,0.2639,0.2647,True,0.0005044983518234439,7.592092407034476e-05,0,0.26372192371077,0.2637233862086248,5.392122365085562,5.392122365085562,0.26316227573006573,0.2631557122660857,69.08083386849303,47.93402879489313,0,2
2023-06-13 19:06:00,2023-06-13 19:06:59,0.264,0.2645,0.264,0.2648,0.2640480868891838,0.264325,0.264,0.2648,True,0.0005256056124074813,0.00010621338069173597,1,0.2637226549596974,0.26373017193121456,8.479213402244206,8.479213402244206,0.26317384512578645,0.2631690882634381,92.63975322450098,67.98582262343496,0,2
2023-06-13 19:07:00,2023-06-13 19:07:59,0.2645,0.2647,0.2645,0.2649,0.2641865434445919,0.26465000000000005,0.2645,0.2649,True,0.0005166337829498049,0.0001343886649206927,0,0.26372641344545594,0.26374182537708735,11.610521904030456,11.610521904030456,0.2631885332339876,0.2631843212160407,97.44533854136337,86.38864187811919,0,2
2023-06-13 19:08:00,2023-06-13 19:08:59,0.2647,0.2646,0.2642,0.2648,0.264418271722296,0.264575,0.2642,0.2648,True,0.0005225885127391037,0.00013913928098865827,0,0.2637341194112716,0.26375671668094197,12.525618973060801,12.525618973060801,0.26320232892320167,0.2631984075721,96.88262804128213,95.65590660238223,0,2
2023-06-13 19:09:00,2023-06-13 19:09:59,0.2646,0.2645,0.2645,0.265,0.264496635861148,0.26465000000000005,0.2645,0.265,True,0.0005209750475434535,0.00012830467286957162,0,0.2637454180461068,0.2637745695827353,11.879764570014963,11.879764570014963,0.263216733610533,0.2632113587405368,95.86304629803014,96.73033762689197,0,2
2023-06-13 19:10:00,2023-06-13 19:10:59,0.2646,0.2645,0.2644,0.2646,0.26457331793057404,0.264525,0.2644,0.2646,True,0.0004980482584332052,0.00011452785784809837,0,0.26375999381442106,0.26379377404858817,11.449194967984404,11.449194967984404,0.26322975118654757,0.263224181041626,89.6216338446564,94.12243606132297,0,1
2023-06-13 19:11:00,2023-06-13 19:11:59,0.2646,0.2646,0.2646,0.2649,0.264549158965287,0.264675,0.2646,0.2649,True,0.0004910448114022628,0.00010613752547463431,0,0.2637768839315046,0.26381494000679073,12.183587589647225,12.183587589647225,0.26324413177175604,0.2632378707825053,89.4384593616129,91.64104650143322,0,2
2023-06-13 19:12:00,2023-06-13 19:12:59,0.2646,0.2651,0.2645,0.2652,0.26461207948264354,0.26485000000000003,0.2645,0.2652,True,0.0005059701820163854,0.00012886171349856738,0,0.26379591196914765,0.26383870572683843,16.52732813818588,16.52732813818588,0.2632601105600968,0.26325639943143564,90.76979230529791,89.94329517052249,0,2
2023-06-13 19:13:00,2023-06-13 19:13:59,0.2651,0.2645,0.2645,0.2652,0.2647310397413218,0.264825,0.2645,0.2652,True,0.0005198294547294991,9.504316387877796e-05,0,0.26381730884799304,0.2638641836729697,11.546564484535658,11.546564484535658,0.2632756815992998,0.26326877356644623,95.95580249035386,92.0546847190883,0,1
2023-06-13 19:14:00,2023-06-13 19:14:59,0.2645,0.2648,0.2645,0.2651,0.26477801987066085,0.264725,0.2645,0.2651,True,0.0005255559222488199,8.77455005345111e-05,0,0.2638407462604814,0.26389014875458616,10.785626550718156,10.785626550718156,0.26329010267791375,0.2632840096503622,93.6015743780485,93.44238972456684,0,1
2023-06-13 19:15:00,2023-06-13 19:15:59,0.2649,0.2649,0.2648,0.2653,0.2647515099353304,0.26497499999999996,0.2648,0.2653,True,0.000523730499231047,8.406450854783851e-05,0,0.26386544750753377,0.26391803447918927,11.088391088255875,11.088391088255875,0.2633068678253972,0.26330008915632874,93.6015743780485,94.38631708215036,0,2
2023-06-13 19:16:00,2023-06-13 19:16:59,0.2648,0.2651,0.2646,0.2652,0.26486325496766516,0.26492499999999997,0.2646,0.2652,True,0.0005291783207145429,8.960696901618792e-05,0,0.26389174099336155,0.2639468979606233,12.889425912812825,12.889425912812825,0.26332296864305493,0.26331799871696226,91.83107047573465,93.01140641061062,0,2
2023-06-13 19:17:00,2023-06-13 19:17:59,0.2651,0.2648,0.2648,0.2652,0.26489412748383256,0.26497499999999996,0.2648,0.2652,True,0.0005199512978063621,6.643181730543073e-05,0,0.26391931947699243,0.2639766762558819,10.012745045020274,10.012745045020274,0.2633394067660096,0.26333274499838555,93.7636107696939,93.06541854115909,0,1
2023-06-13 19:18:00,2023-06-13 19:18:59,0.2648,0.2647,0.2646,0.265,0.26493456374191626,0.264775,0.2646,0.265,True,0.0005113833479630513,3.933619283023632e-05,0,0.2639479978664372,0.2640055982670314,6.855270658195835,6.855270658195835,0.26335369127580055,0.2633463495257648,60.43027743636056,82.00831956059645,0,1
2023-06-13 19:19:00,2023-06-13 19:19:59,0.2647,0.2647,0.2646,0.2648,0.2648547818709581,0.2647,0.2646,0.2648547818709581,True,0.0004891416802514032,1.7715321441689417e-05,0,0.2639767980667343,0.26403313310416604,4.750287733646211,0.0,0.263367087382509,0.2633598186847124,29.922850273658852,61.37224615990451,0,1
2023-06-13 19:20:00,2023-06-13 19:20:59,0.2647,0.2647,0.2646,0.2649,0.26477739093547903,0.264725,0.2646,0.2649,True,0.00047563156023344743,5.758555453889286e-07,0,0.26400496558545017,0.2640595584177649,3.346965783946459,0.0,0.26338059895084226,0.26337315382217796,1.9015698987643752,30.751565869594675,0,1
2023-06-13 19:21:00,2023-06-13 19:21:59,0.2647,0.2645,0.2645,0.2648,0.2647511954677395,0.264625,0.2645,0.2648,True,0.00046308644878819886,-2.6611943360575752e-05,0,0.2640322620016075,0.26408424278358106,-0.8150005284434059,-0.0,0.26339298105083386,0.26338436622195727,1.9015698987643752,11.241996690395945,0,1
2023-06-13 19:22:00,2023-06-13 19:22:59,0.2646,0.264,0.264,0.2646,0.26468809773386975,0.2643,0.264,0.26468809773386975,True,0.0004728659881604696,-7.96036009744394e-05,0,0.2640582523925943,0.26410515728233797,-8.55966477671764,-8.55966477671764,0.2634020061150047,0.2633904919311915,1.9015698987643752,1.9015698987644534,0,1
2023-06-13 19:23:00,2023-06-13 19:23:59,0.264,0.264,0.2638,0.2643,0.26449404886693484,0.264025,0.2638,0.26449404886693484,True,0.0004748041318632933,-0.00011248334652781808,0,0.2640817048374661,0.2641210734500911,-13.722774275567133,-13.722774275567133,0.263408205059134,0.2633965566880951,-2.984279490192421e-13,1.2677132658428956,0,1
2023-06-13 19:24:00,2023-06-13 19:24:59,0.264,0.264,0.2638,0.264,0.26425952443346745,0.26395,0.2638,0.26425952443346745,True,0.00045517526530163184,-0.00013070024550946397,0,0.2641013891437786,0.26413243061509684,-17.164847274800124,-17.164847274800124,0.26341359605357045,0.2634025610991588,-2.984279490192421e-13,0.6338566329213376,0,-2
2023-06-13 19:25:00,2023-06-13 19:25:59,0.2639,0.2636,0.2634,0.2639,0.26410476221673373,0.26370000000000005,0.2634,0.26410476221673373,True,0.0004655198892086574,-0.00016583444700549142,0,0.2641169098794377,0.2641384052570818,-22.36000034313377,-22.36000034313377,0.2634164458440822,0.26340452566533634,-2.984279490192421e-13,-2.2026824808563106e-13,-1,-2
2023-06-13 19:26:00,2023-06-13 19:26:59,0.2637,0.264,0.2637,0.264,0.2639023811083669,0.26385000000000003,0.2637,0.264,True,0.00046083989712232553,-0.00015520085553430955,0,0.26412765756825973,0.26414113036796133,-17.90933582936472,-17.90933582936472,0.2634207598157829,0.26341045078309416,4.463922151614896,1.4879740505381778,0,-2
2023-06-13 19:27:00,2023-06-13 19:27:59,0.264,0.2647,0.264,0.2648,0.26387619055418343,0.26437499999999997,0.264,0.2648,True,0.00048506561875644286,-9.462959368742728e-05,0,0.2641343939681105,0.2641448804613093,-7.546883135259051,-7.546883135259051,0.26343025474298903,0.2634232821185858,21.39878311778648,8.620901756467104,1,-1
2023-06-13 19:28:00,2023-06-13 19:28:59,0.2646,0.2643,0.2643,0.2646,0.2641255952770917,0.26444999999999996,0.2643,0.2646,True,0.00047898950313098347,-7.976569941335558e-05,0,0.2641396372147099,0.26414992638069434,-4.955154281322322,-4.955154281322322,0.2634404014619643,0.2634320056795949,39.81325201830373,21.891985762568442,0,-1
2023-06-13 19:29:00,2023-06-13 19:29:59,0.2644,0.2642,0.2639,0.2646,0.2642877976385458,0.264275,0.2639,0.2646,True,0.0004947759671930545,-7.441871771386401e-05,0,0.2641447817977021,0.2641547572065519,-4.197233512178393,-4.197233512178393,0.26344870592502934,0.2634396474141263,50.25219792716474,37.15474435441839,0,-2
2023-06-13 19:30:00,2023-06-13 19:30:59,0.2643,0.2637,0.2637,0.2647,0.26428139881927293,0.2641,0.2637,0.2647,True,0.0005308633981078364,-0.00010277185137531363,0,0.264149769502127,0.26415818485705345,-7.760202511365847,-7.760202511365847,0.26345518646308874,0.2634422379871201,44.545146658525994,44.870198867998226,-1,-2
2023-06-13 19:31:00,2023-06-13 19:31:59,0.2637,0.2635,0.2633,0.2638,0.26419069940963646,0.263575,0.2633,0.26419069940963646,True,0.0005286588696715624,-0.00013090092406678594,0,0.2641539771795902,0.2641568822020826,-11.42496507732001,-11.42496507732001,0.26345637863758536,0.2634428127335169,28.959837543356173,41.252394043015705,0,-2
2023-06-13 19:32:00,2023-06-13 19:32:59,0.2634,0.2631,0.2628,0.2634,0.26388284970481823,0.263175,0.2628,0.26388284970481823,True,0.0005408975218378819,-0.0001711227664444214,0,0.2641554296908364,0.26414911985655953,-16.04605505439516,-16.04605505439516,0.2634535788501467,0.2634394016615416,14.056969482879966,29.187317894920785,0,-2
2023-06-13 19:33:00,2023-06-13 19:33:59,0.2631,0.2629,0.2626,0.2631,0.2635289248524091,0.26292499999999996,0.2626,0.2635289248524091,True,0.0005379762702780331,-0.00020336340615085017,-1,0.26415227477369796,0.26413460974331543,-20.045063473512734,-20.045063473512734,0.26344831935910046,0.26343403448082975,2.8291597853471324,15.281988937194498,0,-2
2023-06-13 19:34:00,2023-06-13 19:34:59,0.2629,0.2626,0.2623,0.2629,0.2632269624262045,0.262675,0.2623,0.2632269624262045,True,0.0005424065366867483,-0.00023552153605179948,0,0.26414344225850667,0.2641131713540319,-23.934262720108855,-23.934262720108855,0.2634406246391094,0.2634257356302742,-2.942831163939748e-13,5.628709756075676,0,-2
2023-06-13 19:35:00,2023-06-13 19:35:59,0.2626,0.2634,0.2625,0.2634,0.26295098121310223,0.262975,0.2625,0.2634,True,0.00056794892692341,-0.00019036939004852567,0,0.26412830680626925,0.2640884836934877,-17.03610369713629,-17.03610369713629,0.26343599155812325,0.2634254795543511,8.807183524130693,3.8787811031592514,0,-1
2023-06-13 19:36:00,2023-06-13 19:36:59,0.2634,0.2628,0.2626,0.2635,0.26296299060655115,0.263075,0.2626,0.2635,True,0.0005916668607145959,-0.000192950216073047,0,0.26410839524987845,0.26406209334878145,-16.15845868612776,-16.15845868612776,0.263432399602321,0.26341925587719334,20.38082326313457,9.729335595755064,0,-2
2023-06-13 19:37:00,2023-06-13 19:37:59,0.2628,0.2629,0.2627,0.263,0.26301899530327555,0.26285000000000003,0.2627,0.26301899530327555,True,0.0005708335135206977,-0.00017796097514446548,0,0.2640852442993299,0.26403299979541045,-14.595046961262035,-14.595046961262035,0.2634266045814024,0.2634140891520471,28.50059138366625,19.229532723643914,0,-2
2023-06-13 19:38:00,2023-06-13 19:38:59,0.2628,0.2627,0.2625,0.2628,0.2629344976516378,0.2627,0.2625,0.2629344976516378,True,0.0005586311196977915,-0.0001725660144395311,0,0.26405912204737014,0.2640009484400435,-14.819038012048871,-14.819038012048871,0.26341937468507004,0.2634069837873501,25.63305374700272,24.838156131267922,0,-2
2023-06-13 19:39:00,2023-06-13 19:39:59,0.2627,0.2628,0.2625,0.2629,0.2628172488258189,0.262725,0.2625,0.2629,True,0.0005473003254336643,-0.00015276310332400445,0,0.2640300352437068,0.26396695981933405,-13.753321379131421,-13.753321379131421,0.2634124654842236,0.263400944147675,20.77744193511555,24.97036235526158,0,-1
2023-06-13 19:40:00,2023-06-13 19:40:59,0.2629,0.2632,0.2629,0.2634,0.26277112441290945,0.2631,0.2629,0.2634,True,0.0005510645879026915,-0.00010371328378354805,0,0.2639984975315204,0.2639342520728795,-8.70045599451447,-8.70045599451447,0.26340935637492785,0.2633989447034195,30.25791954112808,25.556138407748858,0,-1
2023-06-13 19:41:00,2023-06-13 19:41:59,0.2632,0.2628,0.2627,0.2632,0.26293556220645475,0.26297499999999996,0.2627,0.2632,True,0.0005474171173382136,-9.26444944754503e-05,0,0.2639663748021999,0.2639019195447249,-8.799198283321068,-8.799198283321068,0.2634050344209485,0.26339298505462927,39.62771173790889,30.221024404717582,0,-1
2023-06-13 19:42:00,2023-06-13 19:42:59,0.2629,0.2626,0.2625,0.263,0.26295528110322736,0.26275000000000004,0.2625,0.263,True,0.0005440301803854841,-9.276302791595475e-05,0,0.2639341471734624,0.26386856052482466,-10.344787233254216,-10.344787233254216,0.26339851666551617,0.26338509465607574,46.251079885864236,38.71223705496715,0,-2
2023-06-13 19:43:00,2023-06-13 19:43:59,0.2626,0.2626,0.2626,0.2629,0.2628526405516137,0.262675,0.2626,0.2629,True,0.000526599453215094,-8.624345051711884e-05,0,0.26390135384914354,0.2638341076393469,-11.375179866542979,-11.375179866542979,0.263391317494715,0.2633772827689506,42.75687223959887,42.878554621124074,0,-1
2023-06-13 19:44:00,2023-06-13 19:44:59,0.2626,0.2627,0.2625,0.2631,0.26276382027580686,0.262725,0.2625,0.2631,True,0.0005318423494140151,-6.872689848248152e-05,0,0.2638677307442452,0.26379937298241435,-10.53298954714515,-10.53298954714515,0.26338468746989196,0.26337054363692125,49.62173935354253,46.20989715966862,0,-1
2023-06-13 19:45:00,2023-06-13 19:45:59,0.2628,0.2628,0.2624,0.2632,0.2627444101379034,0.26280000000000003,0.2624,0.2632,True,0.0005509964673130117,-4.477471596083291e-05,0,0.26383355186332974,0.26376516938127936,-8.405202506786047,-8.405202506786047,0.2633788696841219,0.2633648665858076,63.04665756642436,51.808423053188655,0,-1
2023-06-13 19:46:00,2023-06-13 19:46:59,0.2628,0.263,0.2628,0.2635,0.2627722050689517,0.263025,0.2628,0.2635,True,0.0005616395767906561,-1.0806860999204365e-05,0,0.2637993606223045,0.2637331622964662,-4.083931795450496,-0.0,0.2633753485927376,0.263361236072516,82.27395281947885,64.98078324648198,0,-1
2023-06-13 19:47:00,2023-06-13 19:47:59,0.263,0.2627,0.2627,0.263,0.26289860253447583,0.26285000000000003,0.2627,0.263,True,0.0005429510355913251,-6.156724999561796e-06,0,0.2637662614593853,0.2637019034609343,-5.285688785840932,-0.0,0.26337012124355613,0.2633546566091079,87.31742789808122,77.54601276132821,0,-1
2023-06-13 19:48:00,2023-06-13 19:48:59,0.2628,0.2625,0.2623,0.263,0.26287430126723793,0.26265,0.2623,0.263,True,0.0005541688187633757,-1.3802978753325445e-05,0,0.2637340824601598,0.2636700759834851,-8.2341151132295,-8.2341151132295,0.2633629558580481,0.2633461525632461,76.36757479982106,81.98631850579379,0,-2
2023-06-13 19:49:00,2023-06-13 19:49:59,0.2625,0.2624,0.2622,0.2626,0.26276215063361896,0.262425,0.2622,0.26276215063361896,True,0.0005431567602802782,-2.2176245381114407e-05,0,0.2637020792218224,0.26363647544131846,-11.20051487140897,-11.20051487140897,0.26335362296393816,0.2633367381098805,49.66869567617838,71.11789945802697,0,-2
2023-06-13 19:50:00,2023-06-13 19:50:59,0.2625,0.2626,0.2625,0.263,0.2625935753168095,0.26265000000000005,0.2625,0.263,True,0.000547216991688829,-1.0035970817876753e-05,0,0.2636692773315704,0.2636032532275625,-9.434708071588673,-9.434708071588673,0.2633466217404164,0.263329407382419,44.795130278221166,56.94380025140695,0,-1
2023-06-13 19:51:00,2023-06-13 19:51:59,0.2626,0.2626,0.2626,0.2629,0.26262178765840477,0.262675,0.2626,0.2629,True,0.0005295586351396286,1.1239620832819743e-06,0,0.26363626527956646,0.2635707283407285,-8.25750353837514,-8.25750353837514,0.26333993893702917,0.2633221495975193,53.02521127181539,49.16301240873839,0,-1
2023-06-13 19:52:00,2023-06-13 19:52:59,0.2626,0.2649,0.2626,0.2649,0.26264839382920235,0.26375000000000004,0.2626,0.2649,True,0.0006560187326296569,0.00016886146655176355,1,0.26360349681014744,0.26354635126282155,6.2191189822019055,6.2191189822019055,0.263344019146611,0.2633378496015241,79.72409039545806,59.181477315164955,0,2
2023-06-13 19:53:00,2023-06-13 19:53:59,0.2648,0.2647,0.2643,0.2651,0.2631991969146012,0.264725,0.2643,0.2651,True,0.0006663031088703973,0.00025859582898140194,0,0.26357492403648447,0.26353524580174,13.848464449336873,13.848464449336873,0.26335776024962976,0.2633514033368323,90.71320884995431,74.48750350574267,1,2
2023-06-13 19:54:00,2023-06-13 19:54:59,0.2646,0.2648,0.2643,0.2649,0.26396209845730056,0.26465,0.2643,0.2649,True,0.0006615671725225151,0.00031401911378953543,0,0.26355508491911217,0.26353415079343223,19.22006203206132,19.22006203206132,0.26337061835659864,0.2633658172339783,98.71888815797952,89.71872913446406,0,2
2023-06-13 19:55:00,2023-06-13 19:55:59,0.2648,0.2648,0.2648,0.2653,0.2643060492286503,0.26492499999999997,0.2648,0.2653,True,0.0006500266601994784,0.0003374010170725166,0,0.26354461785627215,0.2635428313903671,22.801127087210944,22.801127087210944,0.2633860848406126,0.2633800877092621,98.71888815797952,96.05032838863787,0,2
2023-06-13 19:56:00,2023-06-13 19:56:59,0.2648,0.2651,0.2645,0.2652,0.26461552461432514,0.2649,0.2645,0.2652,True,0.0006535961844709427,0.00035903795636972765,0,0.2635437246233196,0.26355897730534417,26.19296977046929,26.19296977046929,0.2634011486730443,0.2633972012643938,98.26785304756366,98.56854312117433,0,2
2023-06-13 19:57:00,2023-06-13 19:57:59,0.2651,0.265,0.2643,0.2653,0.2647577623071626,0.26492499999999997,0.2643,0.2653,True,0.0006783393141515899,0.0003505605127682844,0,0.26355135096433185,0.2635810614661556,26.884725914995414,26.884725914995414,0.263416311372815,0.26341314951051925,99.30696647595835,98.76456922716727,0,2
2023-06-13 19:58:00,2023-06-13 19:58:59,0.2651,0.265,0.265,0.2653,0.26484138115358125,0.2651,0.265,0.2653,True,0.0006513150774264739,0.0003292786178336381,0,0.26356620621524374,0.26360887001495126,27.345896678012835,27.345896678012835,0.2634330644934835,0.2634289390676285,99.30696647595835,98.96059533316021,0,2
2023-06-13 19:59:00,2023-06-13 19:59:59,0.265,0.2652,0.265,0.2653,0.2649706905767906,0.265125,0.265,0.2653,True,0.0006262211433245805,0.0003138504547601152,0,0.2635875381150975,0.2636411661450325,28.670875093554017,28.670875093554017,0.26344989967265287,0.263446561564468,99.75800158637422,99.45731151276374,0,2
2023-06-13 20:00:00,2023-06-13 20:00:59,0.2651,0.2649,0.2646,0.2652,0.2650478452883953,0.26495,0.2646,0.2652,True,0.0006243482045156812,0.00026810147837509846,0,0.263614352130065,0.2636755731075148,24.0836393653845,24.0836393653845,0.26346482604406923,0.26346102363845336,96.34043915362031,98.46846907198439,0,1
2023-06-13 20:01:00,2023-06-13 20:01:59,0.2649,0.2647,0.2647,0.2651,0.26499892264419767,0.26485000000000003,0.2647,0.2651,True,0.0006083233327645619,0.00021122262982832443,0,0.26364496261878995,0.26371071976849136,18.01785033667025,18.01785033667025,0.26347860886950136,0.2634733517614538,90.62906195573338,95.57583423190941,0,1
2023-06-13 20:02:00,2023-06-13 20:02:59,0.2647,0.2648,0.2647,0.2651,0.26492446132209885,0.264825,0.2647,0.2651,True,0.0005934430947099511,0.00016992829773721993,0,0.2636778411936407,0.26374603612923625,15.106007812685007,15.106007812685007,0.263492005796173,0.26348655224143935,84.38880507600742,90.4527687284538,0,1
2023-06-13 20:03:00,2023-06-13 20:03:59,0.2649,0.2651,0.2649,0.2652,0.2648747306610494,0.265025,0.2649,0.2652,True,0.0005796257308020982,0.00015400071560734687,0,0.26371193866143844,0.26378261600070274,16.11005084779866,16.11005084779866,0.26350725946984294,0.26350260644799217,83.3964790761179,86.13811536928633,0,1
2023-06-13 20:04:00,2023-06-13 20:04:59,0.2651,0.2653,0.2649,0.2653,0.26494986533052467,0.26515,0.2649,0.2653,True,0.0005667953214590879,0.0001480800571960272,0,0.26374727733107056,0.2638207972991595,18.35142297286727,18.35142297286727,0.26352360514675993,0.2635204909609475,85.99886089144171,84.59471501452244,0,2
2023-06-13 20:05:00,2023-06-13 20:05:59,0.2653,0.2652,0.2651,0.2653,0.26504993266526233,0.265225,0.2651,0.2653,True,0.0005405956556405801,0.00012808181485267052,0,0.263784037315115,0.26386049202779593,17.866567155495844,17.866567155495844,0.2635405344487822,0.26353720249367435,86.77657522779718,85.39063839845237,0,1
2023-06-13 20:06:00,2023-06-13 20:06:59,0.2652,0.2652,0.265,0.2653,0.26513746633263113,0.265175,0.265,0.2653,True,0.0005234102516662505,0.00010652789350936478,0,0.2638222646714555,0.26390076288943043,17.543329943914898,17.543329943914898,0.2635567977876003,0.2635537477424935,75.11218990060735,82.62920867328218,0,1
2023-06-13 20:07:00,2023-06-13 20:07:59,0.2651,0.265,0.2647,0.2651,0.26515623316631554,0.26497499999999996,0.2647,0.26515623316631554,True,0.000521738090832947,7.104769634477733e-05,0,0.2638615137804429,0.26393983883099564,13.08804513174077,13.08804513174077,0.26357090925240034,0.2635681383122199,44.88785194983715,68.92553902608066,0,1
2023-06-13 20:08:00,2023-06-13 20:08:59,0.265,0.2649,0.2648,0.2652,0.26506561658315775,0.26497499999999996,0.2648,0.2652,True,0.0005130425129163087,3.489787060943989e-05,0,0.2639006763057193,0.2639777059010719,8.268618920686535,8.268618920686535,0.26358488030461524,0.2635813906673222,17.017061159874306,45.67236767010636,0,1
2023-06-13 20:09:00,2023-06-13 20:09:59,0.2649,0.2648,0.2638,0.2649,0.26502030829157885,0.26460000000000006,0.2638,0.26502030829157885,True,0.0005549680477080042,-1.188132106571399e-07,0,0.2639391911033956,0.264011788510953,3.2817878970028502,0.0,0.26359498099810164,0.263593516133319,-2.794801427323061e-13,20.634971036570487,0,1
2023-06-13 20:10:00,2023-06-13 20:10:59,0.2648,0.2649,0.2646,0.2651,0.26481015414578946,0.26485000000000003,0.2646,0.2651,True,0.000551041758586004,-1.911622875851865e-05,0,0.2639754898071743,0.26404437301162476,2.150742923109597,0.0,0.2636074687493643,0.26360651597278845,8.241686055486207,8.419582405120174,0,1
2023-06-13 20:11:00,2023-06-13 20:11:59,0.2648,0.2651,0.2648,0.2653,0.26483007707289474,0.265,0.2648,0.2653,True,0.0005473959186870037,-2.001539876823053e-05,0,0.2640099314093995,0.264076583635573,5.036179808380496,5.036179808380496,0.26362132478170897,0.26362137651037265,21.0081113289053,9.749932461463839,0,1
2023-06-13 20:12:00,2023-06-13 20:12:59,0.2651,0.2659,0.2651,0.2662,0.2649150385364474,0.265575,0.2651,0.2662,True,0.0005868676387807885,3.200240723368443e-05,0,0.26404325752248625,0.2641122240161047,13.638316573819225,13.638316573819225,0.2636407643361198,0.26364404938091623,47.90798738133471,25.719261588575506,0,2
2023-06-13 20:13:00,2023-06-13 20:13:59,0.2659,0.2659,0.2655,0.2662,0.2652450192682237,0.26587500000000003,0.2655,0.2662,True,0.0005949485217250163,6.0987773118595704e-05,0,0.26407774076929547,0.26415237845624123,19.37307441744504,19.37307441744504,0.26366299553675543,0.26366649665075786,72.99963465918155,47.30524445647395,0,2
2023-06-13 20:14:00,2023-06-13 20:14:59,0.2659,0.2658,0.2655,0.2659,0.26556000963411186,0.26577500000000004,0.2655,0.2659,True,0.0005810236273160874,6.682386288711119e-05,0,0.2641150596127683,0.2641951252387416,20.925569400640796,20.925569400640796,0.26368401050653895,0.2636877255398051,89.01688446783919,69.97483550278524,0,2
2023-06-13 20:15:00,2023-06-13 20:15:59,0.2658,0.2651,0.265,0.2659,0.2656675048170559,0.26544999999999996,0.265,0.2659,True,0.0006038076539363677,1.6179251147692333e-05,0,0.26415509242575497,0.26423738985660217,11.733140763550061,11.733140763550061,0.2637015825412998,0.26370177802199607,77.1753419975956,79.7306203748722,0,1
2023-06-13 20:16:00,2023-06-13 20:16:59,0.2651,0.2647,0.2646,0.2651,0.26555875240852794,0.26487499999999997,0.2646,0.26555875240852794,True,0.0005963928215123414,-4.816300993934941e-05,0,0.26419624114117857,0.2642750397711332,2.407147904574799,0.0,0.26371325833690873,0.2637117105789911,43.84200866426226,70.01141170989911,0,1
2023-06-13 20:17:00,2023-06-13 20:17:59,0.2647,0.2647,0.2644,0.2648,0.26521687620426393,0.26465,0.2644,0.26521687620426393,True,0.0005823647628328853,-9.096517951927925e-05,0,0.2642356404561559,0.26430725443954695,-3.8101806680753754,-3.8101806680753754,0.2637225791494768,0.2637215443045733,15.05833358218554,45.35856141468122,0,1
2023-06-13 20:18:00,2023-06-13 20:18:59,0.2647,0.2633,0.2632,0.2647,0.264933438102132,0.263975,0.2632,0.264933438102132,True,0.0006479101369162507,-0.00021377077590764527,-1,0.2642714474478514,0.26433033765574543,-13.887752580250591,-13.887752580250591,0.2637250907997307,0.263717349833881,-2.581638606595031e-13,19.633447415482603,0,-2
2023-06-13 20:19:00,2023-06-13 20:19:59,0.2632,0.263,0.2628,0.2633,0.26445421905106603,0.26307499999999995,0.2628,0.26445421905106603,True,0.0006373451271365185,-0.0003070097312177774,0,0.2643008925517984,0.2643398982828674,-21.24120243647361,-21.24120243647361,0.2637186222345593,0.26371021202458866,-2.581638606595031e-13,5.0194445273950965,-1,-2
2023-06-13 20:20:00,2023-06-13 20:20:59,0.263,0.2633,0.263,0.2635,0.263764609525533,0.2632,0.263,0.263764609525533,True,0.0006275347609124815,-0.00033530261163936513,0,0.2643203954173329,0.2643396045173743,-22.553178994482632,-22.553178994482632,0.26371346181431493,0.2637061303129012,1.6871385265673853,0.5623795088557116,0,-2
2023-06-13 20:21:00,2023-06-13 20:21:59,0.2633,0.2634,0.2632,0.2639,0.26348230476276646,0.26344999999999996,0.2632,0.2639,True,0.0006327108494187352,-0.0003335024267889162,0,0.26432999996735357,0.2643332696006834,-22.231638104924997,-22.231638104924997,0.2637108403037247,0.263703084240136,6.690404023448591,2.792514183338661,0,-2
2023-06-13 20:22:00,2023-06-13 20:22:59,0.2635,0.2637,0.2635,0.2639,0.2634661523813832,0.26365,0.2635,0.2639,True,0.0006232315030316826,-0.00029806819917749814,0,0.26433163478401844,0.2643235941201278,-18.517900305665957,-18.517900305665957,0.26371023492756823,0.2637030535511794,14.248622928515326,7.5420551595105225,0,-2
2023-06-13 20:23:00,2023-06-13 20:23:59,0.2638,0.2637,0.2637,0.2641,0.2635580761906916,0.263825,0.2637,0.2641,True,0.0006072863956722776,-0.00026256424442610453,0,0.2643276144520731,0.26431255566034134,-16.042075106159928,-16.042075106159928,0.2637113768685875,0.2637030231675856,22.308555646164038,14.41586086604274,0,-1
2023-06-13 20:24:00,2023-06-13 20:24:59,0.2637,0.2639,0.2637,0.2639,0.2636915380953458,0.26380000000000003,0.2637,0.2639,True,0.0005781945102671173,-0.0002144663020238138,0,0.2643200850562072,0.26430034832640764,-11.878540554343026,-11.878540554343026,0.26371225869079057,0.26370498313606733,26.81199641041954,21.123058328366387,0,-1
2023-06-13 20:25:00,2023-06-13 20:25:59,0.264,0.2644,0.264,0.2646,0.2637457690476729,0.26425,0.264,0.2646,True,0.000586894902390893,-0.0001394638828938046,0,0.2643102166913074,0.26429039196348963,-4.27982926540038,-4.27982926540038,0.2637176093505837,0.2637118987267532,34.270555308631835,27.797035788405225,0,-1
2023-06-13 20:26:00,2023-06-13 20:26:59,0.2644,0.2642,0.264,0.2646,0.26399788452383643,0.2643,0.264,0.2646,True,0.0005878309807915427,-9.820665537033527e-05,0,0.2643003043273985,0.26428261917029355,-1.5451815718849886,-0.0,0.2637234042824187,0.2637167554558402,40.11550628838223,33.732686002477955,0,-1
2023-06-13 20:27:00,2023-06-13 20:27:59,0.2643,0.2646,0.2643,0.2649,0.2641489422619182,0.264525,0.2643,0.2649,True,0.0005958430535921493,-3.931589801460594e-05,0,0.264291461748846,0.26427816258580267,3.5955251594664546,0.0,0.26373138035921057,0.2637255439587672,49.96321034232924,41.449757313114524,0,-1
2023-06-13 20:28:00,2023-06-13 20:28:59,0.2646,0.2648,0.2646,0.265,0.2643369711309591,0.26475000000000004,0.2646,0.265,True,0.0005818542640498536,1.4681304866558922e-05,0,0.2642848121673243,0.26427789119193557,8.404193088019348,8.404193088019348,0.2637415158780244,0.26373623506365507,62.26875097017162,50.78248920029446,0,-1
2023-06-13 20:29:00,2023-06-13 20:29:59,0.2647,0.2646,0.2634,0.2653,0.2645434855654796,0.26449999999999996,0.2634,0.2653,True,0.0006760075309034324,3.563776986032561e-05,0,0.2642813516796299,0.2642792014242636,8.865982393804124,8.865982393804124,0.2637490629837157,0.2637448297396386,74.7677455958791,62.333235636126744,0,-1
2023-06-13 20:30:00,2023-06-13 20:30:59,0.2647,0.267,0.2631,0.2673,0.26452174278273977,0.265525,0.2631,0.2673,True,0.0009277212786960431,0.00021251901402048965,1,0.26428027655194675,0.26428878048248233,17.690335882796063,17.690335882796063,0.2637667339988031,0.26377721949347305,88.74666861412872,75.2610550600599,1,2
2023-06-13 20:31:00,2023-06-13 20:31:59,0.267,0.2679,0.2664,0.2685,0.2650233713913699,0.26745,0.2664,0.2685,True,0.0010114554730748964,0.0003790646815626037,0,0.2642845285172145,0.2643180114701195,24.659865005711737,24.659865005711737,0.26380338341175036,0.26381824218508027,94.75768351634065,86.09069924211626,0,2
2023-06-13 20:32:00,2023-06-13 20:32:59,0.268,0.2675,0.2673,0.2687,0.2662366856956849,0.26787500000000003,0.2673,0.2687,True,0.0010392086535695475,0.0004416887835868191,0,0.264301269993667,0.264365429956303,26.175273132244783,26.175273132244783,0.2638438970096434,0.2638548765911989,99.99999999999973,94.50145071015646,0,2
2023-06-13 20:33:00,2023-06-13 20:33:59,0.2675,0.2668,0.2664,0.2677,0.26705584284784245,0.2671,0.2664,0.2677,True,0.001057836606886006,0.0004130201647386891,0,0.264333349974985,0.26442152492256893,22.377937012232607,22.377937012232607,0.2638762960443733,0.26388418130173424,92.80469088084926,95.8541247990633,0,2
2023-06-13 20:34:00,2023-06-13 20:34:59,0.2666,0.2667,0.2654,0.267,0.2670779214239212,0.266425,0.2654,0.2670779214239212,True,0.0010965625635370047,0.000367083708156841,0,0.26437743744877695,0.26447943485365943,19.192696946837003,19.192696946837003,0.26390165628273776,0.2639121993982344,79.04361978618101,90.61610355567676,0,1
2023-06-13 20:35:00,2023-06-13 20:35:59,0.2665,0.2678,0.2657,0.2681,0.26675146071196065,0.267025,0.2657,0.2681,True,0.0011896652375700766,0.0003937319129713719,0,0.2644284361512182,0.2645424930336867,20.607262699287602,20.607262699287602,0.2639327343296757,0.26395088398133654,67.35544665159595,79.7345857728755,0,2
2023-06-13 20:36:00,2023-06-13 20:36:59,0.2678,0.2674,0.267,0.2681,0.2668882303559803,0.267575,0.267,0.2681,True,0.0011832605777436418,0.000362611902875941,0,0.2644854645924525,0.26461294540503794,18.83854936725143,18.83854936725143,0.26396897577913164,0.2639852035437113,64.90873396004243,70.4359334659399,0,2
2023-06-13 20:37:00,2023-06-13 20:37:59,0.2673,0.2681,0.2668,0.2681,0.26723161517799016,0.267575,0.2668,0.2681,True,0.0011915991079048118,0.00037037675036478827,0,0.26454920499874524,0.2646887358970278,19.84233177755648,19.84233177755648,0.26400485661715023,0.26402614679203257,69.02778324400673,67.09732128521513,0,2
2023-06-13 20:38:00,2023-06-13 20:38:59,0.2681,0.2677,0.2672,0.2682,0.2674033075889951,0.26780000000000004,0.2672,0.2682,True,0.0011779134573401825,0.0003268999546651595,0,0.2646189704478865,0.2647697528648412,17.76717477726521,17.76717477726521,0.2640426192378751,0.2640627025453457,70.24519979009212,68.06057233138051,0,1
2023-06-13 20:39:00,2023-06-13 20:39:59,0.2678,0.2684,0.2678,0.2685,0.2676016537944976,0.268125,0.2678,0.2685,True,0.0011509196389587425,0.0003271407446381226,0,0.26469436165636384,0.2648565586568944,18.736017401285878,18.736017401285878,0.26408323994197586,0.26410585973394923,71.29557270294625,70.18951857901511,0,2
2023-06-13 20:40:00,2023-06-13 20:40:59,0.2683,0.267,0.2668,0.2684,0.2678633268972488,0.267625,0.2668,0.2684,True,0.0011829968076045498,0.00021110137372527859,0,0.2647754601566291,0.2649438959192011,11.898982815507516,0.0,0.264118481335588,0.2641346571495318,63.80083250797287,68.44720166700382,0,1
2023-06-13 20:41:00,2023-06-13 20:41:59,0.2669,0.2643,0.264,0.2669,0.2677441634486244,0.265525,0.264,0.2677441634486244,True,0.0013127827499185107,-6.439426230498942e-05,0,0.2648596780379151,0.2650166441520004,0.5305168172926784,0.0,0.26413247654617916,0.26413630235202407,40.9382557631392,58.6782203246862,0,1
2023-06-13 20:42:00,2023-06-13 20:42:59,0.2643,0.2642,0.2637,0.265,0.2666345817243122,0.2643,0.2637,0.2666345817243122,True,0.0013118696963529044,-0.00025222321545089496,0,0.2649381610949577,0.26506900240628317,-7.219684407109234,-7.219684407109234,0.26413414344621716,0.2641369361594666,16.196571327655708,40.311886532922685,0,1
2023-06-13 20:43:00,2023-06-13 20:43:59,0.2642,0.2638,0.2634,0.2644,0.2654672908621561,0.26395,0.2634,0.2654672908621561,True,0.0012895932894705542,-0.0003950994733328874,0,0.26500358175062044,0.26510254688156737,-13.127438830592268,-13.127438830592268,0.26413231117312047,0.2641335835608649,-2.8421709430404007e-13,19.0449423635983,0,-2
2023-06-13 20:44:00,2023-06-13 20:44:59,0.2639,0.2629,0.2627,0.2641,0.2647086454310781,0.2634,0.2627,0.2647086454310781,True,0.0012974794830798012,-0.0005361382391502671,-1,0.2650530643160939,0.2651172754006568,-18.572132877575424,-18.572132877575424,0.264125024494781,0.26412130909757275,-2.8421709430404007e-13,5.398857109218471,-1,-2
2023-06-13 20:45:00,2023-06-13 20:45:59,0.263,0.265,0.263,0.265,0.2640543227155391,0.264,0.263,0.265,True,0.001354802377145529,-0.0004630670438953762,0,0.2650851698583753,0.265121205569884,-13.315049170467752,-13.315049170467752,0.26412378046995727,0.26413005229063174,3.840613264964798,1.2802044216548343,0,-1
2023-06-13 20:46:00,2023-06-13 20:46:59,0.265,0.2648,0.2647,0.2652,0.26402716135776955,0.26492499999999997,0.2647,0.2652,True,0.001293745064492277,-0.00041180620985033364,0,0.26510318771412966,0.26512295364088867,-10.391327459461316,-10.391327459461316,0.2641317528035895,0.2641367184369936,14.774546776668307,6.205053347211032,0,-2
2023-06-13 20:47:00,2023-06-13 20:47:59,0.2647,0.2654,0.2644,0.2655,0.26505,0.265,0.2644,0.2655,True,0.0012799061313142565,-0.00032141846929995113,0,0.26511307067750917,0.26512348631675076,-6.308726122078056,-6.308726122078056,0.2641403920791757,0.26414928840279467,26.195185196864717,14.936781746166034,0,-1
2023-06-13 20:48:00,2023-06-13 20:48:59,0.2655,0.2645,0.2642,0.2655,0.265025,0.264925,0.2642,0.2655,True,0.0012813414076489542,-0.0003121245890266531,0,0.26511827849712993,0.2651225438689869,-6.601318646762792,-6.601318646762792,0.264148199123164,0.26415277807042853,33.31391795863115,24.761216644054816,0,-2
2023-06-13 20:49:00,2023-06-13 20:49:59,0.2646,0.2642,0.2639,0.2646,0.264975,0.264325,0.2639,0.264975,True,0.001239817021388313,-0.0003140251998361173,0,0.2651204111830584,0.2651163298741335,-7.726939784765598,-7.726939784765598,0.26414995833586885,0.26415324794037454,29.719892062431768,29.74299840597597,0,-2
2023-06-13 20:50:00,2023-06-13 20:50:59,0.2642,0.2629,0.2627,0.2642,0.26465,0.2635,0.2627,0.26465,True,0.0012584015198605764,-0.0003911367926402468,0,0.26511837052859594,0.26510034781043845,-11.855361650061539,-11.855361650061539,0.2641434910887458,0.2641407778116146,21.230454244899025,28.088088088654075,0,-2
2023-06-13 20:51:00,2023-06-13 20:51:59,0.2629,0.2625,0.2622,0.2629,0.264075,0.262625,0.2622,0.264075,True,0.0012185156970133948,-0.0004510595581384014,0,0.26510935916951717,0.26507078150087104,-15.459446058091359,-15.459446058091359,0.2641283817246787,0.26412445166423537,10.271108218167507,20.407151508499528,0,-2
2023-06-13 20:52:00,2023-06-13 20:52:59,0.2625,0.2608,0.2602,0.2626,0.26335,0.261525,0.2602,0.26335,True,0.0013029074329410104,-0.000585585244089649,0,0.26509007033519405,0.26502317590551094,-20.628622451580306,-20.628622451580306,0.26410247742891074,0.2640913725431982,2.9312006026633846,11.477587688576733,0,-2
2023-06-13 20:53:00,2023-06-13 20:53:59,0.2608,0.2585,0.2584,0.261,0.2624375,0.259675,0.2584,0.2624375,True,0.0013955569020166517,-0.0008024908727212051,0,0.26505662312035244,0.2649490015111845,-26.16962653759365,-26.16962653759365,0.26405842292713055,0.2640357369955047,-2.836249753575733e-13,4.40076960694363,0,-2
2023-06-13 20:54:00,2023-06-13 20:54:59,0.2586,0.2587,0.2585,0.259,0.26105625,0.25870000000000004,0.2585,0.26105625,True,0.0013315885518726052,-0.0008901802754609177,0,0.26500281231576844,0.26484772869293305,-28.89491010295154,-28.89491010295154,0.2640051052860646,0.26398264508510166,-2.836249753575733e-13,0.9770668675543663,0,-2
2023-06-13 20:55:00,2023-06-13 20:55:59,0.2587,0.2566,0.2557,0.259,0.259878125,0.25749999999999995,0.2557,0.259878125,True,0.0014721893695959925,-0.0010466512875003627,0,0.2649252705043507,0.26471758265802886,-32.25433576591935,-32.25433576591935,0.26394037787028285,0.26390918593002605,-2.836249753575733e-13,-1.897247790970545e-13,0,-2
2023-06-13 20:56:00,2023-06-13 20:56:59,0.2566,0.2584,0.2558,0.2586,0.2586890625,0.25735,0.2558,0.2586890625,True,0.0015670329860534194,-0.0009714290965424392,0,0.2648214265811898,0.2645645683172859,-27.57881687062119,-27.57881687062119,0.26387480197107605,0.263854368159578,-2.836249753575733e-13,-1.897247790970545e-13,0,-2
2023-06-13 20:57:00,2023-06-13 20:57:59,0.2584,0.2578,0.2569,0.2593,0.25801953125,0.2581,0.2569,0.2593,True,0.0016265306299067437,-0.0009127729019400975,0,0.26469299744923785,0.2643997452372342,-25.36529426598498,-25.36529426598498,0.26381734125494594,0.2637941256903285,7.166616419073598,2.3888721396911046,0,-2
2023-06-13 20:58:00,2023-06-13 20:58:59,0.2578,0.2582,0.2574,0.2585,0.258059765625,0.257975,0.2574,0.2585,True,0.0015889212991991185,-0.0007973990044912167,0,0.264546371343236,0.26422589828235826,-22.3789261200004,-22.3789261200004,0.2637592085061405,0.26373846274813617,13.93616934234853,7.034261920474042,0,-1
2023-06-13 20:59:00,2023-06-13 20:59:59,0.2582,0.259,0.2581,0.2593,0.2580173828125,0.25865,0.2581,0.2593,True,0.00156114120639918,-0.0006218049810799982,0,0.2643861348127971,0.26405077076020134,-17.44521788893161,-17.44521788893161,0.263708370610557,0.26369131386507016,27.075950649838102,16.059578803753507,0,-1
2023-06-13 21:00:00,2023-06-13 21:00:59,0.2591,0.2603,0.259,0.2605,0.25833369140624995,0.259725,0.259,0.2605,True,0.0015567739773706673,-0.00037985970996543515,0,0.2642184527864992,0.263883212242687,-10.20485492435391,-10.20485492435391,0.26366873508209376,0.2636575694485023,42.08638582796922,27.699501940052045,0,-1
2023-06-13 21:01:00,2023-06-13 21:01:59,0.2604,0.2611,0.2602,0.2611,0.25902934570312497,0.26070000000000004,0.2602,0.2611,True,0.0015098615504156206,-0.00013954471012452138,0,0.2640508325145931,0.2637294520222585,-3.366601171764948,-0.0,0.2636391954295356,0.2636321209962784,65.1060985306147,44.756145002807436,0,-1
2023-06-13 21:02:00,2023-06-13 21:02:59,0.2611,0.2612,0.2607,0.2616,0.2598646728515625,0.26115,0.2607,0.2616,True,0.00146630001110022,4.115444447573167e-05,0,0.2638901422684258,0.2635906977353533,1.4490386093633916,0.0,0.2636144273158089,0.26360792078736023,85.29965055645847,64.1640449716809,0,-1
2023-06-13 21:03:00,2023-06-13 21:03:59,0.2612,0.2615,0.261,0.2617,0.2605073364257813,0.26134999999999997,0.261,0.2617,True,0.0014115642960216314,0.0001888442016698545,0,0.2637404200018895,0.26346608194010307,5.506803566780853,5.506803566780853,0.2635918957007262,0.2635869464511676,96.4559322925868,82.28722712655342,0,-1
2023-06-13 21:04:00,2023-06-13 21:04:59,0.2616,0.2606,0.2603,0.2618,0.2609286682128906,0.261075,0.2603,0.2618,True,0.0014178811320200864,0.00022596737290915244,0,0.2636032509709963,0.26335156568319007,4.174723033514795,4.174723033514795,0.26356685196241053,0.26355722559095696,98.281449387811,93.34567741228551,0,-1
2023-06-13 21:05:00,2023-06-13 21:05:59,0.2607,0.2594,0.2589,0.2615,0.2610018341064453,0.260125,0.2589,0.2615,True,0.001502318194018651,0.00016899875211558754,0,0.2634774083270932,0.26323926855685076,-0.7221684287818633,-0.0,0.2635326046792025,0.2635158601621912,91.00158947245517,95.24632371761776,0,-2
2023-06-13 21:06:00,2023-06-13 21:06:59,0.2594,0.2597,0.2594,0.2601,0.2605634170532226,0.25965,0.2594,0.2605634170532226,True,0.001445009751588746,0.00015633590875012058,0,0.263358338441972,0.26312623004018326,-2.666342761353299,-0.0,0.2634939717968223,0.26347789140435846,81.17505131899611,90.15269672642086,0,-1
2023-06-13 21:07:00,2023-06-13 21:07:59,0.2598,0.2592,0.2591,0.2598,0.26010670852661133,0.25947499999999996,0.2591,0.26010670852661133,True,0.0013917947693324055,0.00011777425745863315,0,0.26324228424107765,0.26301218270002696,-5.63888606496684,-0.0,0.2634539820276997,0.263435325320733,72.12901588532083,81.43521889225747,0,-2
2023-06-13 21:08:00,2023-06-13 21:08:59,0.2592,0.2579,0.2569,0.2593,0.2597908542633056,0.258325,0.2569,0.2597908542633056,True,0.0014638094286658022,9.15014610898936e-06,0,0.26312723347055234,0.26289023336909756,-11.018358638068065,-11.018358638068065,0.2634029473806579,0.26338024745684513,62.95943876073897,72.0878353216854,0,-2
2023-06-13 21:09:00,2023-06-13 21:09:59,0.2579,0.2577,0.2576,0.2583,0.2590579271316528,0.257875,0.2576,0.2590579271316528,True,0.0014092516123325291,-6.448085710520604e-05,0,0.263008733419825,0.2627598119688009,-15.043991833584684,-15.043991833584684,0.26334794292910907,0.2633237275816526,54.34792708217427,63.145460576078115,0,-2
2023-06-13 21:10:00,2023-06-13 21:10:59,0.2577,0.257,0.257,0.2581,0.2584664635658264,0.25744999999999996,0.257,0.2584664635658264,True,0.0013871622114516335,-0.00014636230233225443,0,0.26288427269431297,0.26262069932624277,-19.198295292868508,-19.198295292868508,0.2632892569298145,0.2632608049191486,39.751282387143505,52.352882743352346,0,-2
2023-06-13 21:11:00,2023-06-13 21:11:59,0.2571,0.2569,0.2566,0.2572,0.2579582317829132,0.25695,0.2566,0.2579582317829132,True,0.0013309363392050874,-0.00018851978509564285,0,0.2627524860102779,0.2624722679364672,-22.17282601042208,-22.17282601042208,0.26322617974643325,0.2631975133279133,28.24390063402858,40.781036701115546,0,-2
2023-06-13 21:12:00,2023-06-13 21:12:59,0.2568,0.2571,0.2567,0.2575,0.2574541158914566,0.257025,0.2567,0.2575,True,0.0012930123149761542,-0.00018222250917054048,0,0.26261237697337253,0.2623180328084177,-22.552319190604447,-22.552319190604447,0.2631644764653742,0.2631368415535062,14.51382735074604,27.503003457306132,0,-2
2023-06-13 21:13:00,2023-06-13 21:13:59,0.2571,0.258,0.257,0.2584,0.2572395579457283,0.257625,0.257,0.2584,True,0.0013006542924778582,-9.658297714442614e-05,0,0.2624652048908951,0.2621644032114908,-16.707216780467355,-16.707216780467355,0.26310935729656454,0.2630857287022275,16.914016833773974,19.890581606182952,0,-1
2023-06-13 21:14:00,2023-06-13 21:14:59,0.258,0.2584,0.258,0.2587,0.25743227897286414,0.258275,0.258,0.2587,True,0.0012577504144437239,2.380684289754161e-06,0,0.26231480405119295,0.2620167641071419,-10.65643574554916,-10.65643574554916,0.26306125423888727,0.2630391045360362,31.06151817593538,20.82978745348522,0,-1
2023-06-13 21:15:00,2023-06-13 21:15:59,0.2584,0.2589,0.258,0.259,0.25785363948643203,0.258575,0.258,0.259,True,0.0012393396705548865,0.00011236879286164554,0,0.2621657840791674,0.2618769126400326,-4.198170933289347,-0.0,0.2630166148932267,0.26299791941627465,53.4470676139116,33.807534207873736,0,-1
2023-06-13 21:16:00,2023-06-13 21:16:59,0.2589,0.2594,0.2589,0.2595,0.258214319743216,0.259175,0.2589,0.2595,True,0.0011936725512295368,0.00022436284312812816,0,0.2620213483596,0.2617482686023597,2.203962839945632,0.0,0.2629783898694135,0.2629621192230779,74.335308102101,52.947964630649416,0,-1
2023-06-13 21:17:00,2023-06-13 21:17:59,0.2594,0.2597,0.2593,0.2598,0.258694659871608,0.25955,0.2593,0.2598,True,0.0011441245118559984,0.0003185448994119651,0,0.26188480848097984,0.26163190378640555,7.62512112409005,7.62512112409005,0.26294427653737956,0.2629296603253358,88.1446255529922,71.97566708966836,0,-1
2023-06-13 21:18:00,2023-06-13 21:18:59,0.2598,0.2595,0.2594,0.2598,0.259122329935804,0.259625,0.2594,0.2598,True,0.0010909727610091383,0.0003621765866111289,0,0.26175835613369264,0.2615265194542124,9.566567865087677,9.566567865087677,0.26291124891014195,0.2628955343519494,97.92719923032227,86.80237762847192,0,-1
2023-06-13 21:19:00,2023-06-13 21:19:59,0.2596,0.2594,0.2593,0.2597,0.259373664967902,0.2595,0.2593,0.2597,True,0.0010416175637942007,0.000377432773170074,0,0.26164243779395246,0.2614296455497639,9.969998850538815,9.969998850538815,0.26287730613491667,0.2628607529156116,98.56248226678366,94.8781023500328,0,2
2023-06-13 21:20:00,2023-06-13 21:20:59,0.2595,0.2596,0.2594,0.26,0.259436832483951,0.259625,0.2594,0.26,True,0.0010100734520946141,0.00039361357008485575,0,0.2615360416718581,0.2613409942558686,11.43932188481292,11.43932188481292,0.2628449448798429,0.2628283076129687,98.56248226678366,98.35072125462996,0,2
2023-06-13 21:21:00,2023-06-13 21:21:59,0.2596,0.2597,0.2596,0.26,0.2595309162419755,0.259725,0.2596,0.26,True,0.0009664967769449996,0.00040216589388235606,0,0.2614385179638633,0.26126011102958835,13.038817234319879,13.038817234319879,0.26281390065218274,0.2627971801740337,98.56248226678366,98.56248226678376,0,2
2023-06-13 21:22:00,2023-06-13 21:22:59,0.2598,0.26,0.2597,0.2601,0.2596279581209877,0.2599,0.2597,0.2601,True,0.0009260327214489289,0.0004184598827365795,0,0.26134931449672577,0.2611870992886261,15.885753786992396,15.885753786992396,0.26278490661584264,0.2627693475354861,99.99999999999972,99.04165484452244,0,2
2023-06-13 21:23:00,2023-06-13 21:23:59,0.2599,0.2593,0.2592,0.2599,0.25976397906049387,0.259575,0.2592,0.2599,True,0.0009170303842025785,0.00036977289981322955,0,0.2612682068926759,0.261118555915974,10.458596194110328,10.458596194110328,0.2627529672465308,0.2627348266644862,95.82200388220473,98.1281620496628,0,1
2023-06-13 21:24:00,2023-06-13 21:24:59,0.2593,0.2594,0.2591,0.2595,0.25966948953024693,0.25932499999999997,0.2591,0.25966948953024693,True,0.0008800996424738237,0.000335513107594666,0,0.2611933814043249,0.26105228553568033,7.680388724974364,7.680388724974364,0.26271885811969964,0.26270164430961573,88.52361431188952,94.78187273136474,0,2
2023-06-13 21:25:00,2023-06-13 21:25:59,0.2594,0.2597,0.2594,0.2598,0.2594972447651235,0.259575,0.2594,0.2598,True,0.0008458068108685475,0.0003252856397801382,0,0.2611228334700026,0.2609899746494067,8.262548343771137,8.262548343771137,0.2626875759493544,0.26267177720205737,84.59236523420986,89.64599447610146,0,2
2023-06-13 21:26:00,2023-06-13 21:26:59,0.2598,0.2605,0.2598,0.2605,0.25953612238256174,0.26015,0.2598,0.2605,True,0.0008425348958065101,0.00036480963349890655,0,0.2610564040597046,0.26093515373105813,13.086803610480985,13.086803610480985,0.2626623264374205,0.26265016747865383,88.77036135200485,87.29544696603483,0,2
2023-06-13 21:27:00,2023-06-13 21:27:59,0.2606,0.2601,0.2597,0.2606,0.25984306119128087,0.26025,0.2597,0.2606,True,0.0008466395461060459,0.00035184360159547495,0,0.26099577889538134,0.2608872919532773,12.316030143780615,12.316030143780615,0.2626383231892869,0.2626247926778712,96.06875092232006,89.81049250284502,0,2
2023-06-13 21:28:00,2023-06-13 21:28:59,0.2602,0.2604,0.2602,0.2607,0.2600465305956404,0.26037499999999997,0.2602,0.2607,True,0.0008290224356698989,0.0003529488711277249,0,0.2609415354243293,0.2608460951714342,13.487819823434869,13.487819823434869,0.2626158025605378,0.2626026554372954,99.99999999999972,94.9463707581083,1,2
2023-06-13 21:29:00,2023-06-13 21:29:59,0.2604,0.2605,0.2602,0.2605,0.26021076529782017,0.2604,0.2602,0.2605,True,0.0007912351188363363,0.00034881151467678945,0,0.26089381529788175,0.2608105999680865,14.82754202582683,14.82754202582683,0.26259375477386576,0.2625817334926457,99.99999999999972,98.68958364077326,0,2
2023-06-13 21:30:00,2023-06-13 21:30:59,0.2606,0.2607,0.2604,0.2611,0.2603053826489101,0.26070000000000004,0.2604,0.2611,True,0.0007847183246337394,0.000347758053570089,0,0.2608522076329841,0.26078189551146735,16.86119531127389,16.86119531127389,0.2625749114427825,0.2625630097763009,99.99999999999972,99.99999999999982,0,2
2023-06-13 21:31:00,2023-06-13 21:31:59,0.2608,0.2608,0.2606,0.261,0.2605026913244551,0.26080000000000003,0.2606,0.261,True,0.0007572384443027589,0.00034132081235431174,0,0.26081705157222573,0.2607594205069493,18.792827088270215,18.792827088270215,0.26255725063240654,0.2625454673904671,99.99999999999972,99.99999999999982,0,2
2023-06-13 21:32:00,2023-06-13 21:32:59,0.2607,0.261,0.2606,0.261,0.2606513456622276,0.260825,0.2606,0.261,True,0.0007317214125668484,0.0003379916958698412,0,0.2607882360395875,0.26074217572289854,21.218264579341195,21.218264579341195,0.26254001430770596,0.2625300896054873,99.99999999999972,99.99999999999982,0,2
2023-06-13 21:33:00,2023-06-13 21:33:59,0.2611,0.2613,0.261,0.2614,0.2607381728311138,0.2612,0.261,0.2614,True,0.0007080270259549315,0.00034312686738702047,0,0.260765205881243,0.2607317399445608,24.298648619087146,24.298648619087146,0.2625266808320074,0.26251784990792026,99.99999999999972,99.99999999999982,0,2
2023-06-13 21:34:00,2023-06-13 21:34:59,0.2612,0.2614,0.2611,0.2614,0.2609690864155569,0.261275,0.2611,0.2614,True,0.0006788822383867238,0.00033922940864221493,0,0.26074847291290193,0.2607272511246032,26.797540645570848,26.797540645570848,0.26251422629636556,0.26250672702326433,99.99999999999972,99.99999999999982,0,2
2023-06-13 21:35:00,2023-06-13 21:35:59,0.2613,0.261,0.261,0.2616,0.26112204320777843,0.261225,0.261,0.2616,True,0.0006732477927876713,0.00029482750764947644,0,0.2607378620187526,0.26072713213170623,21.726904931410687,21.726904931410687,0.2625013981740137,0.26249173471457515,98.40526357793583,99.46842119264518,0,1
2023-06-13 21:36:00,2023-06-13 21:36:59,0.261,0.2609,0.2609,0.2611,0.2611735216038892,0.260975,0.2609,0.2611735216038892,True,0.0006394443790171218,0.00024632187708846303,0,0.26073249707522944,0.2607287390849369,16.929850481869153,16.929850481869153,0.2624862101324812,0.26247589655821124,88.89956662597986,95.76827673463856,0,1
2023-06-13 21:37:00,2023-06-13 21:37:59,0.2609,0.2603,0.2602,0.261,0.2610742608019446,0.2606,0.2602,0.2610742608019446,True,0.0006509126376587576,0.0001626529911059033,0,0.2607306180800832,0.2607291209634843,7.387933838003711,7.387933838003711,0.2624674418724565,0.26245424584618926,68.61893780742288,85.30792267044627,0,1
2023-06-13 21:38:00,2023-06-13 21:38:59,0.2604,0.2606,0.2603,0.2606,0.26083713040097234,0.260475,0.2603,0.26083713040097234,True,0.0006258474492545623,0.00012145527610538532,0,0.26072986952178373,0.26072767807909203,4.442200799001149,4.442200799001149,0.2624476165801933,0.2624357956387645,42.81907623930019,66.77919355756772,0,1
2023-06-13 21:39:00,2023-06-13 21:39:59,0.2605,0.2609,0.2603,0.261,0.2606560652004862,0.260675,0.2603,0.261,True,0.000631144060022096,0.00010936787228084449,0,0.2607287738004379,0.2607261806584189,5.3283235989709326,5.3283235989709326,0.262429978604271,0.26242051409012007,25.900509923054347,45.77950798992589,0,1
2023-06-13 21:40:00,2023-06-13 21:40:59,0.2608,0.2606,0.2602,0.2608,0.26066553260024306,0.2606,0.2602,0.2608,True,0.0006360623414490915,7.532245859277525e-05,0,0.2607274772294284,0.26072413599508676,2.754542563269176,0.0,0.2624117698619399,0.2624023995220592,16.649152200488956,28.456246120947913,0,1
2023-06-13 21:41:00,2023-06-13 21:41:59,0.2606,0.2606,0.2605,0.2609,0.26063276630012155,0.26065000000000005,0.2605,0.2609,True,0.0006192007456313001,4.905754206690856e-05,0,0.2607258066122576,0.2607220175654988,1.038688539468005,0.0,0.2623942398135624,0.2623844651984566,16.383573953063472,19.644412025535676,0,1
2023-06-13 21:42:00,2023-06-13 21:42:59,0.2607,0.2615,0.2606,0.2616,0.2606413831500608,0.2611,0.2606,0.2616,True,0.0006464006923719215,9.063638805310991e-05,0,0.2607239120888782,0.26072294307245786,7.1950797243707925,7.1950797243707925,0.2623813618054673,0.2623756645497157,30.706705804529978,21.24647731936089,0,2
2023-06-13 21:43:00,2023-06-13 21:43:59,0.2614,0.2615,0.2611,0.2617,0.2608706915750304,0.261425,0.2611,0.2617,True,0.0006430863572024978,0.00011234923453255048,0,0.260723427580668,0.26072848858773123,11.299340514305989,11.299340514305989,0.2623718457676019,0.262366951469619,57.715662688812436,34.93531414880204,0,2
2023-06-13 21:44:00,2023-06-13 21:44:59,0.2615,0.2615,0.2615,0.2618,0.2611478457875152,0.261575,0.2615,0.2618,True,0.0006185801888308884,0.00012005981437133691,0,0.2607259580841996,0.26073866257942857,14.035514374262775,14.035514374262775,0.2623639169539939,0.26235832508683676,85.37583892642449,57.93273580658905,0,2
2023-06-13 21:45:00,2023-06-13 21:45:59,0.2616,0.2609,0.2608,0.2617,0.26136142289375763,0.26125,0.2608,0.2617,True,0.0006386816039143972,7.703243772091175e-05,0,0.2607323103318141,0.2607501809531359,8.328897255332038,8.328897255332038,0.2623528332032079,0.2623438143894553,82.42244217593921,75.1713145970588,0,1
2023-06-13 21:46:00,2023-06-13 21:46:59,0.2608,0.2606,0.2604,0.2608,0.2613057114468788,0.26065,0.2604,0.2613057114468788,True,0.0006287757750633689,2.3578921724281274e-05,0,0.260741245642475,0.2607585621018822,1.9723851910083567,0.0,0.26233588958924564,0.26232646300249557,51.61213849944579,73.13680653393658,0,1
2023-06-13 21:47:00,2023-06-13 21:47:59,0.2606,0.2597,0.2597,0.2607,0.2609778557234394,0.260175,0.2597,0.2609778557234394,True,0.0006552917911302712,-7.5396812089364e-05,0,0.26074990387217856,0.2607611567826147,-7.10827848324206,-7.10827848324206,0.2623143882002979,0.26230032904227174,18.27880516611246,50.771128613832566,0,1
2023-06-13 21:48:00,2023-06-13 21:48:59,0.2597,0.2592,0.2585,0.26,0.2605764278617197,0.25934999999999997,0.2585,0.2605764278617197,True,0.0007156280917638234,-0.00017180857653739478,0,0.2607555303273966,0.26075351755675835,-14.793384623800307,-14.793384623800307,0.26228489180029496,0.262269479997075,-2.936909974475081e-13,23.296981221852732,0,1
2023-06-13 21:49:00,2023-06-13 21:49:59,0.2591,0.2595,0.2589,0.26,0.25996321393085986,0.259375,0.2589,0.26,True,0.0007430832280664066,-0.0002070963181811199,0,0.2607545239420775,0.2607380450440738,-16.58428511135611,-16.58428511135611,0.26225593765302835,0.26224192298217874,0.4253910700552983,6.234732078722568,-1,1
2023-06-13 21:50:00,2023-06-13 21:50:59,0.2596,0.2598,0.2594,0.2598,0.25966910696542994,0.25965,0.2594,0.2598,True,0.0007185772832045172,-0.0002009430439164538,0,0.26074628449307563,0.2607183982799254,-14.733593932294418,-14.733593932294418,0.2622300079251375,0.2622176252410625,5.538678885979869,1.9880233186783711,0,1
2023-06-13 21:51:00,2023-06-13 21:51:59,0.2597,0.2604,0.2595,0.2605,0.25965955348271497,0.260025,0.2595,0.2605,True,0.000738678905832766,-0.0001473736548740651,0,0.26073234138650053,0.2606981727947387,-8.65691661248922,-8.65691661248922,0.262208067547773,0.26219953941776836,16.53791008834254,7.500660014792648,0,2
2023-06-13 21:52:00,2023-06-13 21:52:59,0.2605,0.2605,0.2602,0.2606,0.2598422767413575,0.26045,0.2602,0.2606,True,0.0007144875554161407,-9.959855659383934e-05,0,0.26071525709061966,0.2606805463987188,-3.9013299294704495,-3.9013299294704495,0.2621905743383424,0.26218262857779057,33.05049857630739,18.37569585021001,0,2
2023-06-13 21:53:00,2023-06-13 21:53:59,0.2604,0.2598,0.2592,0.2604,0.2601461383706788,0.25995,0.2592,0.2604,True,0.000756309872886418,-0.00011240918204896106,0,0.2606979017446692,0.2606616566879675,-5.8522091271349765,-5.8522091271349765,0.2621682800663191,0.2621589208307479,38.53456475436841,29.374324473006194,0,1
2023-06-13 21:54:00,2023-06-13 21:54:59,0.2599,0.2599,0.2598,0.2602,0.2600480691853394,0.25995,0.2598,0.2602,True,0.0007308591676802461,-0.00010877449357291149,0,0.26067977921631835,0.26064190196414805,-6.252097365562307,-6.252097365562307,0.26214620762784824,0.26213644400656133,38.132687545991345,36.572583625555794,0,1
2023-06-13 21:55:00,2023-06-13 21:55:59,0.2598,0.2598,0.2598,0.2603,0.2599990345926697,0.25992499999999996,0.2598,0.2603,True,0.0007143692271316572,-0.00010820729101157564,0,0.2606608405902332,0.26062143022128403,-7.2555552057298485,-7.2555552057298485,0.26212410605941194,0.2621131958074911,31.46601653515383,36.04442294517127,0,1
2023-06-13 21:56:00,2023-06-13 21:56:59,0.2599,0.2597,0.2596,0.26,0.25996201729633484,0.25980000000000003,0.2596,0.26,True,0.0006919142823365396,-0.00010947211326928269,0,0.2606411354057586,0.2605996767892777,-8.714462164147307,-8.714462164147307,0.26210098062598497,0.2620891839089091,29.451661838649784,33.016788639931725,0,-2
2023-06-13 21:57:00,2023-06-13 21:57:59,0.2597,0.2596,0.2595,0.2599,0.25988100864816743,0.259675,0.2595,0.2599,True,0.0006710632621696448,-0.0001116858777359124,0,0.2606204060975182,0.26057620589314046,-10.521590244717835,-10.521590244717835,0.26207684151527866,0.2620644159098155,25.73713856423119,28.88493897934501,0,-2
2023-06-13 21:58:00,2023-06-13 21:58:59,0.2597,0.2595,0.2595,0.2598,0.2597780043240837,0.259625,0.2595,0.2598,True,0.0006445587434432392,-0.0001142314245929924,0,0.2605983059953293,0.2605512008075494,-12.594450319630589,-12.594450319630589,0.2620524450822908,0.2620388993335984,23.27086641434724,26.15322227240948,0,-2
2023-06-13 21:59:00,2023-06-13 21:59:59,0.2595,0.2592,0.2591,0.2596,0.25970150216204185,0.25934999999999997,0.2591,0.25970150216204185,True,0.0006342331189115793,-0.00013040497449252645,0,0.2605747534014394,0.2605232726128385,-16.27396738317499,-16.27396738317499,0.262025555081472,0.26201065157903525,19.470137174587638,22.82604738438876,0,-2
2023-06-13 22:00:00,2023-06-13 22:00:59,0.2592,0.2588,0.2579,0.2592,0.25952575108102094,0.258775,0.2579,0.25952575108102094,True,0.0006817878961321784,-0.00016130752293582539,0,0.26054901300713895,0.2604892895393845,-20.91558414945812,-20.91558414945812,0.26199321124981556,0.2619787047971543,12.587306455020629,18.44277001465191,0,-2
2023-06-13 22:01:00,2023-06-13 22:01:59,0.2587,0.2587,0.2585,0.2592,0.25915037554051046,0.258775,0.2585,0.2592,True,0.0006830887606941641,-0.00017951057067417347,0,0.26051915127326175,0.26045077257733834,-24.468802189567,-24.468802189567,0.2619611892473298,0.2619460808688244,4.782270057721653,12.279904562443383,0,-2
2023-06-13 22:02:00,2023-06-13 22:02:59,0.2587,0.2581,0.2581,0.259,0.2589626877702552,0.258475,0.2581,0.259,True,0.0006985824206445819,-0.00022267835855509916,0,0.2604849619253001,0.26040689200120015,-28.886138004364007,-28.886138004364007,0.2619265007971076,0.26190781140744307,-2.936909974475081e-13,5.789858837580738,0,-2
2023-06-13 22:03:00,2023-06-13 22:03:59,0.2581,0.2584,0.2581,0.2586,0.2587188438851276,0.2583,0.2581,0.2587188438851276,True,0.0006843979620271117,-0.00021797062736865204,0,0.26044592696325014,0.2603578889952787,-26.955016003927277,-26.955016003927277,0.26189041621206177,0.2618729078113491,-2.936909974475081e-13,1.5940900192404301,0,-2
2023-06-13 22:04:00,2023-06-13 22:04:59,0.2584,0.2588,0.2583,0.2589,0.25850942194256377,0.2586,0.2583,0.2589,True,0.0006783695361680355,-0.00017530826178141273,0,0.26040190797926444,0.2603072475961379,-20.536095377806596,-20.536095377806596,0.2618576757522403,0.2618423316142212,8.85315692076612,2.951052306921919,0,-1
2023-06-13 22:05:00,2023-06-13 22:05:59,0.2588,0.2593,0.2587,0.2594,0.2585547109712819,0.25905,0.2587,0.2594,True,0.0006799145692988924,-0.00010287915589896984,0,0.2603545777877012,0.260258751210906,-11.639457934032976,-11.639457934032976,0.2618297386800787,0.2618170347822389,29.247911779309092,12.700356233358383,0,-1
2023-06-13 22:06:00,2023-06-13 22:06:59,0.2594,0.2597,0.2594,0.2599,0.25880235548564096,0.2596,0.2594,0.2599,True,0.0006742063857775462,-2.1146037116899984e-05,0,0.2603066644993037,0.26021604993189223,-2.9708222370330972,-0.0,0.2618075522255505,0.26179596975953007,62.58124511264242,33.56077127090595,0,-1
2023-06-13 22:07:00,2023-06-13 22:07:59,0.2598,0.2586,0.2585,0.2598,0.2592011777428205,0.259175,0.2585,0.2598,True,0.0007189059296505764,-3.988985812442599e-05,0,0.260261357215598,0.2601752882049713,-5.3876053916279645,-5.3876053916279645,0.26178135767604255,0.2617641690654054,79.21875058429595,57.015969158749236,0,-2
2023-06-13 22:08:00,2023-06-13 22:08:59,0.2587,0.2586,0.2586,0.2588,0.2591880888714102,0.258675,0.2586,0.2591880888714102,True,0.0006818412203898193,-4.7259839492546404e-05,0,0.2602183227102847,0.2601329026381161,-6.998794161357871,-6.998794161357871,0.26175044864444014,0.2617326847960979,76.40233236427441,72.73410935373767,0,-2
2023-06-13 22:09:00,2023-06-13 22:09:59,0.2587,0.2582,0.2582,0.2588,0.2589315444357051,0.25847499999999995,0.2582,0.2589315444357051,True,0.0006759954189334029,-7.429680073931015e-05,0,0.2601756126742004,0.2600881572080321,-10.2830956077227,-10.2830956077227,0.2617178571156397,0.26169753370359944,57.76818113777159,71.12975469544739,0,-2
2023-06-13 22:10:00,2023-06-13 22:10:59,0.2581,0.2578,0.2578,0.2584,0.2587032722178525,0.258025,0.2578,0.2587032722178525,True,0.0006705671747238774,-0.00011271386124633897,0,0.2601318849411162,0.2600387733637084,-14.314369353021377,-14.314369353021377,0.26168111226871793,0.2616587522737129,41.00309672796135,58.391203410002525,0,-2
2023-06-13 22:11:00,2023-06-13 22:11:59,0.2578,0.2579,0.2575,0.2582,0.2583641361089263,0.25785,0.2575,0.2583641361089263,True,0.0006726695193864559,-0.00012229391976452712,0,0.2600853291524123,0.2599848758028175,-15.85294592956636,-15.85294592956636,0.2616429917486312,0.2616213517535764,29.994975567702216,42.92208447781179,0,-2
2023-06-13 22:12:00,2023-06-13 22:12:59,0.2578,0.2576,0.2573,0.2578,0.25810706805446315,0.257625,0.2573,0.25810706805446315,True,0.0006674788394302837,-0.00014002875654143512,0,0.26003510247761485,0.2599262506164363,-18.394380403283655,-18.394380403283655,0.2616030117312319,0.2615813383032921,19.15694679048762,30.051673028717133,0,-2
2023-06-13 22:13:00,2023-06-13 22:13:59,0.2575,0.2573,0.2573,0.2577,0.25786603402723157,0.25744999999999996,0.2573,0.25786603402723157,True,0.0006483732080424071,-0.0001620110307428322,0,0.25998067654702556,0.2598631048822773,-21.409387829051273,-21.409387829051273,0.2615616882314187,0.2615387379221648,12.23713911311875,20.463020490436268,0,-2
2023-06-13 22:14:00,2023-06-13 22:14:59,0.2573,0.2576,0.2573,0.2577,0.2576580170136158,0.25747499999999995,0.2573,0.2577,True,0.0006306322646108074,-0.00014434507906477007,0,0.25992189071465144,0.2597970048625379,-19.495442216956736,-19.495442216956736,0.26152102466692695,0.2614995465000537,8.184192209890337,13.192759371165641,0,-1
2023-06-13 22:15:00,2023-06-13 22:15:59,0.2577,0.2569,0.2567,0.258,0.25756650850680785,0.25732499999999997,0.2567,0.258,True,0.0006784442457100371,-0.0001701742639480953,0,0.25985944778859466,0.2597280032698954,-21.63624228211835,-21.63624228211835,0.2614792731777038,0.2614537798682124,4.947728181560206,8.456353168189835,0,-2
2023-06-13 22:16:00,2023-06-13 22:16:59,0.2569,0.2583,0.2567,0.2583,0.2574457542534039,0.25755,0.2567,0.2583,True,0.0007442696567307481,-7.86868728804962e-05,0,0.25979372552924507,0.25965873441208676,-12.499879649995933,-12.499879649995933,0.2614401759321545,0.2614223989740013,10.524624283110168,7.885514891520308,0,-1
2023-06-13 22:17:00,2023-06-13 22:17:59,0.2582,0.2581,0.2581,0.2584,0.2574978771267019,0.2582,0.2581,0.2584,True,0.0007125361098214106,-2.5044138637185065e-05,0,0.2597262299706659,0.25959419008381485,-7.650497822104981,-0.0,0.2614079353756157,0.26138934027774263,31.763688654843236,15.74534703983794,0,-1
2023-06-13 22:18:00,2023-06-13 22:18:59,0.2582,0.2585,0.2581,0.2586,0.25784893856335095,0.25834999999999997,0.2581,0.2586,True,0.0006973549591198814,4.290616269919819e-05,0,0.2596602100272404,0.25953483741312516,-2.2096336050460934,-0.0,0.26137750815794786,0.26136059062323774,58.277642205086615,33.521985047680076,0,-1
2023-06-13 22:19:00,2023-06-13 22:19:59,0.2585,0.2587,0.2584,0.2587,0.2580994692816755,0.258575,0.2584,0.2587,True,0.0006689724620398875,0.00010327157769989394,0,0.25959752372018274,0.2594815231326808,2.471989710082134,0.0,0.26134962250463495,0.26133411708469806,82.97989728194692,57.673742713958994,0,-1
2023-06-13 22:20:00,2023-06-13 22:20:59,0.2586,0.2589,0.2586,0.259,0.25833723464083774,0.258775,0.2586,0.259,True,0.0006497601433227534,0.00015585424089796008,0,0.2595395234264318,0.2594347009246968,6.663202384862267,6.663202384862267,0.2613240043702605,0.26130989701420354,92.55689766851329,77.93814571851567,0,2
2023-06-13 22:21:00,2023-06-13 22:21:59,0.2589,0.2589,0.2589,0.2592,0.25855611732041883,0.258975,0.2589,0.2592,True,0.0006247772759425544,0.00018707552092423624,0,0.2594871121755643,0.25939468343385036,9.45734416804902,9.45734416804902,0.26130063119244695,0.26128591793943534,98.75158815031746,91.42946103359263,0,2
2023-06-13 22:22:00,2023-06-13 22:22:59,0.259,0.2594,0.2588,0.2595,0.25876555866020945,0.259175,0.2588,0.2595,True,0.0006301503276609457,0.00023706452591759088,0,0.25944089780470736,0.2593616701198986,14.028367120851954,14.028367120851954,0.26127948063331813,0.26126715258680416,99.9999999999997,97.10282860627689,0,2
2023-06-13 22:23:00,2023-06-13 22:23:59,0.2593,0.2594,0.2593,0.2596,0.25897027933010475,0.25939999999999996,0.2593,0.2596,True,0.0006065681613994511,0.00026227027690887815,0,0.259401283962303,0.2593359414893952,17.07571575605391,17.07571575605391,0.2612607793334841,0.26124857395409967,99.9999999999997,99.58386271677237,0,2
2023-06-13 22:24:00,2023-06-13 22:24:59,0.2593,0.2587,0.2587,0.2593,0.25918513966505236,0.259,0.2587,0.2593,True,0.0006132418641566356,0.00022189301236709023,0,0.2593686127258491,0.2593133802417818,11.3249078555692,11.3249078555692,0.26123828401673305,0.26122321500928275,93.1024215060337,97.70080716867778,0,1
2023-06-13 22:25:00,2023-06-13 22:25:59,0.2587,0.2591,0.2587,0.2592,0.25909256983252615,0.25892499999999996,0.2587,0.2592,True,0.0006051531595740188,0.00021599347453787567,0,0.2593409964838154,0.2592929529113844,10.493588479199936,10.493588479199936,0.26121526626532277,0.26120208849177745,84.98705829783005,92.69649326795457,0,2
2023-06-13 22:26:00,2023-06-13 22:26:59,0.2591,0.2588,0.2586,0.2591,0.25900878491626306,0.2589,0.2586,0.2591,True,0.0005976422196044461,0.0001842970772701654,0,0.2593169746975999,0.25927417425564175,7.211700587821774,7.211700587821774,0.26119222879004594,0.2611781871137498,76.446987336515,84.84548904679299,1,1
2023-06-13 22:27:00,2023-06-13 22:27:59,0.2588,0.2584,0.2584,0.2589,0.25895439245813157,0.258625,0.2584,0.25895439245813157,True,0.0005906677753469856,0.00013018728818197338,0,0.2592955744766208,0.2592549356621453,1.9504983990308418,0.0,0.26116668422497086,0.2611505434608767,70.21963101074054,77.21789221502861,-1,1
2023-06-13 22:28:00,2023-06-13 22:28:59,0.2584,0.2585,0.2582,0.2585,0.2587896962290658,0.2584,0.2582,0.2587896962290658,True,0.0005699057913936312,9.808913787069797e-05,0,0.25927525506938304,0.25923392321435207,-0.5459532606019053,-0.0,0.2611391550287025,0.2611241698941018,61.750085309328504,69.47223455219476,0,1
2023-06-13 22:29:00,2023-06-13 22:29:59,0.2584,0.2588,0.2584,0.2588,0.2585948481145329,0.2586,0.2584,0.2588,True,0.0005577696634369401,9.521746747994772e-05,0,0.25925458914186755,0.259213030579027,0.6986525797546932,0.0,0.2611138898045363,0.2611010438255038,55.18959752683793,62.38643794896908,0,2
2023-06-13 22:30:00,2023-06-13 22:30:59,0.2587,0.2576,0.2576,0.2589,0.2585974240572665,0.2582,0.2576,0.2589,True,0.0006107861160485889,8.357943239119855e-06,0,0.2592338098604473,0.25918963119321176,-6.09422138625915,-0.0,0.261084895876133,0.2610662075685336,34.98119901324504,50.64029394980392,0,1
2023-06-13 22:31:00,2023-06-13 22:31:59,0.2576,0.2574,0.2569,0.2577,0.25839871202863324,0.2574,0.2569,0.25839871202863324,True,0.0006243013934736874,-6.034470124868747e-05,0,0.25921172052682956,0.2591589299190058,-11.423053613209582,-11.423053613209582,0.2610482302455247,0.26102972789123474,18.2327745895274,36.134523709870216,0,1
2023-06-13 22:32:00,2023-06-13 22:32:59,0.2574,0.2583,0.2574,0.2585,0.2578993560143166,0.2579,0.2574,0.2585,True,0.0006582798653684233,-3.8696665235504334e-05,0,0.2591853252229177,0.2591261209918419,-7.779293009892413,-0.0,0.2610169045714399,0.26100256641968017,10.038041146693727,21.084004916488812,0,2
2023-06-13 22:33:00,2023-06-13 22:33:59,0.2583,0.2579,0.2576,0.2583,0.2578996780071583,0.258025,0.2576,0.2583,True,0.0006612598749849629,-4.8685779992458614e-05,0,0.25915572310737983,0.25909273543174655,-7.62315845305875,-0.0,0.2609871343766992,0.2609716951120217,22.386226070774,16.8856806023318,0,1
2023-06-13 22:34:00,2023-06-13 22:34:59,0.2579,0.2577,0.2577,0.2583,0.2579623390035791,0.2579,0.2577,0.2583,True,0.0006568841696288934,-6.488701763789859e-05,0,0.25912422926956324,0.25905826731200254,-8.605276582009765,-0.0,0.26095641662170715,0.26093914093180254,32.93864511213882,21.78763744320227,0,-2
2023-06-13 22:35:00,2023-06-13 22:35:59,0.2577,0.2575,0.2573,0.2577,0.25793116950178957,0.25755,0.2573,0.25793116950178957,True,0.0006385353003696875,-8.427124240326176e-05,0,0.25909124829078295,0.25902078200117834,-10.36294564237177,-0.0,0.2609225219289539,0.26090492062402343,28.67452576328097,27.999798982064686,0,-2
2023-06-13 22:36:00,2023-06-13 22:36:59,0.2575,0.2575,0.2574,0.2578,0.2577405847508948,0.25755,0.2574,0.2578,True,0.0006214970646289924,-9.099118223148187e-05,0,0.2590560151459807,0.2589811784236946,-11.534725015946442,-0.0,0.26088896449682497,0.2608710408168192,22.100262637036852,27.904477837485633,0,-2
2023-06-13 22:37:00,2023-06-13 22:37:59,0.2576,0.2579,0.2575,0.2582,0.2576452923754474,0.25780000000000003,0.2575,0.2582,True,0.0006271044171554914,-6.164443412076941e-05,0,0.2590185967848377,0.25894189410849766,-8.17160345464655,-0.0,0.26085822853168245,0.260841478221627,26.377207678040122,25.717332026119397,0,-1
2023-06-13 22:38:00,2023-06-13 22:38:59,0.2579,0.2578,0.2577,0.258,0.2577226461877237,0.25785,0.2577,0.258,True,0.0006037398159301008,-4.4482147585791446e-05,0,0.2589802454466677,0.25890347373609734,-6.822426628505831,-0.0,0.26082829590947665,0.2608112147567352,37.84590920949238,28.774459841523207,0,-1
2023-06-13 22:39:00,2023-06-13 22:39:59,0.2578,0.2576,0.2574,0.2579,0.25778632309386185,0.257675,0.2574,0.2579,True,0.0005963298290779508,-4.2752559036298224e-05,0,0.25894185959138255,0.2588647964704436,-7.710978197376072,-0.0,0.2607969198307754,0.26077926237109605,45.53759692362291,36.58690460371856,0,-2
2023-06-13 22:40:00,2023-06-13 22:40:59,0.2576,0.2573,0.257,0.258,0.2577306615469309,0.257475,0.257,0.258,True,0.00062516341271524,-5.7865679920744695e-05,0,0.2589033280309131,0.25882481010540614,-10.651285414749665,-0.0,0.260763865902111,0.2607446428450155,42.23312568380775,41.8722106056411,0,-2
2023-06-13 22:41:00,2023-06-13 22:41:59,0.2573,0.2568,0.2565,0.2573,0.25760283077346546,0.25697499999999995,0.2565,0.25760283077346546,True,0.0006376517403784348,-9.680939089761972e-05,0,0.2588640690681596,0.25878063689447334,-15.489941286800779,-15.489941286800779,0.260726165743881,0.26070539266745313,24.99050235451932,37.58707498731675,0,-2
2023-06-13 22:42:00,2023-06-13 22:42:59,0.2569,0.2573,0.2566,0.2574,0.2572889153867327,0.25705,0.2566,0.2574,True,0.0006492480446371197,-8.068233001141408e-05,0,0.2588223529813165,0.2587339850052863,-12.792024731148857,-12.792024731148857,0.2606895869802603,0.26067150816329937,14.889950246673399,27.371192761666904,0,-1
2023-06-13 22:43:00,2023-06-13 22:43:59,0.2572,0.257,0.257,0.2575,0.25716945769336635,0.257175,0.257,0.2575,True,0.0006385874700201826,-8.439981800121958e-05,0,0.2587781689933014,0.25868655934978374,-13.059154728727286,-13.059154728727286,0.26065461596553136,0.26063497574376404,16.261919246091917,18.714123949094958,0,-2
2023-06-13 22:44:00,2023-06-13 22:44:59,0.2569,0.257,0.2568,0.2571,0.25717222884668317,0.25695,0.2568,0.25717222884668317,True,0.0006144026507330283,-8.007128250889651e-05,0,0.2587323641715426,0.25863730615377206,-13.23724139377957,-13.23724139377957,0.26061775411512805,0.26059880683089076,20.799516979932637,17.31712882423273,0,-2
2023-06-13 22:45:00,2023-06-13 22:45:59,0.2569,0.2575,0.2569,0.2576,0.25706111442334156,0.257225,0.2569,0.2576,True,0.000620516747109239,-3.631864602813623e-05,0,0.25868483516265733,0.25858883884402173,-7.87061910303305,-0.0,0.2605839953677138,0.26056797293207595,39.6603357891914,25.57392400507206,0,-1
2023-06-13 22:46:00,2023-06-13 22:46:59,0.2575,0.257,0.257,0.2576,0.25714305721167074,0.257275,0.257,0.2576,True,0.0006190512651728642,-3.7553658307872256e-05,0,0.2586368370033395,0.2585416658585132,-8.468069229487128,-0.0,0.2605510700406719,0.26053247071384633,52.11637133570784,37.525408034944036,0,-2
2023-06-13 22:47:00,2023-06-13 22:47:59,0.2569,0.2571,0.2565,0.2571,0.2572090286058354,0.2569,0.2565,0.2572090286058354,True,0.0006176904605176588,-2.661494391515665e-05,0,0.2585892514309263,0.2584932626616307,-7.796269917577362,-0.0,0.26051474098554084,0.2604983167763951,57.67259581841072,49.81643431443673,0,-1
2023-06-13 22:48:00,2023-06-13 22:48:59,0.2572,0.2572,0.2572,0.2577,0.2570545143029177,0.25732499999999997,0.2572,0.2577,True,0.0006164268561949681,-8.253215546323036e-06,0,0.2585412570462785,0.2584471389600602,-6.207073475962723,-0.0,0.2604830022692668,0.2604654977039932,68.78005293836453,59.52300669749443,0,-1
2023-06-13 22:49:00,2023-06-13 22:49:59,0.2573,0.2576,0.2569,0.2576,0.25718975715145886,0.25734999999999997,0.2569,0.2576,True,0.0006223963664667545,3.466821767145786e-05,0,0.25849419800316936,0.25840329790541,-1.161874552095,-0.0,0.2604518281173338,0.2604369852890281,76.76048888320997,67.73771254666181,0,-1
2023-06-13 22:50:00,2023-06-13 22:50:59,0.2577,0.257,0.257,0.258,0.2572698785757294,0.257425,0.257,0.258,True,0.0006493680545762721,2.2913137401930114e-05,0,0.2584487479542897,0.2583620693707512,-3.4692721503176926,-0.0,0.26042171042462403,0.2604027864304308,99.9999999999997,81.84684727385815,0,-2
2023-06-13 22:51:00,2023-06-13 22:51:59,0.257,0.2575,0.257,0.2575,0.25734743928786474,0.25725,0.257,0.2575,True,0.0006386989078208241,5.1726958730830496e-05,0,0.25840540866252043,0.2583219798769409,-0.670139419999991,-0.0,0.2603901511169163,0.2603739029833618,93.032886758967,89.93112521405897,0,2
2023-06-13 22:52:00,2023-06-13 22:52:59,0.2574,0.2577,0.2574,0.2579,0.25729871964393236,0.2576,0.2574,0.2579,True,0.0006287918429764795,8.482025432531113e-05,0,0.25836369426973066,0.258285463586775,2.6546393651833142,0.0,0.2603623884192356,0.2603472969835274,93.032886758967,95.3552578393113,0,2
2023-06-13 22:53:00,2023-06-13 22:53:59,0.2576,0.2577,0.2575,0.258,0.25744935982196615,0.2577,0.2575,0.258,True,0.0006195924256210168,0.0001053417718397739,0,0.25832457892825283,0.25825269715189814,4.87115855530552,4.87115855530552,0.2603358969921785,0.2603209557200097,93.032886758967,93.03288675896705,0,2
2023-06-13 22:54:00,2023-06-13 22:54:59,0.2577,0.2576,0.2574,0.2577,0.25757467991098304,0.2576,0.2574,0.2577,True,0.0005967643952195132,0.00010978474629606502,0,0.25828863804007546,0.25822242171070414,5.057232197567529,5.057232197567529,0.26030867413653497,0.26029388153374095,96.74791595873485,94.27122982555635,0,2
2023-06-13 22:55:00,2023-06-13 22:55:59,0.2577,0.2574,0.2574,0.2579,0.25758733995549155,0.2576,0.2574,0.2579,True,0.0005898526527038338,9.659658671984112e-05,0,0.2582555298753898,0.25819431516807834,2.6767103390527893,0.0,0.2602817221550769,0.26026508669260917,93.22247929292024,94.3344273368741,0,1
2023-06-13 22:56:00,2023-06-13 22:56:59,0.2573,0.2576,0.2573,0.2577,0.2575936699777458,0.25747499999999995,0.2573,0.2577,True,0.000576291748939275,9.987234342898402e-05,0,0.25822492252173407,0.25816725142238783,3.5186919991666414,3.5186919991666414,0.26025379457144426,0.26023856841706083,84.99190021774574,91.65409848980035,0,2
2023-06-13 22:57:00,2023-06-13 22:57:59,0.2576,0.2577,0.2576,0.2578,0.2575343349888729,0.257675,0.2576,0.2578,True,0.0005494137668721823,0.00010662525147860091,0,0.258196086972061,0.2581425665768278,5.236434742307324,5.236434742307324,0.2602281349239672,0.2602133090298264,88.04204883221284,88.75214278095969,0,2
2023-06-13 22:58:00,2023-06-13 22:58:59,0.2577,0.2578,0.2577,0.2578,0.25760466749443645,0.25775,0.2577,0.2578,True,0.0005173127835241684,0.00011514897048005014,0,0.25816932677444443,0.25812043860012224,7.5529748578276354,7.5529748578276354,0.2602034768650222,0.260189296004654,91.56748549802745,88.2004781826621,0,2
2023-06-13 22:59:00,2023-06-13 22:59:59,0.2578,0.258,0.2577,0.2581,0.25767733374721824,0.2579,0.2577,0.2581,True,0.0005089332989867286,0.0001311040199205227,0,0.25814488268728336,0.2581015046452194,11.233636415349125,11.233636415349125,0.260180556697211,0.2601675119648067,99.79806457320194,93.13586630114749,0,2
2023-06-13 23:00:00,2023-06-13 23:00:59,0.258,0.2577,0.2576,0.2582,0.25778866687360913,0.257875,0.2576,0.2582,True,0.0005154380633448188,0.0001166475411558281,0,0.2581231936662514,0.2580850437466237,8.342501581439272,8.342501581439272,0.2601576158345522,0.26014295960694794,98.97187212126806,96.77914073083257,0,1
2023-06-13 23:01:00,2023-06-13 23:01:59,0.2577,0.2573,0.2573,0.2577,0.2578318334368046,0.25749999999999995,0.2573,0.2578318334368046,True,0.0005071924873916182,7.613055701255646e-05,0,0.25810411870643757,0.2580680699431213,1.6460070569745184,0.0,0.26013117189589996,0.26011467145165496,75.27127805330123,91.34707158259049,0,1
2023-06-13 23:02:00,2023-06-13 23:02:59,0.2572,0.2562,0.2562,0.2572,0.2576659167184023,0.2567,0.2562,0.2576659167184023,True,0.0005495358811493591,-2.7540506515187673e-05,0,0.25808609432477947,0.25804531993354995,-8.852192113042136,-8.852192113042136,0.2600970308820104,0.2600757194969121,41.9379447199679,72.0603649648458,0,1
2023-06-13 23:03:00,2023-06-13 23:03:59,0.2563,0.2565,0.2558,0.2568,0.25718295835920113,0.25634999999999997,0.2558,0.25718295835920113,True,0.0005817118896386867,-7.134303238205746e-05,0,0.2580657071291647,0.25801577699336564,-12.28175786330769,-12.28175786330769,0.2600597469926372,0.26004014019843535,9.632739265366203,42.280654012878514,0,-2
2023-06-13 23:04:00,2023-06-13 23:04:59,0.2564,0.2566,0.2563,0.2567,0.25676647917960055,0.2565,0.2563,0.25676647917960055,True,0.0005687324689502099,-8.806987921646848e-05,0,0.2580407420612652,0.25798211778664515,-13.394831376436748,-13.394831376436748,0.2600243266245512,0.26000590994770467,4.437450157877746,18.669378047737354,0,-2
2023-06-13 23:05:00,2023-06-13 23:05:59,0.2566,0.2567,0.2566,0.2571,0.2566332395898003,0.25675000000000003,0.2566,0.2571,True,0.0005638230068823377,-8.639668186464925e-05,0,0.2580114299239552,0.2579471640181524,-12.877529545533129,-12.877529545533129,0.25999174626012783,0.25997301532135936,15.884005064362425,9.984731495868862,0,-2
2023-06-13 23:06:00,2023-06-13 23:06:59,0.2568,0.2568,0.2566,0.2569,0.2566916197949002,0.256775,0.2566,0.2569,True,0.0005449785063907437,-7.276136001909024e-05,0,0.2579792969710538,0.2579116023786827,-11.200485670086955,-11.200485670086955,0.2599597388346539,0.25994144302960454,28.021496254876116,16.114317159038833,0,-1
2023-06-13 23:07:00,2023-06-13 23:07:59,0.2568,0.2579,0.2568,0.2579,0.2567333098974501,0.25734999999999997,0.2568,0.2579,True,0.0005846228987914081,1.6685866004105565e-05,0,0.25794544967486827,0.2578797512602757,-1.2060282139907343,-0.0,0.2599337712840603,0.2599211301636383,49.82081973576978,31.242107018336174,0,2
2023-06-13 23:08:00,2023-06-13 23:08:59,0.2579,0.2583,0.2577,0.2586,0.257041654948725,0.258125,0.2577,0.2586,True,0.0006071498345920226,0.00010310456871737264,0,0.257912600467572,0.2578563573179259,7.197565294280437,7.197565294280437,0.2599157735598408,0.25990499951524393,71.70759816261842,49.84997138442151,0,2
2023-06-13 23:09:00,2023-06-13 23:09:59,0.2582,0.258,0.2579,0.2582,0.2575833274743625,0.258075,0.2579,0.2582,True,0.0005923534178354464,0.0001355168810240679,0,0.25788447889274896,0.2578394392239117,9.572143174749748,9.572143174749748,0.2598974574050165,0.2598860442961868,91.96081952369798,71.16307914069546,0,2
2023-06-13 23:10:00,2023-06-13 23:10:59,0.2581,0.258,0.258,0.2584,0.25782916373718123,0.258125,0.258,0.2584,True,0.0005786138879900581,0.00015190733852182243,0,0.25786195905833037,0.2578280787401242,11.155195095062624,11.155195095062624,0.2598798210129268,0.2598672776862745,98.79435091185259,87.48758953272306,1,2
2023-06-13 23:11:00,2023-06-13 23:11:59,0.2579,0.2574,0.2574,0.2579,0.2579770818685906,0.25765000000000005,0.2574,0.2579770818685906,True,0.0005801414674193389,0.00011581240920479155,0,0.2578450188992273,0.2578179127418069,6.342273443776477,6.342273443776477,0.2598576337391663,0.2598427276595454,89.63915361588239,93.46477468381106,0,1
2023-06-13 23:12:00,2023-06-13 23:12:59,0.2575,0.2581,0.2575,0.2581,0.2578135409342953,0.25780000000000003,0.2575,0.2581,True,0.0005887027911750988,0.00013635843493819142,0,0.2578314658205171,0.25780978607938,8.054037338802836,8.054037338802836,0.2598371597716124,0.2598253870858186,83.74498241059645,90.7261623127772,0,2
2023-06-13 23:13:00,2023-06-13 23:13:59,0.2581,0.2582,0.2581,0.2584,0.2578067704671477,0.2582,0.2581,0.2584,True,0.0005680811632340219,0.00015123661423456676,0,0.25782062594994853,0.25780606518337407,9.777386047113659,9.777386047113659,0.2598208696246312,0.2598092140799895,82.86867037845174,85.41760213497692,0,2
2023-06-13 23:14:00,2023-06-13 23:14:59,0.2581,0.2578,0.2576,0.2581,0.2580033852335738,0.2579,0.2576,0.2581,True,0.0005703610801458767,0.00012724972621020041,0,0.2578133455666613,0.2578037801885195,7.159682248899898,7.159682248899898,0.25980175649403786,0.25978922190008913,85.42931822504683,84.01432367136506,0,1
2023-06-13 23:15:00,2023-06-13 23:15:59,0.2579,0.2571,0.257,0.2579,0.2579516926167869,0.257475,0.257,0.2579516926167869,True,0.0005939067172783149,5.8433161509087165e-05,0,0.2578085628775904,0.25779972541426166,0.6911804019865571,0.0,0.259778604688127,0.25976246347322257,78.84009156859638,82.37936005736505,0,1
2023-06-13 23:16:00,2023-06-13 23:16:59,0.2572,0.2565,0.2565,0.2574,0.2577133463083935,0.2569,0.2565,0.2577133463083935,True,0.0006157705231870076,-2.951569641040397e-05,0,0.25780414414592606,0.25779035998880473,-6.379409230760473,-6.379409230760473,0.25974996185540933,0.2597300011501059,58.88625626387477,74.38522201917273,-1,1
2023-06-13 23:17:00,2023-06-13 23:17:59,0.2565,0.2562,0.2562,0.2565,0.25730667315419675,0.25634999999999997,0.2562,0.25730667315419675,True,0.0005932154858165087,-0.00010526582588132455,0,0.2577972520673654,0.25777310412218385,-12.235180194626665,-12.235180194626665,0.25971613138918637,0.25969487676055264,35.01534346879353,57.58056376708831,0,1
2023-06-13 23:18:00,2023-06-13 23:18:59,0.2562,0.2563,0.2555,0.2564,0.25682833657709836,0.2561,0.2555,0.25682833657709836,True,0.0006151286654010445,-0.00014212764375724708,0,0.25778517809477464,0.2577480391834742,-15.044041181867726,-15.044041181867726,0.2596801499823288,0.25966109689228845,15.10802877893668,36.33654283720174,0,-2
2023-06-13 23:19:00,2023-06-13 23:19:59,0.2563,0.2561,0.256,0.2565,0.2564641682885492,0.256225,0.256,0.2565,True,0.00060690518930097,-0.00017253134077280745,0,0.25776660863912443,0.2577178557124595,-17.858804294046124,-17.858804294046124,0.25964577038051456,0.2596256630923652,5.413920188641171,18.512430812123878,0,-2
2023-06-13 23:20:00,2023-06-13 23:20:59,0.256,0.2566,0.2558,0.2569,0.2563445841442746,0.256325,0.2558,0.2569,True,0.0006421262472080429,-0.0001491129171852719,0,0.25774223217579195,0.25768453558202103,-14.242689100581302,-14.242689100581302,0.2596127278891662,0.25959555699194364,7.167433776630246,9.229794248069448,0,-1
2023-06-13 23:21:00,2023-06-13 23:21:59,0.2565,0.257,0.2565,0.2576,0.2563347920721373,0.2569,0.2565,0.2576,True,0.0006748315152646105,-9.856197763466457e-05,0,0.25771338387890647,0.25765291966058135,-8.465902267599176,-8.465902267599176,0.25958573557186104,0.25956973055421284,22.643439977707917,11.741597980993193,0,-1
2023-06-13 23:22:00,2023-06-13 23:22:59,0.257,0.2564,0.2563,0.257,0.25661739603606865,0.256675,0.2563,0.257,True,0.0006766292641742836,-0.00010114918100427854,0,0.2576831517697439,0.2576213186544353,-8.892728926116497,-8.892728926116497,0.25955677302885743,0.2595381909467082,32.43288396189226,20.747919238743556,0,-2
2023-06-13 23:23:00,2023-06-13 23:23:59,0.2563,0.2555,0.2551,0.2564,0.25664619801803434,0.255825,0.2551,0.25664619801803434,True,0.0007211557453046935,-0.0001583819473497971,0,0.2576522352120896,0.2575841143037685,-13.245720149328953,-13.245720149328953,0.25951964095891855,0.25949800994226335,29.76862468072541,28.281649540108607,0,-2
2023-06-13 23:24:00,2023-06-13 23:24:59,0.2554,0.2551,0.2542,0.2556,0.25623559900901716,0.255075,0.2542,0.25623559900901716,True,0.0007696446206400734,-0.00021383081151840242,0,0.25761817475792903,0.25753760786436686,-17.449170815061464,-17.449170815061464,0.2594754156757452,0.2594542486493055,14.292618479647736,25.498042374088545,0,-2
2023-06-13 23:25:00,2023-06-13 23:25:59,0.2551,0.2555,0.255,0.2559,0.2556552995045086,0.255375,0.255,0.2559,True,0.0007789557191657833,-0.00021043053309394963,0,0.25757789131114794,0.25748615522775825,-16.63230717822337,-16.63230717822337,0.25943461551976765,0.25941490289160096,6.762033253189101,16.94109213785416,0,-2
2023-06-13 23:26:00,2023-06-13 23:26:59,0.2555,0.2549,0.2541,0.2555,0.2555151497522543,0.255,0.2541,0.2555151497522543,True,0.0008233160249396567,-0.00023736301655806296,0,0.25753202326945307,0.2574285885363099,-18.477853477831395,-18.477853477831395,0.25939048999220776,0.2593699784847194,6.580091432199798,9.21158105501229,0,-2
2023-06-13 23:27:00,2023-06-13 23:27:59,0.2548,0.2548,0.2541,0.2549,0.25525757487612716,0.25465000000000004,0.2541,0.25525757487612716,True,0.0008216505945868258,-0.0002480240998524382,0,0.25748030590288146,0.2573642018029994,-20.073354031083,-20.073354031083,0.2593433209375589,0.25932450606198587,6.580091432199798,6.640738705862977,0,-2
2023-06-13 23:28:00,2023-06-13 23:28:59,0.2549,0.2554,0.2549,0.2555,0.25495378743806363,0.255175,0.2549,0.2555,True,0.000812961266402051,-0.0001992816266444818,0,0.25742225385294043,0.25729848942255085,-15.74448350083496,-15.74448350083496,0.25930184510733445,0.2592854562504238,14.458452064198065,9.206211642865965,0,-1
2023-06-13 23:29:00,2023-06-13 23:29:59,0.2554,0.2544,0.2543,0.2555,0.2550643937190318,0.2549,0.2543,0.2555,True,0.0008406068902304743,-0.000223710301210711,0,0.2573603716377456,0.2572302974151476,-17.24054808533026,-17.24054808533026,0.2592580456535301,0.25923684474544445,22.908770983802842,14.649104826733646,0,-2
2023-06-13 23:30:00,2023-06-13 23:30:59,0.2545,0.2549,0.2543,0.2556,0.2549821968595159,0.254825,0.2543,0.2556,True,0.0008734206837854381,-0.00019112718094720365,0,0.2572953345264466,0.2571601064699354,-14.60304525374309,-14.60304525374309,0.2592139357465298,0.2591936920614102,32.02460485510861,23.130609301036582,0,-1
2023-06-13 23:31:00,2023-06-13 23:31:59,0.255,0.2548,0.2548,0.2551,0.25490359842975796,0.254925,0.2548,0.2551,True,0.0008324620635150472,-0.00016397791843671063,0,0.257227720498191,0.25708950943780484,-13.331753841104124,-13.331753841104124,0.2591712597689524,0.2591499737324409,31.357615606264243,28.76366381505864,0,-1
2023-06-13 23:32:00,2023-06-13 23:32:59,0.2548,0.2536,0.2534,0.255,0.25491429921487896,0.2542,0.2534,0.255,True,0.0008872862018354003,-0.00021672161016420498,0,0.2571586149679979,0.2570141027902934,-16.94043102568738,-16.94043102568738,0.2591217944976195,0.25909475011321265,22.478079307248663,28.620099922873916,0,-2
2023-06-13 23:33:00,2023-06-13 23:33:59,0.2537,0.2537,0.2527,0.2538,0.25455714960743947,0.253475,0.2527,0.25455714960743947,True,0.0009024800445614464,-0.0002292537700477477,0,0.25708635887914566,0.2569304525975509,-18.531219263755087,-18.531219263755087,0.259065607487693,0.25904107100760854,13.362245435942896,22.399313449818674,0,-2
2023-06-13 23:34:00,2023-06-13 23:34:59,0.2537,0.2537,0.2536,0.2542,0.25401607480371974,0.25379999999999997,0.2536,0.2542,True,0.0008808743270927709,-0.00022170812621370533,0,0.25700840573834827,0.25684311597858167,-19.591744755800224,-19.591744755800224,0.2590132133833378,0.2589879260224582,8.899559759457652,14.913294834216474,0,-2
2023-06-13 23:35:00,2023-06-13 23:35:59,0.2537,0.2537,0.2537,0.2542,0.25390803740185985,0.25382499999999997,0.2537,0.2542,True,0.0008536690180147158,-0.00020115837920752075,0,0.25692576085846497,0.2567536477589913,-20.298761750496983,-20.298761750496983,0.25896158936957325,0.25893530984313023,16.85789572795565,13.039900307785471,0,-1
2023-06-13 23:36:00,2023-06-13 23:36:59,0.2538,0.2544,0.2538,0.2546,0.2538665187009299,0.25415,0.2538,0.2546,True,0.0008569783738708083,-0.0001247953012743951,0,0.2568397043087281,0.256665345008,-13.954886725539737,-13.954886725539737,0.25891371285843323,0.25889018238200456,46.597103308129,24.11818626518084,0,-1
2023-06-13 23:37:00,2023-06-13 23:37:59,0.2542,0.2547,0.2542,0.2548,0.25400825935046495,0.254475,0.2542,0.2548,True,0.0008386227757371824,-4.300056667982141e-05,0,0.256752524658364,0.2565807955350377,-7.540366184574928,-0.0,0.2588695465613344,0.2588484890249697,72.37684307730348,45.27728070446278,0,-1
2023-06-13 23:38:00,2023-06-13 23:38:59,0.2547,0.255,0.2545,0.255,0.25424162967523245,0.2548,0.2545,0.255,True,0.000814435434613098,3.870368857317814e-05,0,0.2566666600967008,0.2565020109891889,-1.2812784361514176,-0.0,0.2588290535607241,0.25881019560183566,96.4058742468397,71.79327354409081,0,-1
2023-06-13 23:39:00,2023-06-13 23:39:59,0.255,0.2549,0.2547,0.2551,0.25452081483761624,0.25492499999999996,0.2547,0.2551,True,0.0007848329035693061,8.91893307204013e-05,0,0.2565843355429448,0.2564291633897012,1.8600998923266516,0.0,0.2587902072566373,0.2587712881829119,99.9999999999997,89.5942391080477,0,-1
2023-06-13 23:40:00,2023-06-13 23:40:59,0.2549,0.2557,0.2547,0.2557,0.2547229074188081,0.25525,0.2547,0.2557,True,0.0008002019818857843,0.00017879315200285595,0,0.25650674946632296,0.256363719647465,8.511489379488545,8.511489379488545,0.2587549813137852,0.2587407281014899,99.9999999999997,98.80195808227978,0,-1
2023-06-13 23:41:00,2023-06-13 23:41:59,0.2558,0.255,0.255,0.2558,0.25498645370940404,0.2554,0.255,0.2558,True,0.00080018755460823,0.00018651599483678158,0,0.256435234556894,0.2563055831872999,6.832640033647252,6.832640033647252,0.2587215984151406,0.2587035069263507,99.9999999999997,99.99999999999979,0,2
2023-06-13 23:42:00,2023-06-13 23:42:59,0.255,0.2551,0.2549,0.2552,0.255193226854702,0.25505,0.2549,0.2552,True,0.0007644598721362111,0.0001955061656080955,0,0.25637040887209694,0.25625119730742857,6.363856358326579,6.363856358326579,0.258685065097577,0.25866765113603873,94.59049486620961,98.19683162206975,0,2
2023-06-13 23:43:00,2023-06-13 23:43:59,0.255,0.255,0.2549,0.2552,0.255121613427351,0.255025,0.2549,0.2552,True,0.0007312841669836221,0.00019087858291220235,0,0.2563108030897628,0.2561999659041856,5.166019261449115,5.166019261449115,0.2586486465393921,0.2586311570948841,88.79951831181738,94.46333772600899,0,2
2023-06-13 23:44:00,2023-06-13 23:44:59,0.2551,0.2554,0.2551,0.2555,0.2550733067136755,0.255275,0.2551,0.2555,True,0.0007147638693419348,0.00021162855053178883,0,0.2562553844969742,0.25615328481035154,7.311405977724782,7.311405977724782,0.25861507791710964,0.25859900627801957,87.34794725162521,90.24598680988414,0,2
2023-06-13 23:45:00,2023-06-13 23:45:59,0.2554,0.2552,0.2551,0.2554,0.25517415335683774,0.255275,0.2551,0.2554,True,0.0006851378786746553,0.00020636587695113955,0,0.2562043346536629,0.256110506489063,6.670187934548721,6.670187934548721,0.25858184331096923,0.2585651853200293,91.30588132522314,89.15111562955532,0,2
2023-06-13 23:46:00,2023-06-13 23:46:59,0.2552,0.2542,0.2541,0.2553,0.25522457667841886,0.2547,0.2541,0.2553,True,0.0007219137444836111,0.0001293274510949761,0,0.2561574205713629,0.25606714924133106,-0.7187133665421115,-0.0,0.2585432180043924,0.25852175064022803,86.22372703856114,88.2925185384699,0,1
2023-06-13 23:47:00,2023-06-13 23:47:59,0.2542,0.2538,0.2537,0.2542,0.2549622883392094,0.253975,0.2537,0.2549622883392094,True,0.0007060627627347817,5.027438255933176e-05,0,0.25611228490634697,0.25601865940655527,-7.407205614156091,-0.0,0.25849776309887607,0.2584747680467929,63.02146146030602,80.18368994136351,0,1
2023-06-13 23:48:00,2023-06-13 23:48:59,0.2538,0.2538,0.2534,0.2539,0.2544686441696047,0.25372500000000003,0.2534,0.2544686441696047,True,0.0006913439939680116,8.145981071440217e-07,0,0.2560654721564511,0.25596474607587205,-11.866200445898741,-11.866200445898741,0.25845027291878775,0.25842825294184973,35.97442449908226,61.73987099931656,0,-2
2023-06-13 23:49:00,2023-06-13 23:49:59,0.2539,0.2536,0.2534,0.2539,0.25409682208480233,0.25370000000000004,0.2534,0.25409682208480233,True,0.0006776765658274394,-4.100719455507997e-05,0,0.25601510911616154,0.2559067611649165,-15.806639548421344,-15.806639548421344,0.2584030065215859,0.2583802106240204,13.51422200680318,37.503369322063904,0,-2
2023-06-13 23:50:00,2023-06-13 23:50:59,0.2536,0.2531,0.2527,0.2536,0.2538984110424012,0.25325,0.2527,0.2538984110424012,True,0.0006935568111254802,-9.65175566187724e-05,0,0.255960935140539,0.2558428810297737,-20.447894536423092,-20.447894536423092,0.2583517328248537,0.25832767121482614,4.8347253119171265,18.107790605934273,0,-2
2023-06-13 23:51:00,2023-06-13 23:51:59,0.2531,0.2529,0.2526,0.2533,0.2535742055212006,0.252975,0.2526,0.2535742055212006,True,0.000694017038902234,-0.0001376566876123889,0,0.25590190808515634,0.2557729110363781,-24.212925230293926,-24.212925230293926,0.25829823299575067,0.25827366453607165,-2.759274290535056e-13,6.116315772906759,0,-2
2023-06-13 23:52:00,2023-06-13 23:52:59,0.253,0.2536,0.2529,0.2537,0.2532746027606003,0.25329999999999997,0.2529,0.2537,True,0.000701587250409215,-0.00010571828343270285,0,0.2558374095607672,0.25570085636894396,-18.704119356329887,-18.704119356329887,0.2582484993341014,0.2582271604113346,7.905502629794899,4.246742647237332,0,-1
2023-06-13 23:53:00,2023-06-13 23:53:59,0.2537,0.2535,0.2534,0.254,0.25328730138030014,0.25365,0.2534,0.254,True,0.0006943310182371275,-8.265152644138299e-05,0,0.2557691329648556,0.25563005616683754,-15.708984655837959,-15.708984655837959,0.2582027431218218,0.25818012398933127,23.61493376134338,10.506812130379418,0,-1
2023-06-13 23:54:00,2023-06-13 23:54:59,0.2537,0.2536,0.2536,0.254,0.25346865069015007,0.253725,0.2536,0.254,True,0.0006804502312201898,-5.250698427033116e-05,0,0.25569959456584657,0.2555612439585456,-12.627490560414067,-12.627490560414067,0.2581581884638932,0.2581345506163031,40.9513331242346,24.157256505124376,0,-1
2023-06-13 23:55:00,2023-06-13 23:55:59,0.2536,0.2534,0.2534,0.254,0.253596825345075,0.2536,0.2534,0.254,True,0.0006747037861330326,-3.9625568620487014e-05,0,0.2556304192621961,0.25549361140375976,-12.251541024292756,-12.251541024292756,0.25811283335479973,0.25808744065992195,49.270458423105545,37.945575102894594,0,-1
2023-06-13 23:56:00,2023-06-13 23:56:59,0.2535,0.2537,0.2535,0.2541,0.25359841267253747,0.2537,0.2535,0.2541,True,0.0006765106585521002,-4.1332329121636455e-06,0,0.2555620153329779,0.25542805773607236,-8.468588831773886,-0.0,0.25806892456519975,0.2580437845339526,52.28314600068518,47.501645849341855,0,-1
2023-06-13 23:57:00,2023-06-13 23:57:59,0.2537,0.2536,0.2534,0.2538,0.25364920633626875,0.253625,0.2534,0.2538,True,0.0006567598972269511,1.696239805183534e-05,0,0.2554950365345251,0.255364075978932,-7.001878044738071,-0.0,0.25802470641032216,0.2579995677724207,52.3478864373595,51.300496953716824,0,-1
2023-06-13 23:58:00,2023-06-13 23:58:59,0.2536,0.2537,0.2533,0.2539,0.25363710316813437,0.253625,0.2533,0.2539,True,0.0006527056188535967,4.1489559908446235e-05,0,0.25542955625672853,0.2553017707809163,-4.729699832239206,-0.0,0.2579809282370851,0.25795678600354094,53.524398308258924,52.71847691543462,0,-1
2023-06-13 23:59:00,2023-06-13 23:59:59,0.2537,0.2543,0.2537,0.2544,0.2536310515840672,0.254025,0.2537,0.2544,True,0.000656083788935485,0.00010135206825067202,0,0.2553656635188224,0.25524395745499373,2.48688637194126,0.0,0.2579415657670644,0.2579204000731575,68.13561293246414,58.00263255936094,0,2
