start_time,end_time,open,close,low,high,h_open,h_close,h_low,h_high,finish,atr_14,macd_13_34,st_signal,av2_open,av2_close,histo2,qqe,ema_h200,ema_200,fastk,fastd,xo_signal,macd_hists
2023-06-30 00:00:00,2023-06-30 00:00:59,0.274,0.2741,0.2739,0.2744,0.2740039207672045,0.2741,0.2739,0.2744,True,0.0002990836044010092,-4.839542793706838e-05,0,0.2741845058854997,0.2741784806035278,-7.868283193314049,-7.868283193314049,0.27497209161092606,0.2749687508551356,32.0532141441939,17.123217043848527,0,-1
2023-06-30 00:01:00,2023-06-30 00:01:59,0.2741,0.274,0.2739,0.2742,0.27405196038360224,0.27405,0.2739,0.2742,True,0.0002991490612295101,-4.593212721496563e-05,0,0.27418149324451374,0.27417495858096863,-9.437017081231154,-9.437017081231154,0.2749629165700213,0.27495911154314423,45.15234921554742,30.452641136812474,0,-2
2023-06-30 00:02:00,2023-06-30 00:02:59,0.274,0.2744,0.2739,0.2744,0.27405098019180113,0.274175,0.2739,0.2744,True,0.0003134955568559737,-1.4798192069847619e-05,0,0.27417822591274116,0.2741721859520174,0.11311080587165634,0.0,0.2749550766041505,0.2749535482442075,69.49739943484018,48.900987598193815,0,-1
2023-06-30 00:03:00,2023-06-30 00:03:59,0.2744,0.2743,0.2741,0.2745,0.27411299009590057,0.274325,0.2741,0.2745,True,0.0003196744456519764,-7.87218219370936e-07,0,0.27417520593237926,0.2741710515086269,3.428803825290288,0.0,0.2749488071852037,0.2749470452766034,84.92987867467576,66.52654244168777,0,2
2023-06-30 00:04:00,2023-06-30 00:04:59,0.2742,0.2741,0.2741,0.2743,0.2742189950479503,0.274175,0.2741,0.2743,True,0.000311126270962548,-5.331684753059244e-06,0,0.2741731287205031,0.2741701854442174,0.8159663569790467,0.0,0.2749411076112216,0.2749386169653934,89.36850433809927,81.26526081587173,0,-2
2023-06-30 00:05:00,2023-06-30 00:05:59,0.2741,0.2745,0.2741,0.2745,0.27419699752397514,0.2743,0.2741,0.2745,True,0.00031747439446522393,1.9482787688416792e-05,0,0.27417165708236024,0.274170394251523,5.718826409547525,0.0,0.2749347284310104,0.27493425261747906,86.64391191765417,86.98076497680972,1,2
2023-06-30 00:06:00,2023-06-30 00:06:59,0.2744,0.2748,0.2744,0.2748,0.27424849876198754,0.27459999999999996,0.2744,0.2748,True,0.0003233690805748516,5.5275642259412254e-05,0,0.2741710256669416,0.2741735061992883,11.83703642902892,11.83703642902892,0.2749313977998561,0.274932916770539,86.64391191765417,87.55210939113586,0,2
2023-06-30 00:07:00,2023-06-30 00:07:59,0.2748,0.275,0.2747,0.275,0.27442424938099375,0.274875,0.2747,0.275,True,0.00032169986053379233,8.961194202282099e-05,0,0.27417226593311494,0.2741807692511359,17.34645140427081,17.34645140427081,0.2749308366277182,0.2749335842653595,97.27540757955485,90.18774380495438,0,2
2023-06-30 00:08:00,2023-06-30 00:08:59,0.2749,0.2751,0.2749,0.2753,0.27464962469049686,0.27505,0.2749,0.2753,True,0.00032729272763852227,0.00011446145666077233,0,0.2741765175921254,0.2741924513502671,21.670953220213235,21.670953220213235,0.2749320223329151,0.27493524014331616,99.99999999999996,94.6397731657363,0,2
2023-06-30 00:09:00,2023-06-30 00:09:59,0.2751,0.2749,0.2748,0.2751,0.2748498123452484,0.27497499999999997,0.2748,0.2751,True,0.00032534324709291516,0.00011130347739029894,0,0.27418448447119625,0.27420701786501867,19.78301132096749,19.78301132096749,0.27493244997139354,0.27493488949512396,97.06681097402789,98.1140728511942,0,2
2023-06-30 00:10:00,2023-06-30 00:10:59,0.2749,0.2747,0.2747,0.2751,0.2749124061726242,0.27485000000000004,0.2747,0.2751,True,0.0003306758723005649,8.999786279715151e-05,0,0.27419575116810746,0.27422289772575775,14.648306299637852,14.648306299637852,0.27493162957366823,0.27493255228621727,89.43324974601478,95.50002024001418,0,1
2023-06-30 00:11:00,2023-06-30 00:11:59,0.2748,0.2748,0.2747,0.2749,0.27488120308631214,0.2748,0.2747,0.2749,True,0.00032134188142195154,7.834031832756639e-05,0,0.2742093244469326,0.2742393595871234,12.678891703413008,12.678891703413008,0.27493031982666655,0.2749312333579962,78.2036131355221,88.23455795185491,0,1
2023-06-30 00:12:00,2023-06-30 00:12:59,0.2749,0.2751,0.2748,0.2752,0.27484060154315604,0.275,0.2748,0.2752,True,0.00032696031846324156,8.70303296515143e-05,0,0.274224342017028,0.2742575389284928,14.887232898951822,14.887232898951822,0.2749310131617246,0.27493291262806585,74.74814002729623,80.79500096961102,0,2
2023-06-30 00:13:00,2023-06-30 00:13:59,0.2751,0.2748,0.2746,0.2751,0.27492030077157803,0.27490000000000003,0.2746,0.2751,True,0.0003393202957158672,6.720054742967839e-05,0,0.27424094047276043,0.2742762596179861,10.929997697964318,10.929997697964318,0.2749307045730507,0.27493159011435375,70.88878857086212,74.6135139112268,0,1
2023-06-30 00:14:00,2023-06-30 00:14:59,0.2748,0.275,0.2746,0.2751,0.27491015038578903,0.274875,0.2746,0.2751,True,0.00035079741745044815,6.399816148461621e-05,0,0.2742586000453733,0.27429510654423905,10.770510722963934,10.770510722963934,0.274930150298692,0.2749322708097333,69.42731486532635,71.6880811544949,0,2
2023-06-30 00:15:00,2023-06-30 00:15:59,0.2751,0.2746,0.2746,0.2753,0.2748925751928945,0.27490000000000003,0.2746,0.2753,True,0.00037574045906112885,3.044233289073694e-05,0,0.27427685329480617,0.2743140950742102,5.117223351195207,0.0,0.2749298502957199,0.27492896463252203,61.321239142540065,67.21244752624283,0,1
2023-06-30 00:16:00,2023-06-30 00:16:59,0.2747,0.2742,0.2742,0.2747,0.27489628759644724,0.27444999999999997,0.2742,0.27489628759644724,True,0.0003846161405567625,-2.1281039108032217e-05,0,0.27429547418450817,0.274329977329716,-2.2778106805631495,-0.0,0.2749250756659118,0.27492171125309395,39.48081849365397,56.74312416717345,0,1
2023-06-30 00:17:00,2023-06-30 00:17:59,0.2743,0.2745,0.2741,0.2745,0.2746731437982236,0.27435,0.2741,0.2746731437982236,True,0.0003857149876598517,-3.4393265668873396e-05,0,0.2743127257571121,0.2743426189179807,-3.1243534683527088,-3.1243534683527088,0.2749193535199823,0.27491751512122237,18.83859547634908,39.88021770418103,0,1
2023-06-30 00:18:00,2023-06-30 00:18:59,0.2746,0.2746,0.2744,0.2746,0.2745115718991118,0.27455,0.2744,0.2746,True,0.0003724496313984361,-3.5611625961065976e-05,0,0.27432767233754635,0.2743539945840897,-2.44457492776953,-0.0,0.2749156783605795,0.27491435576678236,7.231158455947534,21.850190808650183,0,1
2023-06-30 00:19:00,2023-06-30 00:19:59,0.2746,0.2747,0.2744,0.2747,0.27453078594955593,0.2746,0.2744,0.2747,True,0.0003672746577271208,-2.902739429188093e-05,0,0.274340833460818,0.274364638584789,-0.7051662457918582,-0.0,0.2749125372823648,0.2749122228735805,16.16256354280711,14.077439158367895,0,2
2023-06-30 00:20:00,2023-06-30 00:20:59,0.2747,0.2747,0.2745,0.2748,0.274565392974778,0.274675,0.2745,0.2748,True,0.0003624693250323241,-2.4503917822507306e-05,0,0.27435273602280347,0.27437514809076125,0.4544395421932492,0.0,0.2749101737273164,0.27491011120319664,27.655541975898647,17.016421324884416,0,1
2023-06-30 00:21:00,2023-06-30 00:21:59,0.2748,0.2744,0.2744,0.2749,0.274620196487389,0.27462499999999995,0.2744,0.2749,True,0.0003722929446728724,-4.2047299711056346e-05,0,0.27436394205678233,0.2743851365485283,-3.100409865135397,-3.100409865135397,0.2749073361777909,0.27490503546983147,29.927454467978254,24.581853328894656,0,1
2023-06-30 00:22:00,2023-06-30 00:22:59,0.2743,0.2742,0.274,0.2743,0.2746225982436945,0.2742,0.274,0.2746225982436945,True,0.0003742720200533784,-6.614412749035716e-05,0,0.2743745393026553,0.27439173029796393,-7.6515085468868165,-7.6515085468868165,0.2749002980068676,0.2748980201915247,20.996049381118677,26.193015274998515,0,-2
2023-06-30 00:23:00,2023-06-30 00:23:59,0.2743,0.2743,0.2743,0.2745,0.27441129912184725,0.27435,0.2743,0.2745,True,0.00036896687576385296,-7.271664127991413e-05,0,0.2743831348003096,0.274396635289043,-8.687180753695763,-8.687180753695763,0.2748948224048092,0.2748920697418578,15.416014872102332,22.113172907066414,-1,-2
2023-06-30 00:24:00,2023-06-30 00:24:59,0.2744,0.2741,0.2741,0.2744,0.2743806495609236,0.27425,0.2741,0.2744,True,0.00036404067035214683,-8.811676468518309e-05,0,0.2743898850446763,0.2743994909489901,-11.697111568605855,-11.697111568605855,0.2748884062614778,0.2748841884508941,8.697377672915911,15.036480642045634,0,-2
2023-06-30 00:25:00,2023-06-30 00:25:59,0.2742,0.2742,0.2741,0.2743,0.27431532478046183,0.2742,0.2741,0.27431532478046183,True,0.0003523234796127062,-8.78174811508153e-05,0,0.2743946879968332,0.27440037051008737,-11.533107740628616,-11.533107740628616,0.2748815564479308,0.27487738060561157,9.924267690590018,11.345886745202748,0,-2
2023-06-30 00:26:00,2023-06-30 00:26:59,0.2743,0.2743,0.2742,0.2747,0.2742576623902309,0.274375,0.2742,0.2747,True,0.0003628718024975129,-7.723811217633478e-05,0,0.2743975292534603,0.27440088892604503,-9.313069336630129,-9.313069336630129,0.2748765160852648,0.2748716355249587,13.856390310072639,10.82601189119285,0,-1
2023-06-30 00:27:00,2023-06-30 00:27:59,0.2743,0.2745,0.2742,0.2745,0.27431633119511545,0.274375,0.2742,0.2745,True,0.00035838095946197785,-5.3504099447313165e-05,0,0.2743992090897527,0.2744011194530097,-4.194804200296183,-4.194804200296183,0.27487152587546115,0.2748679376590387,21.065847258781734,14.948835086481457,0,-1
2023-06-30 00:28:00,2023-06-30 00:28:59,0.2745,0.2744,0.2744,0.2746,0.2743456655975577,0.27447499999999997,0.2744,0.2746,True,0.0003470680337861247,-4.281489051227068e-05,0,0.2744001642713812,0.2744018078476319,-2.774361433217223,-0.0,0.27486758034436204,0.2748632815629289,34.68202550800287,23.201421025619073,0,-1
2023-06-30 00:29:00,2023-06-30 00:29:59,0.2745,0.2742,0.2741,0.2745,0.2744103327987788,0.274325,0.2741,0.2745,True,0.000350848888515688,-4.7826711222271146e-05,0,0.2744009860595066,0.27440182284204195,-5.227776929237308,-5.227776929237308,0.2748621815349654,0.27485668174638234,37.87732288214068,31.208398549641753,0,-2
2023-06-30 00:30:00,2023-06-30 00:30:59,0.2742,0.2742,0.2741,0.2744,0.27436766639938936,0.274225,0.2741,0.2744,True,0.00034721682505027936,-4.897233757920756e-05,0,0.27440140445077427,0.27440062145450517,-6.863387259917367,-6.863387259917367,0.2748558414201896,0.27485014759965215,33.950824069792276,35.5033908199786,0,-2
2023-06-30 00:31:00,2023-06-30 00:31:59,0.2742,0.2741,0.274,0.2742,0.2742963331996947,0.274125,0.274,0.2742963331996947,True,0.0003367013375466864,-5.434410266878965e-05,0,0.2744010129526397,0.2743977845373569,-9.65382957704557,-9.65382957704557,0.27484856936625734,0.27484268344443175,19.107755802897035,30.311967584943318,0,-2
2023-06-30 00:32:00,2023-06-30 00:32:59,0.2742,0.2745,0.2741,0.2746,0.2742106665998474,0.27435,0.2741,0.2746,True,0.00034836552772192313,-2.7832575179632896e-05,0,0.2743993987449983,0.2743952231597918,-3.2412377093265405,-0.0,0.27484360847704087,0.27483927365891503,24.9567718057797,26.005117226156326,0,-1
2023-06-30 00:33:00,2023-06-30 00:33:59,0.2746,0.2744,0.2743,0.2748,0.2742803332999237,0.27452499999999996,0.2743,0.2748,True,0.00035919656145607146,-1.6138109844866483e-05,0,0.27439731095239506,0.27439409697635864,-1.0008316074861412,-0.0,0.27484043824343846,0.2748349027767368,50.37301399954604,31.47918053607425,0,-1
2023-06-30 00:34:00,2023-06-30 00:34:59,0.2743,0.274,0.274,0.2744,0.2744026666499618,0.274175,0.274,0.2744026666499618,True,0.00036211109278063466,-3.50934670407019e-05,0,0.27439570396437685,0.27439170708596194,-5.383537310883973,-5.383537310883973,0.27483381696738435,0.274826595286421,59.17938391322713,44.83638990618428,0,-2
2023-06-30 00:35:00,2023-06-30 00:35:59,0.274,0.2739,0.2739,0.2741,0.2742888333249809,0.273975,0.2739,0.2742888333249809,True,0.0003505317290105917,-5.238509188097209e-05,0,0.2743937055251694,0.27438696645468247,-9.380770866763982,-9.380770866763982,0.2748252715249228,0.27481737543282475,40.29000399264884,49.94746730180733,0,-2
2023-06-30 00:36:00,2023-06-30 00:36:59,0.274,0.2738,0.2737,0.274,0.2741319166624905,0.27387500000000004,0.2737,0.2741319166624905,True,0.00034692231979555104,-6.773917747587445e-05,0,0.2743903359899259,0.2743797214879998,-13.105513017017465,-13.105513017017465,0.2748158160868639,0.2748072522941897,8.806369913681053,36.09191927318567,0,-2
2023-06-30 00:37:00,2023-06-30 00:37:59,0.2738,0.2734,0.2733,0.2738,0.2740034583312453,0.27357499999999996,0.2733,0.2740034583312453,True,0.0003578564398101546,-0.00010161205152381073,-1,0.2743850287389628,0.27436849622957893,-18.71693341947974,-18.71693341947974,0.2748034696581389,0.2747932497837997,-3.671137468093851e-14,16.365457968776614,0,-2
2023-06-30 00:38:00,2023-06-30 00:38:59,0.2734,0.2737,0.2734,0.2737,0.27378922916562265,0.27354999999999996,0.2734,0.27378922916562265,True,0.0003537238369665737,-9.777116906488382e-05,0,0.27437676248427084,0.27435404275010467,-16.518124451461006,-16.518124451461006,0.27479099732323203,0.2747823716764982,-3.671137468093851e-14,2.935456637893653,0,-2
2023-06-30 00:39:00,2023-06-30 00:39:59,0.2737,0.2736,0.2734,0.2738,0.2736696145828113,0.273625,0.2734,0.2738,True,0.0003570292771832478,-9.69885813355444e-05,0,0.2743654026171877,0.27433766141549215,-16.085909569713394,-16.085909569713394,0.27477939535981677,0.27477060678419474,4.061412416771306,1.3538041389237374,0,-2
2023-06-30 00:40:00,2023-06-30 00:40:59,0.2736,0.2733,0.2731,0.2736,0.27364730729140563,0.2734,0.2731,0.27364730729140563,True,0.0003672414716701587,-0.00011177434837209802,0,0.27435153201633994,0.2743183309210683,-18.436608182536904,-18.436608182536904,0.2747656700328534,0.2747559738808694,4.061412416771306,2.7076082778475183,0,-2
2023-06-30 00:41:00,2023-06-30 00:41:59,0.2733,0.2734,0.2733,0.2735,0.2735236536457028,0.273375,0.2733,0.2735236536457028,True,0.00035529565226514976,-0.00010835062242161097,0,0.27433493146870414,0.27429663963354717,-17.969227824328605,-17.969227824328605,0.27475183252008867,0.27474248160344783,4.061412416771306,4.0614124167713,0,-2
2023-06-30 00:42:00,2023-06-30 00:42:59,0.2734,0.2736,0.2733,0.2738,0.2734493268228514,0.27352499999999996,0.2733,0.2738,True,0.00036563167710335336,-8.62735782969943e-05,0,0.2743157855511256,0.2742742676618381,-13.929072632105502,-13.929072632105502,0.27473962523133155,0.27473111362729413,7.844459629558753,5.322428154367116,0,-1
2023-06-30 00:43:00,2023-06-30 00:43:59,0.2735,0.2736,0.2734,0.2737,0.27348716341142565,0.27355,0.2734,0.2737,True,0.0003609437001674012,-6.670123807142275e-05,0,0.27429502660648186,0.27425168480478523,-11.235635837290104,-11.235635837290104,0.2747277881643531,0.274719858765331,16.973731168198043,9.626534404842694,0,-1
2023-06-30 00:44:00,2023-06-30 00:44:59,0.2737,0.2735,0.2733,0.2737,0.27351858170571286,0.27355,0.2733,0.2737,True,0.00036373343586973054,-5.6375266600403214e-05,0,0.27427335570563355,0.2742290908586336,-11.018516207164247,-11.018516207164247,0.2747160688791357,0.2747077208671685,26.103002706837326,16.973731168198032,0,-1
2023-06-30 00:45:00,2023-06-30 00:45:59,0.2736,0.2733,0.273,0.2736,0.2735342908528564,0.273375,0.273,0.2736,True,0.0003806096190218919,-5.9256072232469887e-05,0,0.2742512232821336,0.27420544251434864,-13.563475753047214,-13.563475753047214,0.27470272491018904,0.27469371369436085,21.919699155153552,21.665477676729633,0,-2
2023-06-30 00:46:00,2023-06-30 00:46:59,0.2732,0.2733,0.2732,0.2733,0.27345464542642817,0.27325,0.2732,0.27345464542642817,True,0.0003605660748060417,-5.6735090935083334e-05,0,0.2742283328982411,0.274180268654856,-15.260115450302528,-15.260115450302528,0.2746882699359583,0.27467984589640704,12.92049423155286,20.314398697847903,0,-2
2023-06-30 00:47:00,2023-06-30 00:47:59,0.2733,0.2731,0.273,0.2734,0.2733523227132141,0.2732,0.273,0.2734,True,0.00036338278374846417,-6.445653293677588e-05,0,0.27420430077654856,0.2741537234127865,-18.77017078089438,-18.77017078089438,0.2746734612798791,0.2746641260367413,3.7912226929135806,12.877138693206655,0,-2
2023-06-30 00:48:00,2023-06-30 00:48:59,0.2731,0.2732,0.273,0.2735,0.27327616135660704,0.2732,0.273,0.2735,True,0.00037314115633785966,-5.777667442983831e-05,0,0.2741790120946675,0.2741262806001603,-18.07385730783434,-18.07385730783434,0.2746587999736117,0.27464955761846527,0.13006661503857658,5.613927846501664,0,-1
2023-06-30 00:49:00,2023-06-30 00:49:59,0.2731,0.2734,0.2731,0.2735,0.2732380806783035,0.273275,0.2731,0.2735,True,0.00037505964517087047,-3.513437418097644e-05,0,0.2741526463474139,0.27409883399056156,-12.633588780726818,-12.633588780726818,0.2746450308196454,0.2746371242093263,14.103394270811046,6.008227859587726,0,-1
2023-06-30 00:50:00,2023-06-30 00:50:59,0.2734,0.2736,0.2734,0.2737,0.27325654033915175,0.27352499999999996,0.2734,0.2737,True,0.00036969824194438137,-3.1310975286464758e-06,0,0.2741257401689877,0.2740732879703762,-5.353674273286522,-0.0,0.2746338862343753,0.2746268045654524,47.43672760414438,20.55672949666466,0,-1
2023-06-30 00:51:00,2023-06-30 00:51:59,0.2737,0.2739,0.2736,0.274,0.27339077016957586,0.2738,0.2736,0.274,True,0.00037186265323406925,4.0349709973282275e-05,0,0.27409951406968197,0.2740513003629207,3.252292566798232,3.252292566798232,0.27462558885890886,0.274619572679229,80.77006093747771,47.43672760414437,0,-1
2023-06-30 00:52:00,2023-06-30 00:52:59,0.274,0.2737,0.2737,0.2741,0.2735953850847879,0.27387500000000004,0.2737,0.2741,True,0.00037387246371735084,5.494730163871814e-05,0,0.2740754072163013,0.2740327797569622,4.741751158472141,4.741751158472141,0.27461812031304905,0.2746104227023212,99.99999999999996,76.06892951387401,0,-1
2023-06-30 00:53:00,2023-06-30 00:53:59,0.2738,0.2739,0.2738,0.2739,0.273735192542394,0.27385,0.2738,0.2739,True,0.0003614530020232528,7.755446955937464e-05,0,0.27405409348663173,0.2740169442901307,8.247835156052012,8.247835156052012,0.2746104773248595,0.27460335381971107,98.87441681796672,93.21482591848145,0,-1
2023-06-30 00:54:00,2023-06-30 00:54:59,0.2739,0.2738,0.2738,0.2739,0.273792596271197,0.27385,0.2738,0.2739,True,0.00034277778759301967,8.362700990401106e-05,0,0.2740355188883812,0.2740033315003602,8.48271942376406,8.48271942376406,0.2746029103863037,0.2745953602493657,97.74883363593345,98.87441681796672,0,2
2023-06-30 00:55:00,2023-06-30 00:55:59,0.2738,0.2736,0.2735,0.2738,0.2738212981355985,0.273675,0.2735,0.2738212981355985,True,0.00033972223133637306,7.17430859392577e-05,0,0.27401942519437067,0.2739903613519793,4.939281271172668,4.939281271172668,0.2745936774471365,0.27458545616728247,88.58817284678128,95.07047443356049,0,1
2023-06-30 00:56:00,2023-06-30 00:56:59,0.2737,0.2736,0.2736,0.2739,0.27374814906779926,0.2737,0.2736,0.2739,True,0.00033688492909805833,6.238047618935212e-05,0,0.27400489327317495,0.27397815767528155,2.5769891694450777,0.0,0.2745847851342296,0.27457565063327966,81.76005287458241,89.36568645243239,0,1
2023-06-30 00:57:00,2023-06-30 00:57:59,0.2737,0.2736,0.2735,0.2738,0.27372407453389963,0.27365,0.2735,0.2738,True,0.0003342502913053375,5.496648965738166e-05,0,0.2739915254742282,0.2739662981241574,1.0021277682933487,0.0,0.27457548378961044,0.27456594266677936,72.63241681515159,80.99354751217176,0,2
2023-06-30 00:58:00,2023-06-30 00:58:59,0.2735,0.2738,0.2735,0.2739,0.2736870372669498,0.273675,0.2735,0.2739,True,0.0003389466990692388,6.276976505896283e-05,0,0.2739789117991928,0.27395496240123696,4.219450604294252,4.219450604294252,0.2745665237519029,0.27455832134671193,72.88762453572743,75.76003140848714,0,2
2023-06-30 00:59:00,2023-06-30 00:59:59,0.2739,0.2737,0.2736,0.2739,0.27368101863347494,0.273775,0.2736,0.2739,True,0.00033616479199286226,5.93872051741202e-05,0,0.2739669371002149,0.273944802973406,3.7686679138578825,3.7686679138578825,0.274558647893675,0.2745497808357994,77.22965242765014,74.24989792617639,0,2
2023-06-30 01:00:00,2023-06-30 01:00:59,0.2736,0.2736,0.2736,0.2739,0.27372800931673746,0.273675,0.2736,0.2739,True,0.0003335815925647983,4.8827571686425994e-05,0,0.2739558700368105,0.2739349532491041,1.115662208678394,0.0,0.27454985537732,0.2745403302802193,78.69774403275943,76.271673665379,0,1
2023-06-30 01:01:00,2023-06-30 01:01:59,0.2737,0.2737,0.2736,0.2737,0.27370150465836873,0.273675,0.2736,0.27370150465836873,True,0.00031689719309588337,4.773641363138635e-05,0,0.2739454116429573,0.27392541493615213,1.8410930545383195,0.0,0.27454115034869,0.2745319687848937,78.81806946498095,78.24848864179684,0,2
2023-06-30 01:02:00,2023-06-30 01:02:59,0.2737,0.2734,0.2733,0.2737,0.27368825232918437,0.27352499999999996,0.2733,0.2737,True,0.0003228331078747497,2.5309397134177212e-05,0,0.27393541328955473,0.2739151580829968,-3.573421740443976,-0.0,0.2745310393999468,0.2745207054138998,63.51617994174524,73.6773311464952,0,1
2023-06-30 01:03:00,2023-06-30 01:03:59,0.2733,0.2733,0.2733,0.2735,0.2736066261645922,0.27335,0.2733,0.2736066261645922,True,0.0003140593144551271,3.767986536554061e-06,0,0.2739252856862758,0.2739032052049003,-8.574253772337393,-8.574253772337393,0.27451928776412643,0.2745085590913734,38.96797424476671,60.434074550497634,0,-2
2023-06-30 01:04:00,2023-06-30 01:04:59,0.2733,0.2731,0.2731,0.2735,0.2734783130822961,0.27325,0.2731,0.2735,True,0.00032019793485119026,-2.3096982034782713e-05,0,0.273914245445588,0.2738893129375488,-14.208273035602339,-14.208273035602339,0.27450665803513014,0.2744945435780264,14.419768547788172,38.96797424476671,0,-2
2023-06-30 01:05:00,2023-06-30 01:05:59,0.273,0.2734,0.2724,0.2734,0.27336415654114804,0.27305,0.2724,0.2734,True,0.0003687552252189625,-1.787418789564663e-05,0,0.2739017791915684,0.27387261687843295,-10.83710488651932,-10.83710488651932,0.2744921639253278,0.2744836525971505,-3.789561257387201e-14,17.795914264184947,0,-1
2023-06-30 01:06:00,2023-06-30 01:06:59,0.2735,0.2743,0.2734,0.2744,0.273207078270574,0.27390000000000003,0.2734,0.2744,True,0.00041384413770332234,4.903187380660257e-05,0,0.27388719803500067,0.27385965983100946,0.5146813833191004,0.0,0.2744862717469664,0.27448182520812414,33.33333333333329,15.917700627040476,0,2
2023-06-30 01:07:00,2023-06-30 01:07:59,0.2743,0.2743,0.2739,0.2744,0.273553539135287,0.274225,0.2739,0.2744,True,0.00041999812786737076,9.101977287112684e-05,0,0.2738734289330051,0.27385196527853706,8.082538896544712,8.082538896544712,0.2744836720280911,0.27448001600207317,66.66666666666663,33.33333333333329,1,2
2023-06-30 01:08:00,2023-06-30 01:08:59,0.2744,0.2743,0.2743,0.2749,0.2738892695676435,0.27447499999999997,0.2743,0.2749,True,0.0004328554044482721,0.00011486354230019274,0,0.27386269710577105,0.27385018198402766,13.127777238695124,13.127777238695124,0.27448358573925435,0.27447822479807243,99.99999999999996,66.66666666666663,0,2
2023-06-30 01:09:00,2023-06-30 01:09:59,0.2744,0.2743,0.2742,0.2744,0.2741821347838217,0.274325,0.2742,0.2744,True,0.00041622287555910823,0.00012571850758688776,0,0.27385643954489935,0.27385203574026107,16.4912694667954,16.4912694667954,0.27448200777169957,0.2744764514169971,96.2916250693268,87.6527639119978,0,2
2023-06-30 01:10:00,2023-06-30 01:10:59,0.2742,0.273,0.273,0.2743,0.27425356739191087,0.273625,0.273,0.2743,True,0.0004793498130191697,3.834033574155039e-05,0,0.2738542376425802,0.2738519375089576,4.042118899986463,4.042118899986463,0.2744734803311851,0.27446176035812153,79.15625402712291,91.81595969881657,0,1
2023-06-30 01:11:00,2023-06-30 01:11:59,0.2731,0.2733,0.2729,0.2734,0.27393928369595544,0.27317499999999995,0.2729,0.27393928369595544,True,0.0004808248263749433,1.026224444339267e-06,0,0.27385308757576887,0.27384721565955084,-0.8826927959039423,-0.0,0.27446056012888476,0.2744502005535631,55.88330861331061,77.11039590325346,-1,1
2023-06-30 01:12:00,2023-06-30 01:12:59,0.2733,0.2733,0.2732,0.2736,0.2735571418479777,0.27335,0.2732,0.2736,True,0.00047505162449101954,-2.2817715729162056e-05,0,0.27385015161765985,0.2738400866861102,-4.165900593164217,-0.0,0.2744495097793436,0.2744387557719356,39.34552226308573,58.12836163450644,0,-2
2023-06-30 01:13:00,2023-06-30 01:13:59,0.2733,0.2732,0.2729,0.2735,0.2734535709239888,0.273225,0.2729,0.2735,True,0.0004839765084559499,-4.3702123109987695e-05,0,0.27384511915188503,0.2738302538463955,-7.194776945332407,-0.0,0.2744373256024347,0.2744264298438566,34.56835879000749,43.2657298888013,0,-2
2023-06-30 01:14:00,2023-06-30 01:14:59,0.2732,0.2731,0.273,0.2733,0.2733392854619944,0.27315,0.273,0.2733392854619944,True,0.00047083532928052257,-6.166408426716609e-05,0,0.27383768649914025,0.2738178451177254,-10.089953326135813,-10.089953326135813,0.27442451639246024,0.2744132315369526,34.92214821625053,36.278676423114604,0,-2
2023-06-30 01:15:00,2023-06-30 01:15:59,0.2732,0.2735,0.2732,0.2735,0.2732446427309972,0.27335,0.2732,0.2735,True,0.0004657756629033432,-4.2543748737600514e-05,0,0.2738277658084328,0.2738048657233335,-6.408533800341949,-0.0,0.2744138246870626,0.2744041446559879,35.9878665526924,35.159457852983486,0,-1
2023-06-30 01:16:00,2023-06-30 01:16:59,0.2735,0.2739,0.2735,0.2742,0.27329732136549856,0.273775,0.2735,0.2742,True,0.00048250597269596,-2.3757809028553904e-07,0,0.27381631576588317,0.2737944420442268,-0.11760187077540962,-0.0,0.2744074682225147,0.2743991282912517,45.612224645529636,38.84074647149087,0,2
2023-06-30 01:17:00,2023-06-30 01:17:59,0.274,0.2743,0.274,0.2745,0.2735361606827493,0.2742,0.274,0.2745,True,0.0004908984032176804,5.5159871890818595e-05,0,0.273805378905055,0.27378901796723387,6.8256427390516095,6.8256427390516095,0.27440540386209167,0.27439814194009493,61.84497778215549,47.815022993459195,1,2
2023-06-30 01:18:00,2023-06-30 01:18:59,0.2743,0.2745,0.2742,0.2745,0.27386808034137466,0.274375,0.2742,0.2745,True,0.0004772628029878477,0.00010272965961851364,1,0.2737971984361445,0.2737887680131881,12.591653120273364,12.591653120273364,0.2744051013361007,0.2743991554531288,76.39136694969734,61.282856459127515,0,2
2023-06-30 01:19:00,2023-06-30 01:19:59,0.2744,0.2742,0.2742,0.2745,0.27412154017068735,0.274325,0.2742,0.2745,True,0.000464601174203003,0.00010864940151031205,0,0.27379298322466633,0.27379225034430343,12.153090978339819,12.153090978339819,0.27440430430788076,0.27439717380682904,80.73064999039708,72.98899824074999,0,2
2023-06-30 01:20:00,2023-06-30 01:20:59,0.2742,0.2737,0.2737,0.2742,0.27422327008534364,0.27395,0.2737,0.27422327008534364,True,0.0004671296617599314,7.348365694570424e-05,0,0.2737926167844849,0.27379607433847963,6.6028329037053695,6.6028329037053695,0.2743997838670063,0.2743902367540248,70.2488495694513,75.79028883651526,0,1
2023-06-30 01:21:00,2023-06-30 01:21:59,0.2738,0.2741,0.2737,0.2742,0.27408663504267183,0.27395,0.2737,0.2742,True,0.00046947754306279346,7.492807022906245e-05,0,0.2737943455614823,0.2738001410897197,6.5023146909771015,6.5023146909771015,0.2743953084056431,0.27438734882612403,57.71470007447641,69.5647332114416,0,2
2023-06-30 01:22:00,2023-06-30 01:22:59,0.2742,0.274,0.2737,0.2742,0.27401831752133593,0.274025,0.2737,0.2742,True,0.00047165771855830823,6.556917424264269e-05,0,0.273797243325601,0.27380488564282485,5.382266501405816,5.382266501405816,0.2743916237448904,0.2743834946089487,53.503331546257265,60.48896039672834,0,1
2023-06-30 01:23:00,2023-06-30 01:23:59,0.274,0.2739,0.2737,0.2742,0.274021658760668,0.27395,0.2737,0.2742,True,0.00047368216723271483,4.953875171669906e-05,0,0.27380106448421293,0.27380961670166526,3.5180726595551164,3.5180726595551164,0.2743872294787721,0.27437868371731733,57.097604837296586,56.10521215267676,0,1
2023-06-30 01:24:00,2023-06-30 01:24:59,0.2739,0.2741,0.2738,0.2741,0.273985829380334,0.273975,0.2738,0.2741,True,0.00046127629814466536,5.040526528556473e-05,0,0.2738053405929391,0.2738144762028678,4.476086928761852,4.476086928761852,0.2743831276929137,0.2743759107450057,61.45581422677324,57.352250203442374,0,2
2023-06-30 01:25:00,2023-06-30 01:25:59,0.2741,0.2738,0.2738,0.2742,0.273980414690167,0.273975,0.2738,0.2742,True,0.00045689941970576155,2.7789252005675335e-05,0,0.2738099083979035,0.27381940348629924,1.5171122638944325,0.0,0.2743790667208449,0.2743701802898315,60.55822799933511,59.70388235446833,0,1
2023-06-30 01:26:00,2023-06-30 01:26:59,0.2739,0.2742,0.2739,0.2743,0.27397770734508353,0.274075,0.2739,0.2743,True,0.00045997803258392145,3.8961108899011914e-05,0,0.27381465594210136,0.27382503643509826,3.7956270122493407,3.7956270122493407,0.274376041181334,0.27436848695361427,64.49748663580918,62.17050962063919,0,2
2023-06-30 01:27:00,2023-06-30 01:27:59,0.2742,0.2744,0.2742,0.2745,0.2740263536725418,0.274325,0.2742,0.2745,True,0.0004485510302565001,5.7698368919073556e-05,0,0.2738198461885998,0.2738329015770508,7.026559553495403,7.026559553495403,0.2743755333088829,0.2743688005162649,75.57444416118994,66.87671959877808,0,2
2023-06-30 01:28:00,2023-06-30 01:28:59,0.2744,0.2746,0.2743,0.2747,0.27417567683627087,0.27449999999999997,0.2743,0.2747,True,0.00044508309952389377,8.039142750028373e-05,0,0.2738263738828253,0.2738436708632395,10.749340723807173,10.749340723807173,0.2743767717834214,0.2743711010086404,88.63229229859236,76.23474103186383,0,2
2023-06-30 01:29:00,2023-06-30 01:29:59,0.2745,0.2747,0.2745,0.2749,0.2743378384181354,0.27465,0.2745,0.2749,True,0.0004418628781293268,9.763476476188873e-05,0,0.2738350223730324,0.2738576818733727,13.992289246456153,13.992289246456153,0.27437949047214355,0.27437437363542005,98.26696364296816,87.49123336758349,0,2
2023-06-30 01:30:00,2023-06-30 01:30:59,0.2747,0.2747,0.2746,0.275,0.27449391920906774,0.27475000000000005,0.2746,0.275,True,0.00043887267254866144,0.0001035639531549034,0,0.2738463521232026,0.2738748350914819,16.154254928222144,16.154254928222144,0.27438317713411225,0.2743776136987492,99.99999999999994,95.63308531385348,0,2
2023-06-30 01:31:00,2023-06-30 01:31:59,0.2746,0.2746,0.2745,0.2747,0.2746219596045339,0.2746,0.2745,0.2747,True,0.0004218103387951841,9.488576263206889e-05,0,0.2738605936073423,0.27389331534319067,15.39448988152293,15.39448988152293,0.27438533457556386,0.2743798264977666,89.57496600250192,95.94730988182334,0,2
2023-06-30 01:32:00,2023-06-30 01:32:59,0.2747,0.2745,0.2744,0.2747,0.27461097980226695,0.274575,0.2744,0.2747,True,0.0004131096003098154,7.699817198859386e-05,0,0.2738769544752665,0.27391254205701837,12.736093343154927,12.736093343154927,0.27438722179371744,0.27438102225400773,77.42108260540446,88.99868286930212,0,1
2023-06-30 01:33:00,2023-06-30 01:33:59,0.2744,0.2748,0.2744,0.2748,0.27459298990113346,0.27459999999999996,0.2744,0.2748,True,0.00041217320028768655,8.126239868864904e-05,0,0.27389474826614246,0.2739323960766047,14.750347203415018,14.750347203415018,0.27438933898979984,0.27438519118680366,66.40179245975916,77.79928035588853,0,2
2023-06-30 01:34:00,2023-06-30 01:34:59,0.2748,0.2747,0.2746,0.2748,0.2745964949505667,0.274725,0.2746,0.2748,True,0.00039701797169570735,7.209575360927944e-05,0,0.27391357217137363,0.2739534653916711,13.882593986463242,13.882593986463242,0.2743926789003491,0.27438832361280563,71.46655840295648,71.76314448937337,0,1
2023-06-30 01:35:00,2023-06-30 01:35:59,0.2747,0.2744,0.2744,0.2747,0.27466074747528335,0.27454999999999996,0.2744,0.2747,True,0.00039008811657458703,4.082520936488017e-05,0,0.2739335187815224,0.27397414627340144,7.966187271408948,7.966187271408948,0.2743942442844252,0.2743884397957628,65.02506244996985,67.63113777089517,0,1
2023-06-30 01:36:00,2023-06-30 01:36:59,0.2744,0.2742,0.2742,0.2746,0.27460537373764166,0.27435,0.2742,0.27460537373764166,True,0.00039079610824783165,3.4582907335595344e-06,0,0.2739538325274619,0.2739930072332996,1.3937205537853643,0.0,0.2743938040427891,0.27438656477291934,43.97648056563463,60.156033806187,0,1
2023-06-30 01:37:00,2023-06-30 01:37:59,0.2743,0.2741,0.274,0.2744,0.2744776868688208,0.2742,0.274,0.2744776868688208,True,0.0003914535290872691,-2.9320925506893126e-05,0,0.27397341988038076,0.2740092767901779,-4.173733663376147,-4.173733663376147,0.2743918756443534,0.274383713382144,16.00341528660202,41.66831943406884,0,1
2023-06-30 01:38:00,2023-06-30 01:38:59,0.2741,0.2739,0.2737,0.2741,0.2743388434344104,0.27395,0.2737,0.2743388434344104,True,0.00039206399129532214,-6.447160375731045e-05,0,0.2739913483352793,0.2740216792249059,-9.99558093157718,-9.99558093157718,0.2743874788717728,0.27437890031366496,1.2654613033527677,20.415119051863147,0,1
2023-06-30 01:39:00,2023-06-30 01:39:59,0.2738,0.2737,0.2736,0.2738,0.2741444217172052,0.273725,0.2736,0.2741444217172052,True,0.0003854879919170825,-9.947205131435795e-05,0,0.2740065137800926,0.27402940821399774,-15.575080021892404,-15.575080021892404,0.2743808870422029,0.2743721450866633,-4.3816802038539514e-14,5.75629219665159,0,-2
2023-06-30 01:40:00,2023-06-30 01:40:59,0.2737,0.2737,0.2736,0.2739,0.2739347108586026,0.273725,0.2736,0.2739347108586026,True,0.00037938170678014567,-0.0001189272324000117,0,0.2740179609970452,0.2740334047373891,-19.294746082102556,-19.294746082102556,0.274374360802977,0.27436545707585075,-4.3816802038539514e-14,0.42182043445090245,0,-2
2023-06-30 01:41:00,2023-06-30 01:41:59,0.2737,0.2734,0.2734,0.2737,0.27382985542930127,0.27354999999999996,0.2734,0.27382985542930127,True,0.0003737115848672797,-0.00014783568657155525,0,0.2740256828672171,0.27403323455777856,-23.94254892005186,-23.94254892005186,0.2743661582079225,0.2743558505377826,-4.3816802038539514e-14,-3.473764485938268e-14,-1,-2
2023-06-30 01:42:00,2023-06-30 01:42:59,0.2734,0.2733,0.2732,0.2735,0.2736899277146506,0.27335,0.2732,0.2736899277146506,True,0.00036844647166247565,-0.00016760239048298466,0,0.27402945871249784,0.2740284128585121,-27.60302533204075,-27.60302533204075,0.274356047180978,0.27434534456228227,-4.3816802038539514e-14,-3.473764485938268e-14,0,-2
2023-06-30 01:43:00,2023-06-30 01:43:59,0.2733,0.2736,0.2733,0.2736,0.2735199638573253,0.27344999999999997,0.2733,0.2736,True,0.00036355743797230044,-0.0001528689803519299,0,0.27402893578550497,0.27402064817343946,-22.518414557270358,-22.518414557270358,0.2743470317861424,0.27433792819847846,3.126426932387961,1.0421423107959669,0,-2
2023-06-30 01:44:00,2023-06-30 01:44:59,0.2736,0.2735,0.2735,0.2737,0.27348498192866266,0.273575,0.2735,0.2737,True,0.0003518747638314203,-0.0001436706798329562,0,0.2740247919794722,0.274011477361875,-20.334881125911576,-20.334881125911576,0.27433934987782255,0.27432959060446377,10.512966552847685,4.546464495078543,0,-2
2023-06-30 01:45:00,2023-06-30 01:45:59,0.2735,0.2734,0.2733,0.2736,0.27352999096433134,0.27344999999999997,0.2733,0.2736,True,0.000348169423557749,-0.00013822941766639428,0,0.2740181346706736,0.2740004047856218,-20.052236664396474,-20.052236664396474,0.2743305006253069,0.27432034094670793,15.351033318227083,9.663475601154252,0,-2
2023-06-30 01:46:00,2023-06-30 01:46:59,0.2733,0.2735,0.2733,0.2736,0.2734899954821657,0.273425,0.2733,0.2736,True,0.00034472875044648277,-0.00012152153097648968,0,0.2740092697281477,0.2739877393797167,-17.30693433845113,-17.30693433845113,0.27432149066883615,0.27431217835022326,16.553550457592895,14.139183442889228,0,-1
2023-06-30 01:47:00,2023-06-30 01:47:59,0.2735,0.2732,0.2732,0.2736,0.27345749774108286,0.273375,0.2732,0.2736,True,0.0003486766968431634,-0.0001255097455792262,-1,0.2739985045539322,0.27397356377280535,-19.09636797010509,-19.09636797010509,0.2743120728512358,0.27430111189897727,12.442603405734856,14.782395727184953,0,-2
2023-06-30 01:48:00,2023-06-30 01:48:59,0.2732,0.2733,0.2731,0.2734,0.2734162488705414,0.27325,0.2731,0.2734162488705414,True,0.00034519978992579223,-0.00011506607522648318,0,0.27398603416336875,0.27395743880082674,-17.81507066203538,-17.81507066203538,0.2743015049621688,0.2742911505865496,8.45617322979995,12.484109031042577,0,-2
2023-06-30 01:49:00,2023-06-30 01:49:59,0.2733,0.2733,0.2731,0.2733,0.2733331244352707,0.27325,0.2731,0.2733331244352707,True,0.00033482837635966263,-0.00010242992882000926,0,0.2739717364820977,0.2739398897144777,-16.96087245665558,-16.96087245665558,0.27429104222622686,0.2742812883916586,5.213754246556214,8.704176960697016,0,-1
2023-06-30 01:50:00,2023-06-30 01:50:59,0.2732,0.273,0.2729,0.2733,0.27329156221763534,0.2731,0.2729,0.2733,True,0.00033948349233397325,-0.00010934781274831809,0,0.2739558130982877,0.27392031065874506,-19.937357818634876,-19.937357818634876,0.27427919105979676,0.27426853925343314,1.9381616779545283,5.20269638477024,0,-2
2023-06-30 01:51:00,2023-06-30 01:51:59,0.273,0.2733,0.2729,0.2733,0.2731957811088177,0.27312499999999995,0.2729,0.2733,True,0.00034380610002440455,-8.727599282651506e-05,0,0.2739380618785164,0.27389943925357135,-15.125132892019707,-15.125132892019707,0.27426770657163957,0.2742589020469313,3.7564112441210114,3.636109056210594,0,-1
2023-06-30 01:52:00,2023-06-30 01:52:59,0.2732,0.2731,0.273,0.2733,0.2731603905544088,0.27315,0.273,0.2733,True,0.00034067709287980184,-8.159564446452863e-05,0,0.27391875056604387,0.2738778650992163,-14.541148304550553,-14.541148304550553,0.27425658511321527,0.27424737068328026,10.466657264982041,5.387076729019203,0,-2
2023-06-30 01:53:00,2023-06-30 01:53:59,0.2731,0.2728,0.2726,0.2732,0.27315519527720444,0.272925,0.2726,0.2732,True,0.00035920015767410094,-9.349184577303165e-05,0,0.2738983078326301,0.27385434194785124,-17.10064513665388,-17.10064513665388,0.2742433355100987,0.27423296898493915,10.466657264982041,8.229908591361706,0,-2
2023-06-30 01:54:00,2023-06-30 01:54:59,0.2727,0.2732,0.2727,0.2732,0.2730400976386022,0.27295,0.2727,0.2732,True,0.0003692572892688081,-6.806506959213459e-05,0,0.27387632489024066,0.2738296172578547,-12.097000525906807,-12.097000525906807,0.274230466500048,0.27422269068658156,11.101120582533872,10.678145037499327,0,-1
2023-06-30 01:55:00,2023-06-30 01:55:59,0.2732,0.273,0.273,0.2733,0.27299504881930114,0.273125,0.273,0.2733,True,0.0003643103400353194,-6.0681186782056114e-05,0,0.27385297107404766,0.27380531691181725,-11.049394390261497,-11.049394390261497,0.2742194668333809,0.27421052461009815,28.499549659616616,16.689109169044187,0,-1
2023-06-30 01:56:00,2023-06-30 01:56:59,0.273,0.2731,0.273,0.2732,0.2730600244096506,0.273075,0.273,0.2732,True,0.00035257388717565213,-4.4623608241834757e-05,0,0.27382914399293246,0.2737811743278062,-8.795359837264044,-8.795359837264044,0.2742080791036955,0.27419947461397776,50.263852565813096,29.954840935987875,0,-1
2023-06-30 01:57:00,2023-06-30 01:57:59,0.2732,0.2733,0.2731,0.2733,0.2730675122048253,0.273225,0.2731,0.2733,True,0.00034167575237738966,-1.6749174668958156e-05,0,0.2738051591603693,0.2737583507542688,-4.403594283024432,-0.0,0.2741982972220667,0.2741905246178188,80.29283642598362,53.01874621713779,0,-1
2023-06-30 01:58:00,2023-06-30 01:58:59,0.2733,0.2731,0.273,0.2733,0.2731462561024126,0.273175,0.273,0.2733,True,0.00033869891292185943,-9.887513595142959e-06,0,0.27378175495731905,0.27373637918776667,-4.390192521505888,-0.0,0.27418811516015557,0.27417967362659673,85.07324565338922,71.87664488172867,0,-1
2023-06-30 01:59:00,2023-06-30 01:59:59,0.2731,0.2733,0.2731,0.2733,0.27316062805120633,0.2732,0.2731,0.2733,True,0.0003287918477131536,1.0525386539014174e-05,0,0.2737590670725428,0.27371540068729405,-1.4504567324594007,-0.0,0.2741782831685122,0.27417092065518783,95.80844999470385,87.05817735802559,0,-1
2023-06-30 02:00:00,2023-06-30 02:00:59,0.2733,0.2734,0.2732,0.2734,0.27318031402560317,0.273325,0.2732,0.2734,True,0.00031959243001935536,3.1908752840831864e-05,0,0.2737372338799184,0.2736962056024465,1.853050416076492,0.0,0.27416979278872605,0.2741632498028974,95.80844999470385,92.23004854759898,0,-1
2023-06-30 02:01:00,2023-06-30 02:01:59,0.2734,0.2729,0.2728,0.2735,0.27325265701280155,0.27315,0.2728,0.2735,True,0.0003467643993036895,1.1764532654870343e-05,0,0.2737167197411824,0.27367734562585166,-2.701050996006046,-0.0,0.27415964559679845,0.27415068015311733,89.47709888729717,93.6979996255683,0,-2
2023-06-30 02:02:00,2023-06-30 02:02:59,0.2729,0.2731,0.2729,0.2733,0.2732013285064008,0.27305,0.2729,0.2733,True,0.0003505669422105696,1.3656683527314359e-05,0,0.27369703268351697,0.2736581927754907,-2.7974649915407284,-0.0,0.27414860434707905,0.27414022562423057,75.67789551006727,86.98781479735612,0,-1
2023-06-30 02:03:00,2023-06-30 02:03:59,0.273,0.2732,0.273,0.2733,0.2731256642532004,0.273125,0.273,0.2733,True,0.0003469550177669552,2.283162967588653e-05,0,0.2736776127295038,0.2736394553322357,-1.4688499938387025,-0.0,0.2741384192291977,0.2741308701453825,66.70002186943663,77.28500542226705,0,-1
2023-06-30 02:04:00,2023-06-30 02:04:59,0.2732,0.2736,0.2731,0.2739,0.2731253321266002,0.27344999999999997,0.2731,0.2739,True,0.0003793153736407418,5.68373419968331e-05,0,0.2736585340308697,0.27362340334633006,3.884487510518518,3.884487510518518,0.2741315692866186,0.2741255878553787,76.3890968963172,72.92233809194039,0,-1
2023-06-30 02:05:00,2023-06-30 02:05:59,0.2735,0.2734,0.2733,0.2737,0.27328766606330007,0.27347499999999997,0.2733,0.2737,True,0.0003807928469521182,6.413446488665232e-05,0,0.27364096868859983,0.27360974730016197,4.407992321089949,4.407992321089949,0.274125036258891,0.2741183680757232,91.02212635936932,78.0370817083744,0,-1
2023-06-30 02:06:00,2023-06-30 02:06:59,0.2733,0.2734,0.273,0.2734,0.27338133303165,0.273275,0.273,0.2734,True,0.0003821647864555352,6.744561755758367e-05,0,0.27362535799438087,0.27359669907650536,4.756995528137573,4.756995528137573,0.27411657818666324,0.2741112201346712,91.65001678337045,86.35374667968568,0,2
2023-06-30 02:07:00,2023-06-30 02:07:59,0.2734,0.2735,0.2733,0.2735,0.27332816651582503,0.273425,0.2733,0.2735,True,0.00036915301599442794,7.477808202815638e-05,0,0.2736110285354431,0.27358524807999696,6.362067897831899,6.362067897831899,0.2741096968116716,0.2741051383422864,89.29607718166888,90.65607344146957,0,2
2023-06-30 02:08:00,2023-06-30 02:08:59,0.2735,0.2736,0.2734,0.2737,0.2733765832579125,0.27355,0.2734,0.2737,True,0.0003642135148519704,8.42591483236151e-05,0,0.27359813830772,0.27357599079060185,8.777554391585852,8.777554391585852,0.27410412768916737,0.27410011209012436,89.29607718166888,90.08072371556942,0,2
2023-06-30 02:09:00,2023-06-30 02:09:59,0.2736,0.2735,0.2734,0.2736,0.2734632916289562,0.273525,0.2734,0.2736,True,0.00035248397807683204,8.085181927400389e-05,0,0.27358706454916093,0.27356835261050794,8.119389255342732,8.119389255342732,0.2740983652245985,0.274094140825546,96.18874755325568,91.59363397219782,0,2
2023-06-30 02:10:00,2023-06-30 02:10:59,0.2735,0.2736,0.2733,0.2737,0.2734941458144781,0.273525,0.2733,0.2737,True,0.0003558779796427734,8.28470129558011e-05,0,0.27357770857983443,0.27356204157259173,9.318926955636087,9.318926955636087,0.2740926600979856,0.2740892240014112,96.852965001097,94.11259657867386,1,2
2023-06-30 02:11:00,2023-06-30 02:11:59,0.2737,0.2735,0.2735,0.2737,0.2735095729072391,0.2736,0.2735,0.2737,True,0.0003447438382397166,7.439597669871647e-05,0,0.27356987507621305,0.27355733328323684,7.647155095702594,7.647155095702594,0.2740877580074584,0.27408336107602405,96.852965001097,96.63155918514991,0,2
2023-06-30 02:12:00,2023-06-30 02:12:59,0.2736,0.2733,0.2732,0.2736,0.2735547864536195,0.273425,0.2732,0.2736,True,0.00034869070693688053,5.259196160819777e-05,0,0.2735636041797249,0.27355271846686147,2.4816749484641747,0.0,0.274081163400419,0.27407556643845166,86.56472695741547,93.42355231986984,-1,1
2023-06-30 02:13:00,2023-06-30 02:13:59,0.2733,0.2734,0.2733,0.2735,0.2734898932268097,0.273375,0.2733,0.2735,True,0.0003380699421556772,4.361935686116654e-05,0,0.2735581613232932,0.273547865851795,1.3207795400656224,0.0,0.2740741368989223,0.2740688443843377,73.40903221678143,85.60890805843133,0,1
2023-06-30 02:14:00,2023-06-30 02:14:59,0.2733,0.2734,0.2733,0.2734,0.2734324466134048,0.27335,0.2733,0.2734324466134048,True,0.00032106494628741374,3.641714520751733e-05,0,0.2735530135875441,0.27354268778366003,0.5468492677999208,0.0,0.27406693155664447,0.27406218921633435,56.97889443837541,72.31755120419079,0,1
2023-06-30 02:15:00,2023-06-30 02:15:59,0.2733,0.2732,0.2732,0.2735,0.2733912233067024,0.2733,0.2732,0.2735,True,0.0003195603072668858,1.690916921139381e-05,0,0.27354785068560206,0.27353694595791633,-4.121825035738759,-0.0,0.27405930039687687,0.2740536102191569,49.06465772258834,59.81752812591509,0,1
2023-06-30 02:16:00,2023-06-30 02:16:59,0.2733,0.2731,0.2731,0.2733,0.2733456116533512,0.2732,0.2731,0.2733456116533512,True,0.0003110202853192495,-2.849455778872244e-06,0,0.2735423983217592,0.2735301135705269,-8.846458817426395,-8.846458817426395,0.27405075014417163,0.2740441215602598,32.756326775118794,46.26662631202754,0,1
2023-06-30 02:17:00,2023-06-30 02:17:59,0.2732,0.2733,0.2731,0.2734,0.27327280582667557,0.27325,0.2731,0.2734,True,0.0003102331220821579,-1.306930334343855e-06,0,0.27353625594614306,0.2735228125069011,-6.507935380728085,-0.0,0.2740427824810455,0.27403671736563034,21.029067182156776,34.28335055995466,0,2
2023-06-30 02:18:00,2023-06-30 02:18:59,0.2734,0.2735,0.2734,0.2736,0.2732614029133378,0.27347499999999997,0.2734,0.2736,True,0.0003095021847905768,1.3940318461713697e-05,0,0.2735295342265221,0.2735167362835188,-1.072245381547333,-0.0,0.2740371329041197,0.27403137689433055,32.91117589118054,28.89885661615206,0,2
2023-06-30 02:19:00,2023-06-30 02:19:59,0.2736,0.2737,0.2734,0.2738,0.27336820145666885,0.273625,0.2734,0.2738,True,0.00031596631444839353,3.7340760379107584e-05,0,0.2735231352550205,0.27351269523434807,5.394283380245135,5.394283380245135,0.2740330320792031,0.27402807961179987,64.0649237331444,39.335055602160594,1,2
2023-06-30 02:20:00,2023-06-30 02:20:59,0.2737,0.2736,0.2734,0.2738,0.2734966007283344,0.273625,0.2734,0.2738,True,0.0003219687205592234,4.432946607277087e-05,0,0.2735179152446843,0.27351028421804147,7.13364286381632,7.13364286381632,0.2740289720585145,0.274023820113175,92.22232110451243,63.066140242945814,0,2
2023-06-30 02:21:00,2023-06-30 02:21:59,0.2735,0.2737,0.2735,0.2737,0.2735608003641672,0.2736,0.2735,0.2737,True,0.0003132566690907059,5.403561435050966e-05,0,0.27351409973136287,0.2735090015536214,9.859877281536619,9.859877281536619,0.27402470367982285,0.2740205980224966,97.61561693521539,84.63428725762411,0,2
2023-06-30 02:22:00,2023-06-30 02:22:59,0.2736,0.2734,0.2734,0.2736,0.2735804001820836,0.27349999999999997,0.2734,0.2736,True,0.0003123097641556571,3.754609335690005e-05,0,0.27351155064249216,0.27350792994267237,5.135434349618691,5.135434349618691,0.2740194827476853,0.27401442291779515,85.91920219165495,91.9190467437943,0,1
2023-06-30 02:23:00,2023-06-30 02:23:59,0.2734,0.2734,0.2734,0.2735,0.2735402000910418,0.273425,0.2734,0.2735402000910418,True,0.00029714478100168476,2.5370744938842355e-05,0,0.2735097402925823,0.27350651726823616,1.9858057283400754,0.0,0.27401356749646455,0.27400830925692155,67.67253202041,83.73578371576015,0,1
2023-06-30 02:24:00,2023-06-30 02:24:59,0.2735,0.2738,0.2734,0.2739,0.2734826000455209,0.27365,0.2734,0.2739,True,0.00031163443950156446,4.391843925789415e-05,0,0.27350812878040925,0.27350638950384654,6.5097934166513625,6.5097934166513625,0.27400994990943506,0.27400623652799694,68.8992180876251,74.1636507665634,0,2
2023-06-30 02:25:00,2023-06-30 02:25:59,0.2737,0.2735,0.2735,0.2737,0.27356630002276044,0.2736,0.2735,0.2737,True,0.0003108034081085932,3.342506401096938e-05,0,0.2735072591421279,0.27350693118159913,4.1126671584661025,4.1126671584661025,0.2740058708058586,0.2740011993486139,74.94184110437816,70.50453040413781,0,1
2023-06-30 02:26:00,2023-06-30 02:26:59,0.2736,0.274,0.2735,0.274,0.2735831500113802,0.27377500000000005,0.2735,0.274,True,0.00032431745038655083,5.942945073494007e-05,0,0.27350709516186356,0.27350919688547914,8.111385577602633,8.111385577602633,0.27400357358390975,0.27400118741479684,93.1885112756231,79.00985682254218,0,2
2023-06-30 02:27:00,2023-06-30 02:27:59,0.274,0.274,0.274,0.2741,0.2736790750056901,0.274025,0.274,0.2741,True,0.00030829477535893924,7.348047199741525e-05,0,0.27350814602367135,0.27351451964798174,10.777197857026984,10.777197857026984,0.2740037867820798,0.27400117559972426,94.34620827319257,87.492186884398,0,2
2023-06-30 02:28:00,2023-06-30 02:28:59,0.2741,0.274,0.274,0.2741,0.27385203750284504,0.27405,0.274,0.2741,True,0.00029341657711901426,7.905244627296558e-05,0,0.27351133283582657,0.2735223842610122,12.55440604330989,12.55440604330989,0.2740042466150939,0.2740011639022146,99.99999999999996,95.84490651627192,0,2
2023-06-30 02:29:00,2023-06-30 02:29:59,0.2741,0.2741,0.274,0.2742,0.2739510187514225,0.2741,0.274,0.2742,True,0.00028674396446765456,8.562036447397574e-05,0,0.2735168585484194,0.2735325391844032,14.899783916709282,14.899783916709282,0.274005199385093,0.2740021473459736,99.99999999999996,98.11540275773086,0,2
2023-06-30 02:30:00,2023-06-30 02:30:59,0.2741,0.2747,0.2739,0.2748,0.27402550937571124,0.274375,0.2739,0.2748,True,0.0003305479670056801,0.0001266832307231033,1,0.2735246988664113,0.27354631440412674,20.773191367301877,20.773191367301877,0.27400887899320153,0.2740090911534764,99.99999999999996,99.99999999999999,0,2
2023-06-30 02:31:00,2023-06-30 02:31:59,0.2747,0.2752,0.2747,0.2753,0.2742002546878556,0.27497499999999997,0.2747,0.2753,True,0.00034979454079098795,0.00018114052533871368,0,0.273535506635269,0.2735669620340352,26.427087297835953,26.427087297835953,0.2740184921375478,0.27402094099274527,99.99999999999996,99.99999999999999,0,2
2023-06-30 02:32:00,2023-06-30 02:32:59,0.2751,0.2748,0.2747,0.2752,0.2745876273439278,0.27495,0.2747,0.2752,True,0.0003605235021630603,0.000179802681188446,0,0.27355123433465206,0.27359270716952716,23.685338682143808,23.685338682143808,0.2740277608724976,0.2740286928236632,98.9234517148912,99.6411505716304,0,2
2023-06-30 02:33:00,2023-06-30 02:33:59,0.2748,0.2749,0.2747,0.275,0.27476881367196393,0.27485000000000004,0.2747,0.275,True,0.00035620039486570045,0.00017644379717141084,0,0.2735719707520896,0.27362160286165876,22.5211272134718,22.5211272134718,0.2740359423563533,0.2740373625468108,93.503635780109,97.47569583166675,0,2
2023-06-30 02:34:00,2023-06-30 02:34:59,0.275,0.275,0.275,0.2751,0.274809406835982,0.275025,0.275,0.2751,True,0.0003450432238038671,0.00017164098454394174,0,0.27359678680687416,0.27365398144011804,22.439307471556603,22.439307471556603,0.27404578372594185,0.2740469410289321,90.30031572329104,94.24246773943044,0,2
2023-06-30 02:35:00,2023-06-30 02:35:59,0.275,0.275,0.2749,0.2751,0.274917203417991,0.275,0.2749,0.2751,True,0.00033468299353216473,0.00015898289131716775,0,0.2736253841234961,0.2736887084414085,22.384760976946467,22.384760976946467,0.27405527841523597,0.2740564242027736,87.06958928689785,90.29118026343265,0,2
2023-06-30 02:36:00,2023-06-30 02:36:59,0.275,0.2748,0.2748,0.275,0.2749586017089955,0.27490000000000003,0.2748,0.275,True,0.0003250627797084411,0.0001278405916497915,0,0.27365704628245224,0.2737243600020032,18.312068751006237,18.312068751006237,0.2740636836051341,0.2740638229669251,83.7469440464793,87.03894968555609,0,1
2023-06-30 02:37:00,2023-06-30 02:37:59,0.2748,0.2749,0.2746,0.2749,0.27492930085449774,0.2748,0.2746,0.27492930085449774,True,0.00032327258115783577,0.00010650862161295735,0,0.27369070314222765,0.27375980876067374,16.809750640865545,16.809750640865545,0.2740710101364263,0.27407214313640843,71.01137415142996,80.60930249493573,0,1
2023-06-30 02:38:00,2023-06-30 02:38:59,0.2749,0.2751,0.2749,0.2752,0.27486465042724884,0.27502499999999996,0.2749,0.2752,True,0.00032161025393227766,9.916034314853839e-05,0,0.27372525595145064,0.2737963983750598,17.97752183616373,17.97752183616373,0.2740805025728798,0.274082370567887,64.12964541866108,72.96265453885682,0,1
2023-06-30 02:39:00,2023-06-30 02:39:59,0.2752,0.275,0.275,0.2752,0.2749448252136244,0.2751,0.275,0.2752,True,0.0003129238072228277,8.044954905525044e-05,0,0.27376082716325517,0.2738341497292673,16.47375255309528,16.47375255309528,0.27409064682588596,0.27409150120900255,60.581125632702175,65.24071506759778,0,1
2023-06-30 02:40:00,2023-06-30 02:40:59,0.2751,0.2748,0.2746,0.2751,0.2750224126068122,0.27490000000000003,0.2746,0.2751,True,0.0003262863924211972,4.8244128185555074e-05,0,0.2737974884462612,0.27387118450227615,11.463712958928419,11.463712958928419,0.27409870009130005,0.27409855094821645,43.186682251236135,55.96581776753317,0,1
2023-06-30 02:41:00,2023-06-30 02:41:59,0.2748,0.2748,0.2747,0.275,0.27496120630340615,0.274825,0.2747,0.275,True,0.0003244087929625419,2.239549546652602e-05,0,0.27383433647426864,0.27390688642818006,8.123686562817177,0.0,0.27410592695606323,0.2741055305407715,21.04235237217361,41.603386752037345,0,1
2023-06-30 02:42:00,2023-06-30 02:42:59,0.2749,0.2751,0.2748,0.2752,0.27489310315170307,0.275,0.2748,0.2752,True,0.0003298081648937897,2.2352136236460812e-05,0,0.2738706114512243,0.27394249472711174,10.59668901721593,10.59668901721593,0.27411482320525665,0.27411542575927134,6.303869355229241,23.5109679928797,0,1
2023-06-30 02:43:00,2023-06-30 02:43:59,0.2752,0.2752,0.275,0.2753,0.27494655157585157,0.275175,0.275,0.2753,True,0.0003276790102585167,2.524384401726812e-05,0,0.273906553089168,0.27397898568817725,13.440564145147988,13.440564145147988,0.2741253722280899,0.2741262175427612,18.207150119530617,15.184457282311193,0,2
2023-06-30 02:44:00,2023-06-30 02:44:59,0.2751,0.2751,0.275,0.2752,0.27506077578792576,0.2751,0.275,0.2752,True,0.00031855908095433535,1.6147830538283214e-05,0,0.2739427693886726,0.2740154066287885,12.778507980141292,12.778507980141292,0.27413507001686516,0.27413590692044515,24.914577723208165,16.475199065989376,0,1
2023-06-30 02:45:00,2023-06-30 02:45:59,0.2752,0.2752,0.2749,0.2753,0.2750803878939629,0.27515,0.2749,0.2753,True,0.00032437628945759795,1.3397702644955736e-05,0,0.27397908800873055,0.2740518656085919,13.847513001182314,13.847513001182314,0.2741451688226675,0.2741464949112865,27.54606140046037,23.55592974773309,0,1
2023-06-30 02:46:00,2023-06-30 02:46:59,0.2753,0.2753,0.2752,0.2754,0.2751151939469815,0.2753,0.2752,0.2754,True,0.00031549226878205364,1.4851985374287832e-05,0,0.27401547680866123,0.27408913354906433,15.96185255302835,15.96185255302835,0.2741566596801534,0.27415797257386076,31.746593764376996,28.069077629348545,0,1
2023-06-30 02:47:00,2023-06-30 02:47:59,0.2752,0.2752,0.2751,0.2753,0.27520759697349073,0.2752,0.2751,0.2753,True,0.0003072428210119054,5.220720097272888e-06,0,0.27405230517886275,0.27412609658590925,14.34890218687083,14.34890218687083,0.27416704117587326,0.27416834100596166,32.28404389104915,30.52556635196221,0,1
2023-06-30 02:48:00,2023-06-30 02:48:59,0.2753,0.2751,0.2751,0.2754,0.27520379848674537,0.275225,0.2751,0.2754,True,0.0003067254766539098,-1.1153790788676694e-05,0,0.274089200882386,0.2741627374908289,10.539056769422501,0.0,0.2741775681293472,0.2741776112447083,32.33923096882449,32.12328954141691,0,1
2023-06-30 02:49:00,2023-06-30 02:49:59,0.2751,0.2749,0.2749,0.2751,0.27521439924337265,0.275,0.2749,0.27521439924337265,True,0.00029910222832149006,-3.799176685175757e-05,0,0.2741259691866074,0.2741973296441648,3.701454946296849,0.0,0.27418575153104524,0.27418479919252214,16.235417840606484,26.95289756682674,0,1
2023-06-30 02:50:00,2023-06-30 02:50:59,0.2749,0.2749,0.2747,0.275,0.27510719962168634,0.274875,0.2747,0.27510719962168634,True,0.0002991663548699567,-5.6613410019452155e-05,0,0.2741616494153861,0.2742292138290782,-0.8569462691202503,-0.0,0.27419260972476617,0.2741919156184672,8.990540110256786,19.18839630656262,0,1
2023-06-30 02:51:00,2023-06-30 02:51:59,0.2748,0.2749,0.2748,0.275,0.27499109981084313,0.274875,0.2748,0.275,True,0.0002920830438078193,-6.899443861781368e-05,0,0.27419543162223214,0.27425874725199234,-3.8958804127316498,-3.8958804127316498,0.2741993996777536,0.27419896123420384,-4.144832625267251e-14,8.408652650287776,0,1
2023-06-30 02:52:00,2023-06-30 02:52:59,0.2749,0.2748,0.2747,0.275,0.27493304990542156,0.27485000000000004,0.2747,0.275,True,0.00029264854067869095,-8.352933481689149e-05,0,0.2742270894371122,0.2742860557461769,-8.24198071881142,-8.24198071881142,0.27420587331280083,0.27420494171943566,-4.144832625267251e-14,2.9968467034189334,0,1
2023-06-30 02:53:00,2023-06-30 02:53:59,0.2749,0.2747,0.2746,0.2749,0.2748915249527108,0.274775,0.2746,0.2749,True,0.00029317364491592495,-9.866781075415748e-05,0,0.27425657259164454,0.27431091059325413,-13.042301572230713,-13.042301572230713,0.27421153626491224,0.2742098676724761,-4.144832625267251e-14,-9.079157179156835e-15,0,1
2023-06-30 02:54:00,2023-06-30 02:54:59,0.2747,0.2747,0.2745,0.2747,0.2748332624763554,0.27465,0.2745,0.2748332624763554,True,0.00028651838456478587,-0.0001064985996338994,0,0.27428374159244934,0.2743328055030919,-16.242515474510242,-16.242515474510242,0.2742158990881469,0.27421474461105844,-4.144832625267251e-14,-9.079157179156835e-15,0,-2
2023-06-30 02:55:00,2023-06-30 02:55:59,0.2746,0.275,0.2746,0.275,0.27474163123817774,0.27480000000000004,0.2746,0.275,True,0.0002946242142387306,-8.850785485060955e-05,0,0.2743082735477706,0.27435324897067886,-8.031388441418457,-8.031388441418457,0.2742217110375186,0.27422255809751556,7.105929983499849,2.3686433278332877,0,-1
2023-06-30 02:56:00,2023-06-30 02:56:59,0.275,0.275,0.2749,0.275,0.2747708156190889,0.27497499999999997,0.2749,0.275,True,0.000280722484650253,-7.505737177530088e-05,0,0.27433076125922473,0.2743736101297521,-2.5573037526906006,-0.0,0.2742292064500806,0.2742302938378388,21.42831762417045,9.511415869223452,0,-1
2023-06-30 02:57:00,2023-06-30 02:57:59,0.275,0.2748,0.2748,0.2751,0.27487290780954443,0.274925,0.2748,0.2751,True,0.0002820994500323794,-7.873794918842838e-05,0,0.2743521856944884,0.27439342373437575,-4.56874127136804,-4.56874127136804,0.27423612976898526,0.2742359625558703,33.20602736781619,20.58009165849553,0,-2
2023-06-30 02:58:00,2023-06-30 02:58:59,0.2748,0.2747,0.2746,0.2749,0.2748989539047722,0.27475,0.2746,0.2749,True,0.00028337806074434996,-8.634333660209901e-05,0,0.27437280471443204,0.2744114696170254,-7.960482615106095,-7.960482615106095,0.27424124290561225,0.27424057984387157,29.585275926723927,28.073206972903552,0,-2
2023-06-30 02:59:00,2023-06-30 02:59:59,0.2748,0.2748,0.2747,0.2749,0.2748244769523861,0.2748,0.2747,0.2749,True,0.0002774224849768948,-8.228951302766921e-05,0,0.2743921371657287,0.2744283429989604,-6.956075543680207,-6.956075543680207,0.2742468026776957,0.2742461462135843,21.018964432323504,27.93675590895457,0,-2
2023-06-30 03:00:00,2023-06-30 03:00:59,0.2747,0.2747,0.2746,0.2749,0.27481223847619307,0.274725,0.2746,0.2749,True,0.0002790351646213999,-8.445959652910251e-05,0,0.27441024008234455,0.2744436629137328,-8.594278842009857,-8.594278842009857,0.2742515608600072,0.27425066217165806,11.884220426925646,20.829486928657722,0,-2
2023-06-30 03:01:00,2023-06-30 03:01:59,0.2748,0.2749,0.2746,0.275,0.27476861923809653,0.274825,0.2746,0.275,True,0.00028767551000558647,-6.984687237207305e-05,0,0.27442695149803864,0.27445834076832215,-4.1295570304538955,-4.1295570304538955,0.27425726672209666,0.2742571232445769,16.6192980534989,16.507494304249377,0,-1
2023-06-30 03:02:00,2023-06-30 03:02:59,0.275,0.2748,0.2748,0.275,0.2747968096190483,0.27490000000000003,0.2748,0.275,True,0.00028141297357661834,-6.549702365867609e-05,0,0.27444264613318037,0.2744729269984821,-3.6951850779623783,-3.6951850779623783,0.2742636620780957,0.2742625250033373,31.877442420315678,20.126986966913435,0,-2
2023-06-30 03:03:00,2023-06-30 03:03:59,0.2748,0.2751,0.2748,0.2752,0.27484840480952416,0.27497499999999997,0.2748,0.2752,True,0.00028988347546400357,-4.044223207448286e-05,0,0.2744577865658312,0.2744878555947934,2.4718269686777816,0.0,0.2742707400673684,0.2742708580878812,61.20810447293877,36.56828164891781,0,-1
2023-06-30 03:04:00,2023-06-30 03:04:59,0.2751,0.275,0.2748,0.2751,0.27491170240476204,0.275,0.2748,0.2751,True,0.0002906060843594335,-3.0488513404000638e-05,0,0.2744728210803123,0.27450312283892325,4.038772976961063,0.0,0.274277996385106,0.27427811323128537,86.32118163729122,59.80224284351525,0,-1
2023-06-30 03:05:00,2023-06-30 03:05:59,0.2749,0.275,0.2749,0.2751,0.27495585120238103,0.27497499999999997,0.2749,0.2751,True,0.00028413422119090496,-2.3838082282672278e-05,0,0.27448797195961777,0.2745183804267447,5.083403649149915,0.0,0.2742849317444582,0.2742852961842079,95.17385328241788,80.901046464216,0,-1
2023-06-30 03:06:00,2023-06-30 03:06:59,0.275,0.2751,0.275,0.2752,0.2749654256011905,0.275075,0.275,0.2752,True,0.0002781246339629816,-1.2725856292789223e-05,0,0.2745031761931812,0.27453421183515475,7.850024834270876,0.0,0.27429279312013527,0.27429340268983765,96.53355882488023,92.67619791486315,0,-1
2023-06-30 03:07:00,2023-06-30 03:07:59,0.2751,0.275,0.2749,0.2751,0.2750202128005953,0.27502499999999996,0.2749,0.2751,True,0.00027254430296562817,-1.2921368409899613e-05,0,0.274518694014168,0.2745500433430786,6.5627937069620685,0.0,0.2743000787607309,0.27430043350884425,90.41523653453777,94.040882880612,0,-2
2023-06-30 03:08:00,2023-06-30 03:08:59,0.2751,0.2751,0.275,0.2752,0.27502260640029763,0.2751,0.275,0.2752,True,0.0002673625670395103,-6.683519447293098e-06,0,0.2745343686786233,0.2745662808881296,8.020701446731351,0.0,0.27430803817604704,0.2743083893943284,93.88167770965748,93.61015768969186,0,-1
2023-06-30 03:09:00,2023-06-30 03:09:59,0.2751,0.2752,0.2751,0.2753,0.2750613032001488,0.275175,0.2751,0.2753,True,0.0002625509551081151,3.444539573286919e-06,0,0.27455032478337643,0.27458324128199907,10.990232337401359,10.990232337401359,0.2743166646618575,0.2743172611416485,93.88167770965748,92.72619731795095,0,2
2023-06-30 03:10:00,2023-06-30 03:10:59,0.2752,0.2749,0.2749,0.2753,0.2751181516000744,0.27507499999999996,0.2749,0.2753,True,0.00027236874402896484,-1.180118586275328e-05,0,0.2745667830326877,0.27459996830714156,5.032406213534415,0.0,0.2743242102871126,0.27432305953824904,88.00513045153203,91.9228286236157,0,-2
2023-06-30 03:11:00,2023-06-30 03:11:59,0.2749,0.2748,0.2747,0.2749,0.2750965758000372,0.274825,0.2747,0.2750965758000372,True,0.00026719954802689435,-2.9033784783609847e-05,0,0.27458337566991464,0.27461468156839686,-0.7300364962092942,-0.0,0.2743291932693304,0.27432780521448535,54.6717971181987,78.85286842646276,0,-2
2023-06-30 03:12:00,2023-06-30 03:12:59,0.2748,0.2747,0.2746,0.2749,0.2749607879000186,0.27475,0.2746,0.2749607879000186,True,0.0002695424374535424,-4.672984761448982e-05,0,0.27459902861915575,0.2746271938508027,-6.208008910184176,-6.208008910184176,0.2743333804009789,0.274331508645187,21.338463784865365,54.671797118198725,0,-2
2023-06-30 03:13:00,2023-06-30 03:13:59,0.2746,0.2744,0.2744,0.2747,0.2748553939500093,0.27452499999999996,0.2744,0.2748553939500093,True,0.00027171797763543386,-7.75690290297242e-05,0,0.2746131112349792,0.2746363437002385,-13.350431478672107,-13.350431478672107,0.27433528706365573,0.2743321901512051,-6.631732200427602e-14,25.336753634354693,-1,-2
2023-06-30 03:14:00,2023-06-30 03:14:59,0.2744,0.2745,0.2744,0.2745,0.27469019697500463,0.27444999999999997,0.2744,0.27469019697500463,True,0.0002594524078043346,-8.796580790035994e-05,0,0.27462472746760885,0.2746422689250928,-15.184462925014302,-15.184462925014302,0.2743364284859079,0.27433385990094433,-6.631732200427602e-14,7.112821261621772,0,-2
2023-06-30 03:15:00,2023-06-30 03:15:59,0.2744,0.274,0.274,0.2745,0.2745700984875023,0.274225,0.274,0.2745700984875023,True,0.00027663437867545356,-0.0001256783930820681,-1,0.27463349819635086,0.2746440709877133,-20.605059934313726,-20.605059934313726,0.27433531974475456,0.2743305379118802,-6.631732200427602e-14,-3.868510450249435e-14,0,-2
2023-06-30 03:16:00,2023-06-30 03:16:59,0.274,0.2738,0.2736,0.2741,0.27439754924375115,0.27387500000000004,0.2736,0.27439754924375115,True,0.00029258906591292117,-0.00015858164734717563,0,0.2746387845920321,0.274640213119432,-25.223987748366827,-25.223987748366827,0.27433073944878683,0.2743252589276824,-6.631732200427602e-14,-3.868510450249435e-14,0,-2
2023-06-30 03:17:00,2023-06-30 03:17:59,0.2737,0.2738,0.2737,0.2739,0.2741362746218756,0.273775,0.2737,0.2741362746218756,True,0.0002859755612048538,-0.00017292503845701282,0,0.274639498855732,0.27463123951048024,-28.30327295773556,-28.30327295773556,0.27432520970302776,0.27432003247069053,-6.631732200427602e-14,-3.868510450249435e-14,0,-2
2023-06-30 03:18:00,2023-06-30 03:18:59,0.2739,0.2737,0.2736,0.2739,0.2739556373109378,0.273775,0.2736,0.2739556373109378,True,0.0002869773068330762,-0.00018119973715298728,0,0.2746353691831061,0.2746182998114223,-30.898741307047043,-30.898741307047043,0.27431973497961454,0.27431386299337024,-6.631732200427602e-14,-3.868510450249435e-14,0,-2
2023-06-30 03:19:00,2023-06-30 03:19:59,0.2737,0.2736,0.2736,0.2738,0.2738653186554689,0.273675,0.2736,0.2738653186554689,True,0.0002807646420592835,-0.0001848834870373262,0,0.27462683449726416,0.27460164025548184,-33.146873704700084,-33.146873704700084,0.27431331970618555,0.2743067598790083,-6.631732200427602e-14,-3.868510450249435e-14,0,-2
2023-06-30 03:20:00,2023-06-30 03:20:59,0.2737,0.2735,0.2734,0.2737,0.27377015932773446,0.273575,0.2734,0.27377015932773446,True,0.0002821385961979077,-0.00018513180453259186,0,0.27461423737637297,0.27458148022598167,-35.13238706554241,-35.13238706554241,0.2743059732414474,0.27429873241752567,-6.631732200427602e-14,-3.868510450249435e-14,0,-2
2023-06-30 03:21:00,2023-06-30 03:21:59,0.2734,0.2736,0.2734,0.2737,0.27367257966386727,0.27352499999999996,0.2734,0.2737,True,0.0002834144107552016,-0.00016913131915157788,0,0.2745978588011773,0.27455835951509916,-32.767247161043755,-32.767247161043755,0.27429820236342306,0.27429177985615727,-6.631732200427602e-14,-3.868510450249435e-14,0,-2
2023-06-30 03:22:00,2023-06-30 03:22:59,0.2736,0.2738,0.2735,0.2738,0.27359878983193364,0.273675,0.2735,0.2738,True,0.0002845990957012563,-0.00013621059881518542,0,0.27457810915813824,0.2745340956311275,-25.21732190077409,-25.21732190077409,0.2742920013448815,0.2742868865242552,5.904941402460767,1.968313800820239,0,-1
2023-06-30 03:23:00,2023-06-30 03:23:59,0.2738,0.2737,0.2735,0.2738,0.2736368949159668,0.2737,0.2735,0.2738,True,0.0002856991602940214,-0.00011417754569204795,0,0.2745561023946329,0.2745092697215778,-21.793871837125984,-21.793871837125984,0.2742861107842359,0.27428104685734717,13.67539702327243,6.526779475244404,0,-1
2023-06-30 03:24:00,2023-06-30 03:24:59,0.2737,0.2739,0.2737,0.2739,0.2736684474579834,0.2738,0.2737,0.2739,True,0.0002795777917015897,-7.941510094707291e-05,0,0.2745326860581054,0.2744848577638254,-14.63663675755135,-14.63663675755135,0.2742812738610097,0.2742772553463288,30.215373627155827,16.59857068429637,0,-1
2023-06-30 03:25:00,2023-06-30 03:25:59,0.2739,0.2738,0.2737,0.2739,0.2737342237289917,0.273825,0.2737,0.2739,True,0.0002738936637229031,-5.8425248932328334e-05,0,0.2745087719109654,0.2744611107318123,-11.836146034502441,-11.836146034502441,0.2742767338225917,0.2742725065369126,44.175538933560325,29.355436527996222,0,-1
2023-06-30 03:26:00,2023-06-30 03:26:59,0.2738,0.2735,0.2735,0.2739,0.27377961186449584,0.273675,0.2735,0.2739,True,0.00028290125917126405,-6.0901098799466253e-05,0,0.27448494132138884,0.27443702097088385,-14.345102285598884,-14.345102285598884,0.2742707464213719,0.2742648199047045,57.06648300894917,43.81913185655514,0,-2
2023-06-30 03:27:00,2023-06-30 03:27:59,0.2736,0.2736,0.2734,0.2737,0.2737273059322479,0.273575,0.2734,0.2737273059322479,True,0.00028412259780188963,-5.0909080870860976e-05,0,0.2744609811461364,0.2744121405521022,-13.540758874469944,-13.540758874469944,0.274263823571408,0.2742582047812746,59.228790915470114,53.4902709526599,0,-1
2023-06-30 03:28:00,2023-06-30 03:28:59,0.2736,0.2739,0.2736,0.2739,0.27365115296612397,0.27375,0.2736,0.2739,True,0.00028525669795889517,-1.950742337500415e-05,0,0.2744365608491193,0.27438800903507105,-7.258706545351913,-0.0,0.2742587108990557,0.27425464055459525,72.6970175399381,62.997430488119164,0,-1
2023-06-30 03:29:00,2023-06-30 03:29:59,0.2738,0.2739,0.2738,0.2739,0.273700576483062,0.27385,0.2738,0.2739,True,0.00027202407667611614,3.7867714447466596e-06,0,0.27441228494209524,0.2743653188078711,-3.0706716592732235,-0.0,0.2742546441239407,0.274251111792858,85.36895117707093,72.43158654415974,0,-1
2023-06-30 03:30:00,2023-06-30 03:30:59,0.2739,0.2741,0.2738,0.2743,0.27377528824153097,0.274025,0.2738,0.2743,True,0.00028830807119925074,3.4501484878868e-05,0,0.2743888018749832,0.2743451196834864,2.862723424479718,0.0,0.27425235910778206,0.27424960819292904,99.99999999999993,86.02198957233635,0,-1
2023-06-30 03:31:00,2023-06-30 03:31:59,0.274,0.2743,0.274,0.2744,0.27390014412076547,0.274175,0.274,0.2744,True,0.00029628606611358687,6.857843385080974e-05,0,0.27436696077923484,0.27432804956886114,9.192406743442113,9.192406743442113,0.27425158936541605,0.2742501096039447,99.99999999999993,95.1229837256903,0,-1
2023-06-30 03:32:00,2023-06-30 03:32:59,0.2744,0.2747,0.2743,0.2748,0.2740375720603827,0.27454999999999996,0.2743,0.2748,True,0.0003108370613911878,0.0001169015064838968,1,0.274347505174048,0.27431613296356366,16.47505296799406,16.47505296799406,0.27425455862546166,0.27425458612529846,99.99999999999993,99.99999999999999,0,-1
2023-06-30 03:33:00,2023-06-30 03:33:59,0.2746,0.2749,0.2746,0.275,0.27429378603019133,0.274775,0.2746,0.275,True,0.00031720584272038955,0.00015836038151027893,0,0.2743318190688058,0.2743098992522673,22.365236977425283,22.365236977425283,0.27425973714660135,0.2742610081539025,99.99999999999993,99.99999999999999,0,2
2023-06-30 03:34:00,2023-06-30 03:34:59,0.2748,0.2747,0.2746,0.2749,0.27453439301509563,0.27475,0.2746,0.2749,True,0.0003159768539546451,0.00016583280478647065,0,0.27432085916053656,0.2743080109666856,21.684879412852453,21.684879412852453,0.2742646153839486,0.2742653762319731,99.35676996747559,99.78558998915854,1,2
2023-06-30 03:35:00,2023-06-30 03:35:59,0.2746,0.2744,0.2743,0.2747,0.27464219650754784,0.27449999999999997,0.2743,0.2747,True,0.0003219785072435998,0.00014386855975579376,0,0.2743144350636111,0.27430784155510973,15.882139632270466,15.882139632270466,0.2742669575194317,0.2742667157719535,91.46610720353466,96.94095905700344,0,1
2023-06-30 03:36:00,2023-06-30 03:36:59,0.2745,0.2742,0.274,0.2745,0.2745710982537739,0.2743,0.274,0.2745710982537739,True,0.0003346943281547713,0.00011048101273179305,0,0.27431113830936044,0.2743076543747774,9.220693974286469,9.220693974286469,0.27426728630033287,0.27426605193342657,78.3338971728282,89.71892478127951,0,1
2023-06-30 03:37:00,2023-06-30 03:37:59,0.2741,0.2743,0.2741,0.2744,0.27443554912688695,0.274225,0.2741,0.27443554912688695,True,0.00033221616185799953,9.159803540751068e-05,0,0.2743093963420689,0.27430693990947436,6.308513394057485,6.308513394057485,0.27426686554112556,0.2742663897251338,64.00515669931558,77.93505369189285,0,1
2023-06-30 03:38:00,2023-06-30 03:38:59,0.2743,0.2744,0.2743,0.2744,0.2743302745634435,0.27435,0.2743,0.2744,True,0.0003156292931538559,8.279096574373039e-05,0,0.27430816812577163,0.2743066728439306,5.891051790399878,5.891051790399878,0.27426769274967155,0.2742677191806051,59.81863760480427,67.38589715898273,0,2
2023-06-30 03:39:00,2023-06-30 03:39:59,0.2743,0.2743,0.2743,0.2745,0.27434013728172174,0.27435,0.2743,0.2745,True,0.0003073700579285829,6.704424364498387e-05,0,0.2743074204848511,0.27430675985171743,3.782161066617718,3.782161066617718,0.2742685117272868,0.2742680403827881,60.87366577705851,61.565820027059495,0,1
2023-06-30 03:40:00,2023-06-30 03:40:59,0.2744,0.2743,0.274,0.2744,0.27434506864086083,0.274275,0.274,0.2744,True,0.00031398648236225245,5.4265502362340376e-05,0,0.2743070901682843,0.2743066104472016,2.376233917429616,0.0,0.2742685762872143,0.27426835838892955,61.75143317651629,60.81457885279307,0,1
2023-06-30 03:41:00,2023-06-30 03:41:59,0.2742,0.2743,0.2742,0.2745,0.27431003432043044,0.2743,0.2742,0.2745,True,0.00031298744790780745,4.389079419977173e-05,0,0.274306850307743,0.2743064474652778,1.4389491513042145,0.0,0.27426888896097334,0.27426867323083076,56.684514165858815,59.76987103981125,0,1
2023-06-30 03:42:00,2023-06-30 03:42:59,0.2744,0.2742,0.2742,0.2744,0.2743050171602152,0.2743,0.2742,0.2744,True,0.000304916915914391,2.8607368969140105e-05,0,0.27430664888651046,0.2743062749119946,-1.614945703792415,-0.0,0.27426919852355075,0.2742679899151011,48.79933280733917,55.745093383238135,0,1
2023-06-30 03:43:00,2023-06-30 03:43:59,0.2743,0.274,0.2737,0.2743,0.27430250858010763,0.274075,0.2737,0.27430250858010763,True,0.00032599427906336234,3.9326537237318e-06,0,0.27430646189925256,0.2743045522677322,-7.326501713101479,-0.0,0.27426726619993336,0.2742653233487817,29.56020258058504,45.01468318459439,-1,-2
2023-06-30 03:44:00,2023-06-30 03:44:59,0.274,0.2739,0.2738,0.2741,0.27418875429005385,0.27395,0.2738,0.27418875429005385,True,0.00032413754484455235,-1.8855251448797054e-05,0,0.2743055070834924,0.27430076341217924,-12.543779470076785,-12.543779470076785,0.2742641093223221,0.27426168829058484,13.370970116361406,30.576835168095254,0,-2
2023-06-30 03:45:00,2023-06-30 03:45:59,0.274,0.2737,0.2736,0.274,0.27406937714502694,0.27382500000000004,0.2736,0.27406937714502694,True,0.00032955629164137083,-4.62265044864515e-05,0,0.27430313524783584,0.27429451617659173,-18.230060748292495,-18.230060748292495,0.2742597400753338,0.27425609935237005,-6.631732200427602e-14,14.310390898982176,0,-2
2023-06-30 03:46:00,2023-06-30 03:46:59,0.2738,0.2738,0.2736,0.2738,0.2739471885725135,0.27375,0.2736,0.2739471885725135,True,0.00032030227080984277,-5.4685218408380996e-05,0,0.2742988257122138,0.2742858617240342,-18.618497339017992,-18.618497339017992,0.27425466803478327,0.2742515610503564,-6.631732200427602e-14,4.456990038787139,0,-2
2023-06-30 03:47:00,2023-06-30 03:47:59,0.2738,0.274,0.2737,0.274,0.27384859428625674,0.27387500000000004,0.2737,0.274,True,0.0003188521086091413,-4.3590192997894814e-05,0,0.274292343718124,0.2742762290643086,-13.433951627804255,-13.433951627804255,0.2742508902433924,0.274249057955328,5.577731246285768,1.8592437487619267,0,-1
2023-06-30 03:48:00,2023-06-30 03:48:59,0.274,0.2741,0.274,0.2741,0.2738617971431284,0.27405,0.274,0.2741,True,0.000303219815137059,-2.71371957182213e-05,0,0.27428428639121627,0.27426709303159624,-7.789089235697361,-0.0,0.27424889133549796,0.2742475747915934,23.05328267664323,9.543671307643026,0,-1
2023-06-30 03:49:00,2023-06-30 03:49:59,0.2741,0.2741,0.2739,0.2741,0.2739558985715642,0.27405,0.2739,0.2741,True,0.0002958469711987001,-1.4771648837445941e-05,0,0.27427568971140626,0.2742584106797243,-4.025847640959434,-0.0,0.2742469123172343,0.2742461063857069,45.084443992030835,24.57181930498666,0,-1
2023-06-30 03:50:00,2023-06-30 03:50:59,0.274,0.2741,0.2738,0.2741,0.2740029492857821,0.274,0.2738,0.2741,True,0.00029614361611308027,-5.5798346070224855e-06,0,0.27426705019556524,0.2742498020309625,-1.517019911134149,-0.0,0.2742444554782568,0.27424465259082426,58.405585464594786,42.181104044423,0,-1
2023-06-30 03:51:00,2023-06-30 03:51:59,0.2742,0.2745,0.2741,0.2745,0.27400147464289104,0.274325,0.2741,0.2745,True,0.00030356192924786105,2.8585051972389498e-05,0,0.27425842611326384,0.2742435403192892,7.300509195900574,7.300509195900574,0.2742452569162841,0.2742471933610648,74.26336736757065,59.25113227473215,0,2
2023-06-30 03:52:00,2023-06-30 03:52:59,0.2745,0.2746,0.2745,0.2748,0.27416323732144554,0.2746,0.2745,0.2748,True,0.0003033075057301543,5.67437625800195e-05,0,0.2742509832162765,0.27424105612214483,14.193893084615453,14.193893084615453,0.2742487866982116,0.27425070387488504,85.56553938551637,72.74483073922733,1,2
2023-06-30 03:53:00,2023-06-30 03:53:59,0.2747,0.2745,0.2745,0.2748,0.27438161866072275,0.274625,0.2745,0.2748,True,0.00030307125532085525,6.59480993278684e-05,0,0.27424601966921064,0.2742417345595756,15.482094702899346,15.482094702899346,0.2742525301141498,0.2742531844333439,99.99999999999993,86.60963558436237,0,2
2023-06-30 03:54:00,2023-06-30 03:54:59,0.2746,0.2744,0.2742,0.2747,0.2745033093303614,0.27447499999999997,0.2742,0.2747,True,0.0003171375942265085,6.237692683757612e-05,0,0.27424387711439313,0.27424386914712695,13.33585354507396,13.33585354507396,0.27425474374485476,0.2742546452847534,93.42996510583446,92.99850149711698,0,2
2023-06-30 03:55:00,2023-06-30 03:55:59,0.2745,0.2746,0.2743,0.2747,0.27448915466518065,0.274525,0.2743,0.2747,True,0.0003230563374960444,7.11759235853603e-05,0,0.27424387313076004,0.2742474785795413,15.198230970756853,15.198230970756853,0.27425743286182136,0.27425808165007926,88.40616637490719,93.94537716024723,0,2
2023-06-30 03:56:00,2023-06-30 03:56:59,0.2747,0.2748,0.2747,0.2751,0.27450707733259033,0.274825,0.2747,0.2751,True,0.00033569517053204124,8.7461350837886e-05,0,0.27424567585515064,0.27425428272218283,18.76525677611552,18.76525677611552,0.2742630802960321,0.2742634738724665,88.40616637490719,90.08076595188298,0,2
2023-06-30 03:57:00,2023-06-30 03:57:59,0.2748,0.2748,0.2747,0.2749,0.27466603866629513,0.2748,0.2747,0.2749,True,0.0003260026583511796,9.39987223835945e-05,0,0.2742499792886667,0.2742633838724122,21.143273979687976,21.143273979687976,0.27426842278064867,0.2742688124408997,93.9292581159293,90.24719695524793,0,2
2023-06-30 03:58:00,2023-06-30 03:58:59,0.2749,0.275,0.2748,0.2751,0.27473301933314753,0.27495,0.2748,0.2751,True,0.0003241453256118112,0.00010750098127659749,0,0.2742566815805394,0.2742752601888198,24.691135500157543,24.691135500157543,0.2742752046435278,0.27427608793900016,98.95305684685654,93.76282711256438,0,2
2023-06-30 03:59:00,2023-06-30 03:59:59,0.275,0.2748,0.2748,0.275,0.2748415096665738,0.27490000000000003,0.2748,0.275,True,0.0003152778023538271,9.729594594709516e-05,0,0.2742659708846796,0.2742888968757423,20.876204962198315,20.876204962198315,0.2742814215127464,0.2742813009943335,96.86922423213123,96.58384639830574,0,2
2023-06-30 04:00:00,2023-06-30 04:00:59,0.2748,0.2751,0.2748,0.2751,0.27487075483328693,0.27495,0.2748,0.2751,True,0.00031418653075712677,0.00010634846819059754,0,0.2742774338802109,0.27430416900574994,21.883280766777133,21.883280766777133,0.27428807403500766,0.27428944725309634,96.76931327740753,97.53053145213181,0,2
2023-06-30 04:01:00,2023-06-30 04:01:59,0.275,0.2753,0.275,0.2754,0.2749103774166435,0.275175,0.275,0.2754,True,0.0003203160642744717,0.00012041437813869538,0,0.2742908014429804,0.2743221676878263,24.192205075968204,24.192205075968204,0.2742968991689877,0.2742995025043093,96.76931327740753,96.80261692898215,0,2
2023-06-30 04:02:00,2023-06-30 04:02:59,0.2754,0.2749,0.2748,0.2754,0.2750426887083217,0.27512499999999995,0.2748,0.2754,True,0.0003402934882548659,9.575061401214286e-05,0,0.2743064845654033,0.2743418464602478,17.557621689733992,17.557621689733992,0.2743051389782515,0.2743054776037689,96.0719008911002,96.5368424819718,0,1
2023-06-30 04:03:00,2023-06-30 04:03:59,0.275,0.275,0.2749,0.2752,0.27508384435416083,0.27502499999999996,0.2749,0.2752,True,0.0003374153819509485,8.128366942174251e-05,0,0.2743241655128255,0.27436202685596045,14.435442581593634,14.435442581593634,0.2743123017744878,0.27431238827437815,88.9745854697746,93.93859987942749,0,1
2023-06-30 04:04:00,2023-06-30 04:04:59,0.2751,0.275,0.275,0.2751,0.2750544221770804,0.27505,0.275,0.2751,True,0.00032045714038302287,6.70689662079067e-05,0,0.27434309618439295,0.27438263525082884,12.353989842833393,12.353989842833393,0.27431964205533865,0.27431923018209575,76.33312953202683,87.12653863096723,0,1
2023-06-30 04:05:00,2023-06-30 04:05:59,0.275,0.2751,0.2747,0.2751,0.2750522110885402,0.27497499999999997,0.2747,0.2751,True,0.00032613877321280776,6.040319843459815e-05,0,0.27436286571761087,0.27440292463717747,12.492110129627235,12.492110129627235,0.2743261630299124,0.27432699903600527,56.75080612787492,74.01950704322547,0,1
2023-06-30 04:06:00,2023-06-30 04:06:59,0.2751,0.2751,0.275,0.2752,0.2750136055442701,0.2751,0.275,0.2752,True,0.00031712886084046273,5.1961567558852264e-05,0,0.27438289517739417,0.2744236812920408,12.584190320823126,12.584190320823126,0.27433386290026157,0.2743346905878858,50.40253958557713,61.16215841515966,0,1
2023-06-30 04:07:00,2023-06-30 04:07:59,0.2751,0.2748,0.2747,0.2751,0.27505680277213507,0.274925,0.2747,0.2751,True,0.00032304822792328765,2.2094535038942793e-05,0,0.2744032882347175,0.27444346273185916,5.927412778798534,0.0,0.274339744861453,0.27433932053228494,30.630030933125564,45.9277922155259,0,1
2023-06-30 04:08:00,2023-06-30 04:08:59,0.2748,0.2746,0.2746,0.2749,0.2749909013860675,0.274725,0.2746,0.2749909013860675,True,0.0003214019259287648,-1.3462636569662028e-05,0,0.2744233754832883,0.27446096844360734,-1.4135175365643775,-0.0,0.27434357824591615,0.27434191435783434,19.66026600497677,33.56427884122652,0,1
2023-06-30 04:09:00,2023-06-30 04:09:59,0.2746,0.2747,0.2745,0.2748,0.27465,0.27465,0.2745,0.2748,True,0.00031987321693385064,-3.0508804461258567e-05,0,0.27444217196344783,0.2744760477710825,-3.9009181244931668,-3.9009181244931668,0.2743466272185936,0.2743454773990499,0.9193687431339063,17.069888560412107,0,1
2023-06-30 04:10:00,2023-06-30 04:10:59,0.2747,0.2747,0.2746,0.2749,0.27465,0.274725,0.2746,0.2749,True,0.00031845370143857325,-4.1629036200284636e-05,0,0.2744591098672651,0.2744896279086927,-5.559185183112362,-5.559185183112362,0.27435039212189116,0.27434900498711906,3.6228804944129607,8.06750508084124,0,1
2023-06-30 04:11:00,2023-06-30 04:11:59,0.2747,0.2743,0.2742,0.2747,0.2746875,0.27447499999999997,0.2742,0.2747,True,0.00033142129419296094,-7.577929875497786e-05,0,0.2744743688879789,0.27450021928352686,-11.958632726750558,-11.958632726750558,0.2743516320012753,0.2743485173753069,3.6228804944129607,2.721709910653304,0,-2
2023-06-30 04:12:00,2023-06-30 04:12:59,0.2742,0.2742,0.2741,0.2744,0.27458125,0.274225,0.2741,0.27458125,True,0.0003291769160363185,-0.00010259075426307721,0,0.27448729408575284,0.27450666965044757,-17.098555822267414,-17.098555822267414,0.27435037198136214,0.27434703959047796,3.6228804944129607,3.622880494412989,0,-2
2023-06-30 04:13:00,2023-06-30 04:13:59,0.2742,0.2742,0.2741,0.2743,0.27440312499999997,0.2742,0.2741,0.27440312499999997,True,0.0003199499934622942,-0.0001164290287570329,0,0.2744969818681002,0.2745096439897526,-20.52517121927865,-20.52517121927865,0.27434887574274164,0.2743455765099757,-9.177843670234627e-14,2.415253662941972,-1,-2
2023-06-30 04:14:00,2023-06-30 04:14:59,0.2741,0.274,0.2739,0.2742,0.2743015625,0.27405,0.2739,0.2743015625,True,0.0003185249939292748,-0.00013478263180780064,0,0.2745033129289263,0.2745088320614198,-24.54534861158911,-24.54534861158911,0.27434590185475416,0.27434213793773715,-9.177843670234627e-14,1.2076268314709542,0,-2
2023-06-30 04:15:00,2023-06-30 04:15:59,0.274,0.2738,0.2736,0.2742,0.27417578125,0.27390000000000003,0.2736,0.2742,True,0.00033863035150575444,-0.000155011440397801,-1,0.274506072495173,0.2745040155891206,-28.48186259384278,-28.48186259384278,0.2743414650203785,0.2743367435303965,-9.177843670234627e-14,-6.330738402640337e-14,0,-2
2023-06-30 04:16:00,2023-06-30 04:16:59,0.2738,0.2739,0.2738,0.274,0.274037890625,0.273875,0.2738,0.274037890625,True,0.00032872818354106004,-0.00015471988607663976,0,0.27450504404214676,0.2744959078307298,-27.79769837592987,-27.79769837592987,0.27433682357738964,0.2743323978236264,-9.177843670234627e-14,-6.330738402640337e-14,0,-2
2023-06-30 04:17:00,2023-06-30 04:17:59,0.2739,0.2741,0.2739,0.2742,0.27395644531249996,0.274025,0.2739,0.2742,True,0.0003266761704309859,-0.00013406463240032103,0,0.2745004759364383,0.2744862936070175,-21.833308887583605,-21.833308887583605,0.27433372085522656,0.2743300854074709,5.842170279130127,1.9473900930433432,0,-1
2023-06-30 04:18:00,2023-06-30 04:18:59,0.2741,0.2741,0.2739,0.2742,0.27399072265625,0.274075,0.2739,0.2742,True,0.0003247707296859171,-0.00011466640713060775,0,0.27449338477172786,0.27447590234953545,-17.857049228686094,-17.857049228686094,0.27433114651835866,0.2743277960004314,13.567055171056765,6.469741816728963,0,-1
2023-06-30 04:19:00,2023-06-30 04:19:59,0.2742,0.2742,0.2742,0.2743,0.274032861328125,0.274225,0.2742,0.2743,True,0.00031585853470835005,-8.990747661480446e-05,0,0.2744846435606316,0.27446599978249875,-12.516450034094298,-12.516450034094298,0.2743300903340964,0.274326524398437,26.61302106727147,15.340748839152818,0,-1
2023-06-30 04:20:00,2023-06-30 04:20:59,0.2741,0.274,0.2739,0.2742,0.2741289306640625,0.27405,0.2739,0.2742,True,0.0003147257822291838,-8.321895236047626e-05,0,0.2744753216715652,0.27445534922092096,-12.878350011667585,-12.878350011667585,0.2743273033655979,0.2743232753994476,31.734236195577257,23.971437477968525,0,-2
2023-06-30 04:21:00,2023-06-30 04:21:59,0.2741,0.2732,0.2731,0.2741,0.27408946533203127,0.273625,0.2731,0.2741,True,0.00036367394064138505,-0.00012952078948439265,0,0.2744653354462431,0.27444126688018705,-19.668023631382255,-19.668023631382255,0.27432031527240786,0.2743120985298014,24.970357103586007,27.77253812214494,0,-2
2023-06-30 04:22:00,2023-06-30 04:22:59,0.2731,0.2738,0.273,0.274,0.27385723266601564,0.273475,0.273,0.274,True,0.00040912580202414337,-0.00011179219688648757,0,0.27445330116321504,0.27442355013590297,-15.122041819596568,-15.122041819596568,0.27431190417517,0.27430700302204214,11.924391207371302,22.876328168844882,0,-1
2023-06-30 04:23:00,2023-06-30 04:23:59,0.2737,0.2734,0.2727,0.2737,0.27366611633300786,0.273375,0.2727,0.2737,True,0.0004584739590224181,-0.00012185085968402103,0,0.274438425649559,0.274402407449505,-15.13011894662504,-15.13011894662504,0.2743025817455663,0.2742979781163502,0.9610057999352956,12.618584703630896,0,-2
2023-06-30 04:24:00,2023-06-30 04:24:59,0.2734,0.2728,0.2725,0.2737,0.2735205581665039,0.2731,0.2725,0.2737,True,0.0005114401048065296,-0.00016293856582847108,0,0.27442041654953203,0.2743768257636479,-18.292889414671343,-18.292889414671343,0.27429061575804825,0.27428307286146114,-9.14823772291129e-14,4.295132335768863,0,-2
2023-06-30 04:25:00,2023-06-30 04:25:59,0.2729,0.2735,0.2727,0.2736,0.27331027908325195,0.273175,0.2727,0.2736,True,0.0005391943830346355,-0.00013283386492084676,0,0.27439862115659,0.27434843931962904,-13.546148599803608,-13.546148599803608,0.2742795151037393,0.27427528109169536,4.588460658458934,1.849822152798074,0,-1
2023-06-30 04:26:00,2023-06-30 04:26:59,0.2734,0.2738,0.2733,0.2738,0.273242639541626,0.27357499999999996,0.2733,0.2738,True,0.0005363947842464472,-8.526443293956169e-05,0,0.2743735302381095,0.2743207838563646,-8.144837456247444,-8.144837456247444,0.2742725050032046,0.2742705519266039,30.171753369087952,11.586738009182293,0,-1
2023-06-30 04:27:00,2023-06-30 04:27:59,0.2737,0.2741,0.2737,0.2741,0.273408819770813,0.27390000000000003,0.2737,0.2741,True,0.0005266522996574161,-2.840008086254581e-05,0,0.27434715704723706,0.2742961234909035,-2.4978377135247953,-0.0,0.2742687984857598,0.2742688548925083,63.50508670242129,32.75510024332275,0,-1
2023-06-30 04:28:00,2023-06-30 04:28:59,0.2741,0.2743,0.274,0.2743,0.2736544098854065,0.274175,0.274,0.2743,True,0.000510462849681884,2.510985285793352e-05,0,0.2743216402690703,0.27427587717579155,2.5576004428901413,0.0,0.2742678651674935,0.27426916479407537,92.24995937729561,61.97559981626832,0,-1
2023-06-30 04:29:00,2023-06-30 04:29:59,0.2743,0.2741,0.274,0.2743,0.27391470494270326,0.274175,0.274,0.2743,True,0.0004954297889903185,4.657899849781576e-05,0,0.2742987587224309,0.27425924498481463,3.8108254137715747,3.8108254137715747,0.27426694113597616,0.2742674815622935,99.99999999999993,85.25168202657231,0,-1
2023-06-30 04:30:00,2023-06-30 04:30:59,0.274,0.274,0.2738,0.2742,0.27404485247135163,0.274,0.2738,0.2742,True,0.0004886133754910109,5.3149968491226915e-05,0,0.27427900185362275,0.27424437164759735,3.570235697246879,3.570235697246879,0.27426428500526995,0.274264820054211,95.51915688188546,95.92303875306037,0,-1
2023-06-30 04:31:00,2023-06-30 04:31:59,0.2739,0.274,0.2739,0.2742,0.27402242623567585,0.274,0.2739,0.2742,True,0.0004751409915273689,5.6564156118338196e-05,0,0.27426168675061,0.2742309851152249,3.409842552897082,3.409842552897082,0.274261655303725,0.27426218502879596,91.038313763771,95.51915688188548,0,-1
2023-06-30 04:32:00,2023-06-30 04:32:59,0.274,0.2735,0.2735,0.274,0.27401121311783794,0.27375000000000005,0.2735,0.27401121311783794,True,0.00047691663498969974,2.3406033324415614e-05,0,0.2742463359329175,0.2742171457347449,-1.866984537523848,-0.0,0.2742565642061755,0.2742546010981612,80.42188780075044,88.99311948213564,0,-2
2023-06-30 04:33:00,2023-06-30 04:33:59,0.2736,0.2733,0.2732,0.2737,0.273880606558919,0.27344999999999997,0.2732,0.273880606558919,True,0.0004785654467761498,-1.1375261033997306e-05,0,0.2742317408338312,0.2742009864575935,-6.925417649841016,-0.0,0.2742485386916862,0.2742451025797715,68.08286035662793,79.8476873070498,0,-2
2023-06-30 04:34:00,2023-06-30 04:34:59,0.2733,0.2734,0.2731,0.2734,0.2736653032794595,0.2733,0.2731,0.2736653032794595,True,0.0004658107720064224,-2.505437593710845e-05,0,0.27421636364571234,0.2741820824197841,-8.762005699861355,-8.762005699861355,0.274239100495749,0.27423669359887826,52.994950377721096,67.1665661783665,0,-2
2023-06-30 04:35:00,2023-06-30 04:35:59,0.2733,0.2739,0.2732,0.2739,0.27348265163972973,0.27357499999999996,0.2732,0.2739,True,0.0004825385740059622,2.9933550374195924e-06,0,0.2741992230327482,0.27416303390686186,-3.91055529644283,-0.0,0.27423249253061716,0.2742333434138148,52.04758743179142,57.708466055380164,0,-1
2023-06-30 04:36:00,2023-06-30 04:36:59,0.2739,0.2738,0.2737,0.274,0.2735288258198648,0.27385,0.2737,0.274,True,0.00046950010443410934,1.5611739090657013e-05,0,0.274181128469805,0.27414588913317617,-1.8939885680998358,-0.0,0.2742286866347901,0.2742290315390504,64.17761554715264,56.40671778555507,0,-1
2023-06-30 04:37:00,2023-06-30 04:37:59,0.2738,0.2737,0.2734,0.2738,0.27368941290993243,0.273675,0.2734,0.2738,True,0.0004645358112602452,1.7662549786574713e-05,0,0.2741635088014906,0.27412916013205363,-1.8157245950732062,-0.0,0.274223177315041,0.274223767543637,75.26243183996964,63.82921160630459,0,-1
2023-06-30 04:38:00,2023-06-30 04:38:59,0.2736,0.2736,0.2736,0.2738,0.2736822064549662,0.27365,0.2736,0.2738,True,0.0004456403961702261,1.276018677888948e-05,0,0.2741463344667721,0.2741127017237458,-3.0589566961710943,-0.0,0.2742174740581749,0.27421756090141175,76.85169174926725,72.09724637879653,0,-2
2023-06-30 04:39:00,2023-06-30 04:39:59,0.2736,0.2739,0.2735,0.2739,0.2736661032274831,0.273725,0.2735,0.2739,True,0.0004423803678723497,3.099022868441719e-05,0,0.274129518095259,0.27409708385700776,0.26799476980280446,0.0,0.2742125738187901,0.27421440109144746,69.59829262232547,73.90413873718747,0,-1
2023-06-30 04:40:00,2023-06-30 04:40:59,0.2738,0.2737,0.2737,0.2741,0.27369555161374154,0.273825,0.2737,0.2741,True,0.0004393531987386112,2.902127624629139e-05,0,0.2741133009761334,0.27408292101608017,-0.40240257718546246,-0.0,0.27420871736288177,0.27420928267262706,70.69227632597934,72.38075356585738,0,-1
2023-06-30 04:41:00,2023-06-30 04:41:59,0.2737,0.2736,0.2735,0.2738,0.2737602758068708,0.27365,0.2735,0.2738,True,0.00042939939882870803,2.0891218756278486e-05,0,0.2740981109961068,0.27406880021324986,-2.1955780328194834,-0.0,0.2742031579861367,0.2742032201584716,65.8767137320686,68.72242756012449,0,-2
2023-06-30 04:42:00,2023-06-30 04:42:59,0.2737,0.2737,0.2736,0.2738,0.2737051379034354,0.2737,0.2736,0.2738,True,0.00041301372748379873,2.2823018836353858e-05,0,0.27408345560467834,0.27405515244420675,-1.6940466052817484,-0.0,0.27419815143901094,0.2741982129927157,65.47780463730938,67.34893156511912,0,-1
2023-06-30 04:43:00,2023-06-30 04:43:59,0.2738,0.274,0.2738,0.274,0.27370256895171774,0.27390000000000003,0.2738,0.274,True,0.00040494131837781475,4.485040761308367e-05,0,0.2740693040244426,0.27404334294889354,2.8189720564675866,0.0,0.27419518475802573,0.27419624072413146,72.86775773785979,68.07409203574593,0,-1
2023-06-30 04:44:00,2023-06-30 04:44:59,0.274,0.274,0.2739,0.2741,0.2738012844758589,0.274,0.2739,0.2741,True,0.0003903026527794018,5.823657112439458e-05,0,0.2740563234866681,0.274033747871459,5.82765116430047,5.82765116430047,0.27419324262112993,0.27419428808011026,87.65784933142317,75.33447056886412,0,2
2023-06-30 04:45:00,2023-06-30 04:45:59,0.274,0.2737,0.2737,0.2741,0.2739006422379294,0.27387500000000004,0.2737,0.2741,True,0.00039099532043801677,4.4768397863787396e-05,0,0.2740450356790636,0.27402510442029554,2.4199472548582577,0.0,0.27419007602788487,0.2741893697907559,94.06083023401656,84.86214576776653,0,1
2023-06-30 04:46:00,2023-06-30 04:46:59,0.2737,0.2735,0.2735,0.2737,0.2738878211189647,0.2736,0.2735,0.2738878211189647,True,0.0003773527975495854,2.132681889725188e-05,0,0.2740350700496796,0.2740153827020019,-2.490961100352372,-0.0,0.27418420462462234,0.27418251038985286,76.49041024981067,86.0696966050835,0,-2
2023-06-30 04:47:00,2023-06-30 04:47:59,0.2736,0.2736,0.2735,0.2737,0.27374391055948233,0.2736,0.2735,0.27374391055948233,True,0.0003646847405817563,1.3026216164375564e-05,0,0.27402522637584076,0.27400487875773977,-3.8054095127460528,-0.0,0.27417839164328284,0.27417671426657075,58.919990265604746,76.4904102498107,0,-2
2023-06-30 04:48:00,2023-06-30 04:48:59,0.2736,0.2735,0.2735,0.2737,0.2736719552797412,0.273575,0.2735,0.2737,True,0.000352921544825915,1.1518451825994608e-06,0,0.27401505256679026,0.2739936595031133,-6.158490761270592,-0.0,0.27417238774633473,0.2741699807912815,34.190311563725686,56.53357069304707,0,-2
2023-06-30 04:49:00,2023-06-30 04:49:59,0.2735,0.2733,0.2733,0.2735,0.2736234776398706,0.2734,0.2733,0.2736234776398706,True,0.000341998577338352,-1.9358964770229743e-05,0,0.27400435603495177,0.27398075336951805,-10.286442256973366,-10.286442256973366,0.27416470229612244,0.27416132426599515,18.427398214598245,37.17923334797626,0,-2
2023-06-30 04:50:00,2023-06-30 04:50:59,0.2733,0.2734,0.2731,0.2735,0.2735117388199353,0.273325,0.2731,0.2735117388199353,True,0.0003461415360998991,-2.392956834600129e-05,0,0.2739925547022349,0.27396609311428943,-10.63226720652473,-10.63226720652473,0.27415634704939484,0.27415374890016436,2.6644848654708326,18.427398214598288,0,-2
2023-06-30 04:51:00,2023-06-30 04:51:59,0.2735,0.2734,0.2733,0.2735,0.27341836940996767,0.273425,0.2733,0.2735,True,0.0003357028549499087,-2.480720393481807e-05,0,0.27397932390826213,0.27395083851805085,-10.862817172892314,-10.862817172892314,0.27414906996432625,0.274146248911108,7.046449802695608,9.37944429425493,0,-2
2023-06-30 04:52:00,2023-06-30 04:52:59,0.2733,0.2737,0.2733,0.2737,0.27342168470498385,0.27349999999999997,0.2733,0.2737,True,0.00034029550816777317,-2.64588849433709e-06,0,0.27396508121315644,0.27393573523546816,-4.624663621835893,-0.0,0.27414261155672104,0.2741418086234353,19.264200040716734,9.658378236294427,0,-1
2023-06-30 04:53:00,2023-06-30 04:53:59,0.2737,0.2736,0.2735,0.2737,0.2734608423524919,0.273625,0.2735,0.2737,True,0.0003302744004415021,5.991564613887874e-06,0,0.27395040822431227,0.2739217123407043,-2.609724335280589,-0.0,0.27413746119297255,0.27413641749285383,39.77694140103189,22.029197081481446,0,-1
2023-06-30 04:54:00,2023-06-30 04:54:59,0.2736,0.2738,0.2735,0.2738,0.27354292117624596,0.273675,0.2735,0.2738,True,0.0003281119432671067,2.6059269136519646e-05,0,0.2739360602825082,0.2739089793080123,2.144157876320527,0.0,0.27413285958906236,0.274133070055114,56.47736465897268,38.50616870024047,0,-1
2023-06-30 04:55:00,2023-06-30 04:55:59,0.2738,0.2739,0.2736,0.2739,0.273608960588123,0.2738,0.2736,0.2739,True,0.00032610394731945384,4.5716293522973106e-05,0,0.2739225197952602,0.273898206787879,6.747537234521751,6.747537234521751,0.2741295475533503,0.274130750950088,75.86079961753974,57.37170189251481,0,2
2023-06-30 04:56:00,2023-06-30 04:56:59,0.2739,0.2739,0.2738,0.274,0.27370448029406147,0.2739,0.2738,0.274,True,0.0003170965225109238,5.729345864723568e-05,0,0.2739103632915696,0.2738897378103616,9.816456806655907,9.816456806655907,0.2741272634980931,0.2741284549207339,88.68139159055791,73.67318528902348,0,2
2023-06-30 04:57:00,2023-06-30 04:57:59,0.2739,0.274,0.2738,0.2741,0.2738022401470307,0.27395,0.2738,0.2741,True,0.0003158753423315737,6.989055884520168e-05,0,0.27390005055096556,0.2738834835875109,13.440840668657835,13.440840668657835,0.27412549968219163,0.2741271767623186,98.26785186325475,87.60334769045085,1,2
2023-06-30 04:58:00,2023-06-30 04:58:59,0.2739,0.2739,0.2739,0.274,0.27387612007351536,0.273925,0.2739,0.274,True,0.00030045567502217876,6.875310145115172e-05,0,0.2738917670692382,0.2738788444406181,12.486811471266464,12.486811471266464,0.2741235046604783,0.2741249162970219,98.35435933696029,95.10120093025769,0,2
2023-06-30 04:59:00,2023-06-30 04:59:59,0.274,0.2738,0.2738,0.274,0.27390056003675767,0.27390000000000003,0.2738,0.274,True,0.0002932802696634541,5.867465168227298e-05,0,0.2738853057549281,0.27387533715727974,8.892648936990298,8.892648936990298,0.2741212807335084,0.2741216832990416,94.99452071988746,97.20557730670089,0,1
2023-06-30 05:00:00,2023-06-30 05:00:59,0.2738,0.2738,0.2735,0.2739,0.27390028001837885,0.27375,0.2735,0.27390028001837885,True,0.0003009031075446328,5.00294259731199e-05,0,0.27388032145610386,0.2738717159022515,6.49654058080619,6.49654058080619,0.2741175863978516,0.2741184824701954,81.82282158555357,91.72390054746717,0,1
2023-06-30 05:01:00,2023-06-30 05:01:59,0.2738,0.2738,0.2737,0.274,0.27382514000918945,0.273825,0.2737,0.274,True,0.0003008385998628749,4.2617295788290225e-05,0,0.27387601867917766,0.27386854434193086,4.899135010016778,4.899135010016778,0.2741146750904103,0.2741153134903924,74.84913187701534,83.88882472748553,0,1
2023-06-30 05:02:00,2023-06-30 05:02:59,0.2739,0.2741,0.2738,0.2741,0.2738250700045947,0.273975,0.2738,0.2741,True,0.0003007786998726712,5.683703843922709e-05,0,0.2738722815105542,0.2738667777492123,10.782860844160062,10.782860844160062,0.2741132852885157,0.2741151611173537,77.98521460792996,78.21905602349968,0,2
2023-06-30 05:03:00,2023-06-30 05:03:59,0.2741,0.2739,0.2739,0.2741,0.27390003500229737,0.274,0.2739,0.2741,True,0.0002935802213103399,5.002550220307634e-05,0,0.27386952962988326,0.27386630094465886,8.498067263620229,8.498067263620229,0.2741121580717145,0.2741130202107133,91.15691374226384,81.33042007573643,0,1
2023-06-30 05:04:00,2023-06-30 05:04:59,0.274,0.274,0.2739,0.2742,0.27395001750114867,0.274025,0.2739,0.2742,True,0.0002940387769310315,5.041217870976605e-05,0,0.27386791528727106,0.27386701439737127,9.024324861829662,9.024324861829662,0.27411129082721986,0.27411189563150223,99.77624411384168,89.63945748801189,0,2
2023-06-30 05:05:00,2023-06-30 05:05:59,0.2741,0.2736,0.2736,0.2741,0.2739875087505743,0.27385000000000004,0.2736,0.2741,True,0.00030875029286452923,2.1067339238498526e-05,0,0.27386746484232116,0.273867459366849,1.5560320280264577,0.0,0.2741086909184913,0.27410680214263156,83.50646049565088,91.47987278391888,0,1
2023-06-30 05:06:00,2023-06-30 05:06:59,0.2736,0.2732,0.2731,0.2736,0.2739187543752872,0.273375,0.2731,0.2739187543752872,True,0.0003224109862313486,-2.6216707711956425e-05,0,0.27386746210458507,0.27386443089947826,-7.317371468035738,-7.317371468035738,0.27410139051134214,0.2740977792357397,50.17312716231755,77.81861059060344,-1,1
2023-06-30 05:07:00,2023-06-30 05:07:59,0.2732,0.2735,0.2732,0.2736,0.2736468771876436,0.273375,0.2732,0.2736468771876436,True,0.00032795305864339593,-3.49332414590361e-05,0,0.27386594650203167,0.27385868854935635,-7.650961798657185,-7.650961798657185,0.2740941627450601,0.2740918311836428,16.83979382898423,50.17312716231762,0,-2
2023-06-30 05:08:00,2023-06-30 05:08:59,0.2735,0.2738,0.2735,0.2738,0.2735109385938218,0.27365,0.2735,0.2738,True,0.0003259564115974367,-1.826630884194254e-05,0,0.273862317525694,0.2738527357313403,-3.768253845646491,-0.0,0.27408974321525853,0.27408892739077073,15.021862892581993,27.344927961294655,0,2
2023-06-30 05:09:00,2023-06-30 05:09:59,0.2737,0.2736,0.2735,0.2737,0.27358046929691093,0.273625,0.2735,0.2737,True,0.00032410238219761746,-2.019239117658899e-05,0,0.27385752662851715,0.2738464865265466,-3.781073658858226,-0.0,0.2740851189046589,0.2740840624416088,28.939187848393203,20.26694818998654,0,-2
2023-06-30 05:10:00,2023-06-30 05:10:59,0.2735,0.2733,0.2733,0.2735,0.27360273464845547,0.2734,0.2733,0.27360273464845547,True,0.00032238078346921777,-4.087712537328078e-05,0,0.27385200657753184,0.27383850311126956,-6.968321528743303,-6.968321528743303,0.27407830180112996,0.2740762608252744,33.59930020917922,25.8534503167182,0,-2
2023-06-30 05:11:00,2023-06-30 05:11:59,0.2733,0.2732,0.2731,0.2733,0.2735013673242277,0.273225,0.2731,0.2735013673242277,True,0.0003136392989357006,-5.898017601341621e-05,0,0.27384525484440064,0.2738280084284956,-10.025187264470148,-10.025187264470148,0.2740698112359446,0.2740675418120876,18.57743731659713,27.03864179138991,0,-2
2023-06-30 05:12:00,2023-06-30 05:12:59,0.2732,0.2736,0.2732,0.2736,0.2733631836621139,0.2734,0.2732,0.2736,True,0.00031980792044029426,-4.0219290723667365e-05,0,0.27383663163644806,0.27381680929795144,-6.154574477429669,-6.154574477429669,0.2740631464475272,0.2740628896547534,13.558266513355235,21.911668013043922,0,-1
2023-06-30 05:13:00,2023-06-30 05:13:59,0.2735,0.2736,0.2735,0.2738,0.2733815918310569,0.2736,0.2735,0.2738,True,0.00031839306898027086,-2.5829975109908075e-05,0,0.2738267204671997,0.27380650460136213,-3.574165952736017,-0.0,0.2740585380251638,0.27405828378754193,26.745271346665323,19.626991725539288,0,-1
2023-06-30 05:14:00,2023-06-30 05:14:59,0.2737,0.2738,0.2735,0.2738,0.2734907959155285,0.2737,0.2735,0.2738,True,0.00031707927833882064,-1.1566069180572882e-06,0,0.27381661253428086,0.2737976609064394,0.7564173994950352,0.0,0.27405497048262484,0.2740557137996062,48.70167630084407,29.66840472028827,0,-1
2023-06-30 05:15:00,2023-06-30 05:15:59,0.2738,0.2736,0.2735,0.2738,0.2735953979577642,0.273675,0.2735,0.2738,True,0.0003158593298860454,1.6312491146438423e-06,0,0.2738071367203601,0.27378985661896893,0.42402062588827505,0.0,0.2740511896818027,0.27405117933393847,60.67333268837223,45.37342677862727,0,-1
2023-06-30 05:16:00,2023-06-30 05:16:59,0.2736,0.2738,0.2736,0.2738,0.2736351989788821,0.2737,0.2736,0.2738,True,0.000307583663465612,1.7570190690171914e-05,0,0.2737984966696645,0.2737830957365936,2.935894892167724,0.0,0.27404769525710815,0.2740486800370834,64.81021759444894,58.061742194555144,0,2
2023-06-30 05:17:00,2023-06-30 05:17:59,0.2738,0.2738,0.2736,0.2739,0.2736675994894411,0.273775,0.2736,0.2739,True,0.00030704197321806595,2.755311396522174e-05,0,0.273790796203129,0.2737777173009904,4.610477736354028,4.610477736354028,0.27404498187146525,0.2740462056088537,68.22627349499088,64.56994125927075,0,2
2023-06-30 05:18:00,2023-06-30 05:18:59,0.2739,0.2739,0.2737,0.2739,0.27372129974472054,0.27385,0.2737,0.2739,True,0.00029939611798820255,4.004923438144193e-05,0,0.2737842567520597,0.27377397875700094,7.200541878781621,7.200541878781621,0.2740430417533412,0.274044750826676,80.68979628822673,71.24209579255557,1,2
2023-06-30 05:19:00,2023-06-30 05:19:59,0.2739,0.2739,0.2738,0.274,0.27378564987236026,0.2739,0.2738,0.274,True,0.00029229639527476186,4.668663401736515e-05,0,0.27377911775453034,0.2737719000147726,8.92725130706669,8.92725130706669,0.27404161845231295,0.2740433105199429,92.03912752138724,80.31839910153501,0,2
2023-06-30 05:20:00,2023-06-30 05:20:59,0.2739,0.274,0.2738,0.274,0.2738428249361801,0.27392500000000003,0.2738,0.274,True,0.0002857037956122813,5.601910540349991e-05,0,0.27377550888465146,0.2737713138351124,11.727580343042433,11.727580343042433,0.2740404580697029,0.2740428795694957,99.9999999999999,90.90964126987133,0,2
2023-06-30 05:21:00,2023-06-30 05:21:59,0.274,0.274,0.274,0.2742,0.2738839124680901,0.27405,0.274,0.2742,True,0.00027958209592568824,5.972641163790917e-05,0,0.2737734113598819,0.2737727644152076,13.594466367026264,13.594466367026264,0.274040553014283,0.27404245290711265,99.9999999999999,97.34637584046239,0,2
2023-06-30 05:22:00,2023-06-30 05:22:59,0.2741,0.2742,0.2741,0.2743,0.27396695623404504,0.274175,0.2741,0.2743,True,0.0002810405176452796,7.324719912425596e-05,0,0.27377308788754473,0.27377666623099295,17.830862459460207,17.830862459460207,0.2740418907952354,0.2740440205398777,99.9999999999999,99.99999999999994,0,2
2023-06-30 05:23:00,2023-06-30 05:23:59,0.2742,0.2743,0.2742,0.2743,0.2740709781170225,0.27425,0.2742,0.2743,True,0.0002681090520991874,8.552891676697379e-05,0,0.27377487705926884,0.2737829857310298,21.77284204991558,21.77284204991558,0.27404396153359123,0.2740465675991824,99.9999999999999,99.99999999999994,0,2
2023-06-30 05:24:00,2023-06-30 05:24:59,0.2742,0.2744,0.2742,0.2744,0.27416048905851126,0.2743,0.2742,0.2744,True,0.00026324411980638675,9.631847471987338e-05,0,0.27377893139514936,0.273791508385563,25.385149210013893,25.385149210013893,0.27404650918002316,0.274050084339489,99.9999999999999,99.99999999999994,0,2
2023-06-30 05:25:00,2023-06-30 05:25:59,0.2743,0.2744,0.2742,0.2744,0.2742302445292556,0.274325,0.2742,0.2744,True,0.00025872668267735754,9.864447911264241e-05,0,0.2737852198903562,0.2738018786512379,27.79335398341277,27.79335398341277,0.27404928023295827,0.2740535660873548,99.9999999999999,99.99999999999994,0,2
2023-06-30 05:26:00,2023-06-30 05:26:59,0.2743,0.2747,0.2743,0.2747,0.2742776222646278,0.27449999999999997,0.2743,0.2747,True,0.00026881763391468997,0.00011580448055072576,1,0.2737935492707971,0.27381483308921356,31.63289982638588,31.63289982638588,0.27405376500675965,0.2740599982655901,99.9999999999999,99.99999999999994,0,2
2023-06-30 05:27:00,2023-06-30 05:27:59,0.2746,0.2746,0.2745,0.2747,0.2743888111323139,0.2746,0.2745,0.2747,True,0.00026390208863506765,0.00011416702616819172,0,0.2738041911800053,0.27383041928934043,30.216143323657292,30.216143323657292,0.27405920018082175,0.27406537141717624,99.9999999999999,99.99999999999994,0,2
2023-06-30 05:28:00,2023-06-30 05:28:59,0.2746,0.2747,0.2746,0.2748,0.27449440556615695,0.274675,0.2746,0.2748,True,0.00025933765373256125,0.00011397785009480471,0,0.2738173052346729,0.2738484851361687,30.313105735637592,30.313105735637592,0.2740653275422066,0.27407168612944316,99.9999999999999,99.99999999999994,0,2
2023-06-30 05:29:00,2023-06-30 05:29:59,0.2748,0.2748,0.2747,0.2748,0.27458470278307845,0.274775,0.2747,0.2748,True,0.00024795639275166325,0.00011454743761713231,0,0.2738328951854208,0.2738690653817082,31.301699965456066,31.301699965456066,0.27407238895969704,0.2740789330336278,99.9999999999999,99.99999999999994,0,2
2023-06-30 05:30:00,2023-06-30 05:30:59,0.2747,0.2744,0.2744,0.2748,0.2746798513915392,0.27457499999999996,0.2744,0.2748,True,0.00025881665041225957,8.110928520377531e-05,0,0.27385098028356447,0.27389011181597195,20.699684141340498,20.699684141340498,0.27407739006457565,0.2740821277298106,85.50950939440503,95.16983646480166,0,1
2023-06-30 05:31:00,2023-06-30 05:31:59,0.2745,0.2747,0.2744,0.2747,0.2746274256957696,0.274575,0.2744,0.2747,True,0.0002617583182399569,7.505296934820111e-05,0,0.2738705460497682,0.2739113808829757,18.134162801347088,18.134162801347088,0.2740823414072167,0.2740882757125986,69.5753672663814,85.02829222026217,0,1
2023-06-30 05:32:00,2023-06-30 05:32:59,0.2746,0.2747,0.2746,0.2747,0.2746012128478848,0.27465,0.2746,0.2747,True,0.00025020415265138775,6.627780123726583e-05,0,0.27389096346637193,0.2739331938816426,16.42381524135149,16.42381524135149,0.2740879897514235,0.27409436252142844,55.53470149663166,70.20652605247277,0,1
2023-06-30 05:33:00,2023-06-30 05:33:59,0.2747,0.2749,0.2746,0.2749,0.2746256064239424,0.274775,0.2746,0.2749,True,0.000253760998890572,6.974487611188107e-05,0,0.27391207867400724,0.2739561430940981,17.80305903066956,17.80305903066956,0.27409482567429494,0.2741023788147476,60.29640939369909,61.80215938557078,0,2
2023-06-30 05:34:00,2023-06-30 05:34:59,0.2749,0.2748,0.2747,0.275,0.2747003032119712,0.27485000000000004,0.2747,0.275,True,0.0002570637846841042,6.0285973496115896e-05,0,0.2739341108840527,0.27398034397941656,16.1542456938526,16.1542456938526,0.27410233984669,0.2741093203190785,67.6226958006725,61.15126889700115,0,1
2023-06-30 05:35:00,2023-06-30 05:35:59,0.2749,0.2747,0.2745,0.2749,0.27477515160598565,0.27475,0.2745,0.2749,True,0.0002672735143495222,4.27962900839729e-05,0,0.2739572274317346,0.274004678165426,12.627666229675953,12.627666229675953,0.27410878422632495,0.2741151977288389,56.845461591802234,61.58818892872467,0,1
2023-06-30 05:36:00,2023-06-30 05:36:59,0.2747,0.2747,0.2746,0.2748,0.2747625758029928,0.2747,0.2746,0.2748,True,0.00026246826332455473,2.7686983501910248e-05,0,0.2739809527985803,0.27402860728843914,10.276613253558189,0.0,0.27411466697034165,0.2741210166569102,33.24091096699634,52.56968945315708,0,1
2023-06-30 05:37:00,2023-06-30 05:37:59,0.2747,0.275,0.2747,0.275,0.27473128790149637,0.27485000000000004,0.2747,0.275,True,0.00026514910165851673,3.5321265772386245e-05,0,0.2740047800435097,0.27405308248279464,13.648593910241246,13.648593910241246,0.27412198371690544,0.2741297627598265,19.080173358555175,36.388848639117974,0,2
2023-06-30 05:38:00,2023-06-30 05:38:59,0.275,0.2749,0.2748,0.275,0.2747906439507482,0.274925,0.2748,0.275,True,0.00026049559439719647,2.9830971973336565e-05,0,0.27402893126315214,0.2740783342568564,13.13451791226634,13.13451791226634,0.2741299739286775,0.2741374268119675,25.919107197245268,26.080063840932315,0,1
2023-06-30 05:39:00,2023-06-30 05:39:59,0.275,0.2749,0.2749,0.275,0.2748578219753741,0.27495,0.2749,0.275,True,0.0002490316233688285,2.291018018895632e-05,0,0.2740536327600043,0.27410419571014444,12.791800580283066,12.791800580283066,0.2741381333920737,0.2741450146048833,42.86609481562232,29.288458457140976,0,1
2023-06-30 05:40:00,2023-06-30 05:40:59,0.275,0.2749,0.2748,0.275,0.2749039109876871,0.274925,0.2748,0.275,True,0.00024552936455677173,1.5337852717451858e-05,0,0.27407891423507436,0.274130188204516,12.563322358960889,0.0,0.27414596291056054,0.274152526897372,45.17504606022655,37.9867493576981,0,1
2023-06-30 05:41:00,2023-06-30 05:41:59,0.2749,0.2748,0.2748,0.2749,0.2749144554938435,0.27485,0.2748,0.2749144554938435,True,0.00023513440994557297,8.020852797460979e-07,0,0.27410455121979516,0.27415559095254083,8.91176797399379,0.0,0.27415296825473406,0.27415896941580614,30.606797660618394,39.54931284548915,0,1
2023-06-30 05:42:00,2023-06-30 05:42:59,0.2749,0.2748,0.2747,0.2749,0.2748822277469217,0.274825,0.2747,0.2749,True,0.00023262480923517332,-1.072729963938208e-05,0,0.274130071086168,0.27418018357266644,6.477398384015721,0.0,0.2741596551377715,0.27416534782957924,13.659810042241341,29.813884587695487,0,1
2023-06-30 05:43:00,2023-06-30 05:43:59,0.2749,0.2746,0.2746,0.2749,0.27485361387346086,0.27475,0.2746,0.2749,True,0.00023743732286123,-3.349209213034728e-05,0,0.2741551273294172,0.2742034550621124,-0.7779925856413143,-0.0,0.2741655292160026,0.2741696727267974,0.7861187937951613,15.017575498885025,0,1
2023-06-30 05:44:00,2023-06-30 05:44:59,0.2747,0.2747,0.2746,0.2747,0.2748018069367304,0.274675,0.2746,0.2748018069367304,True,0.00022762037122828422,-4.187271729529313e-05,0,0.2741792911957648,0.27422501216915746,-2.0415945330832628,-0.0,0.2741705985770374,0.2741749496150879,-9.843977485009721e-14,4.815309612012195,0,1
2023-06-30 05:45:00,2023-06-30 05:45:59,0.2747,0.2744,0.2744,0.2747,0.2747384034683652,0.27454999999999996,0.2744,0.2747384034683652,True,0.0002327903447119798,-6.793747279415681e-05,0,0.2742021516824611,0.27424421399326904,-8.509927681427982,-8.509927681427982,0.27417437371557435,0.2741771889224005,-9.843977485009721e-14,0.26203959793171483,0,1
2023-06-30 05:46:00,2023-06-30 05:46:59,0.2745,0.2744,0.2744,0.2745,0.2746442017341826,0.27444999999999997,0.2744,0.2746442017341826,True,0.0002233053200896987,-8.358295868200608e-05,0,0.274223182837865,0.27426074363528297,-12.822149780324466,-12.822149780324466,0.27417711626566815,0.27417940594804824,-9.843977485009721e-14,-3.840138084064569e-14,0,1
2023-06-30 05:47:00,2023-06-30 05:47:59,0.2744,0.2743,0.2743,0.2745,0.2745471008670913,0.274375,0.2743,0.2745471008670913,True,0.00022164065436900833,-9.851029830613032e-05,0,0.27424196323657396,0.2742745414588563,-17.137340084608958,-17.137340084608958,0.27417908525804957,0.27418060588886367,-9.843977485009721e-14,-3.840138084064569e-14,0,-2
2023-06-30 05:48:00,2023-06-30 05:48:59,0.2744,0.2742,0.2742,0.2744,0.27446105043354563,0.2743,0.2742,0.27446105043354563,True,0.00022009489334264904,-0.00011214229416134722,0,0.2742582523477151,0.2742855792550566,-21.255563423654667,-21.255563423654667,0.2741802883898103,0.2741807988650939,-9.843977485009721e-14,-3.840138084064569e-14,0,-2
2023-06-30 05:49:00,2023-06-30 05:49:59,0.2742,0.274,0.274,0.2743,0.2743805252167728,0.274125,0.274,0.2743805252167728,True,0.00022580240096102888,-0.0001309988152203651,-1,0.2742719158013858,0.27429316764516926,-25.843104574041227,-25.843104574041227,0.2741797382565783,0.27417899987141137,-9.843977485009721e-14,-3.840138084064569e-14,-1,-2
2023-06-30 05:50:00,2023-06-30 05:50:59,0.2741,0.2739,0.2738,0.2741,0.2742527626083864,0.273975,0.2738,0.2742527626083864,True,0.00023110222946381414,-0.0001453155139714846,0,0.27428254172327754,0.27429695906966506,-29.596505672596912,-29.596505672596912,0.27417770105999545,0.2741762237532879,-9.843977485009721e-14,-3.840138084064569e-14,0,-2
2023-06-30 05:51:00,2023-06-30 05:51:59,0.2738,0.2742,0.2738,0.2742,0.27411388130419323,0.274,0.2738,0.2742,True,0.0002431663559306854,-0.00012838846682286056,0,0.2742897503964713,0.2742979066298107,-22.40726147381835,-22.40726147381835,0.2741759328902443,0.27417646033285714,1.135991641507702,0.3786638805025618,0,-1
2023-06-30 05:52:00,2023-06-30 05:52:59,0.2742,0.274,0.274,0.2742,0.2740569406520966,0.2741,0.274,0.2742,True,0.00024008304479277773,-0.00012609747184317473,0,0.274293828513141,0.2742972948006299,-20.56299172076781,-20.56299172076781,0.2741751773390976,0.2741747045086496,6.688471924212679,2.6081545219068207,0,-2
2023-06-30 05:53:00,2023-06-30 05:53:59,0.2741,0.274,0.274,0.2741,0.2740784703260483,0.27405,0.274,0.2741,True,0.00023007711302186425,-0.0001194518344945165,0,0.27429556165688546,0.2742951163978915,-19.333478552067447,-19.333478552067447,0.2741739317934349,0.2741729661553297,11.149348508630878,6.324604024783813,0,-2
2023-06-30 05:54:00,2023-06-30 05:54:59,0.274,0.274,0.2739,0.274,0.27406423516302414,0.273975,0.2739,0.27406423516302414,True,0.00022078589066316283,-0.00011009413970008571,0,0.27429533902738845,0.27429120498717363,-18.513803106267208,-18.513803106267208,0.2741719523726047,0.27417124509905777,12.906928912222355,10.248249781688697,0,-2
2023-06-30 05:55:00,2023-06-30 05:55:59,0.274,0.2741,0.2738,0.2741,0.27401961758151205,0.274,0.2738,0.2741,True,0.00022644404133008138,-9.236626975241636e-05,0,0.27429327200728104,0.27428612753010984,-14.533508537045478,-14.533508537045478,0.2741702414037231,0.27417053619259946,11.812937382332679,11.956404934395366,0,-1
2023-06-30 05:56:00,2023-06-30 05:56:59,0.2741,0.2741,0.274,0.2742,0.27400980879075604,0.2741,0.274,0.2742,True,0.000224555181235074,-7.67291113037123e-05,0,0.27428969976869544,0.2742808529796592,-11.879978824230989,-11.879978824230989,0.27416954248428305,0.2741698343399368,18.81070993100852,14.510192075187911,0,-1
2023-06-30 05:57:00,2023-06-30 05:57:59,0.2742,0.2741,0.2741,0.2742,0.27405490439537805,0.27415,0.2741,0.2742,True,0.00021565838257542506,-6.302046632378086e-05,0,0.2742852763741773,0.27427580249839767,-10.110959015687996,-10.110959015687996,0.2741693480317031,0.27416913947088273,32.63754087157859,21.087062728306655,0,-1
2023-06-30 05:58:00,2023-06-30 05:58:59,0.2741,0.274,0.274,0.2741,0.27410245219768903,0.27405,0.274,0.27410245219768903,True,0.00020739706953432248,-5.792840682019474e-05,0,0.2742805394362875,0.2742702769737105,-11.974789344210947,-11.974789344210947,0.2741681604890991,0.27416745649107294,43.56422148922826,31.67082409727185,0,-1
2023-06-30 05:59:00,2023-06-30 05:59:59,0.2741,0.274,0.274,0.2742,0.2740762260988445,0.274075,0.274,0.2742,True,0.00020686870742472644,-5.168413683193683e-05,0,0.274275408204999,0.27426458688155564,-13.217342896559579,-13.217342896559579,0.2741672335190583,0.2741657902573309,54.80505440625884,43.668938922355295,0,-1
2023-06-30 06:00:00,2023-06-30 06:00:59,0.2741,0.2742,0.2739,0.2742,0.2740756130494223,0.2741,0.2739,0.2742,True,0.00021352094260867617,-3.11766144942152e-05,0,0.27426999754327736,0.27425897779094627,-5.786415265362841,-5.786415265362841,0.27416656452881893,0.27416613065278034,68.91466276818296,55.761312887890085,0,-1
2023-06-30 06:01:00,2023-06-30 06:01:59,0.2742,0.2741,0.2738,0.2743,0.27408780652471115,0.2741,0.2738,0.2743,True,0.0002339837324223422,-2.2888736759542496e-05,0,0.2742644876671118,0.2742534709577499,-4.466023344337827,-4.466023344337827,0.2741659021951988,0.2741654726363348,84.35950474531147,69.35974063991783,0,-1
2023-06-30 06:02:00,2023-06-30 06:02:59,0.274,0.2743,0.274,0.2744,0.2740939032623556,0.274175,0.274,0.2744,True,0.0002458420372493146,-2.2645441902126176e-06,0,0.2742589793124308,0.2742485969950258,1.7164410319533303,0.0,0.2741659927206197,0.27416681121706776,94.99335602852018,82.75584118067161,0,-1
2023-06-30 06:03:00,2023-06-30 06:03:59,0.2743,0.2743,0.2741,0.2744,0.2741344516311778,0.274275,0.2741,0.2744,True,0.0002497104631600755,1.1698880906560027e-05,0,0.2742537881537283,0.2742449408425893,5.838083949480769,0.0,0.27416707737016577,0.27416813647858945,97.49667801426004,92.28317959603065,0,-1
2023-06-30 06:04:00,2023-06-30 06:04:59,0.2744,0.2743,0.2743,0.2744,0.27420472581558886,0.27435,0.2743,0.2744,True,0.00023901685864864076,2.0709886427449856e-05,0,0.2742493644981588,0.2742427831456104,8.585845894499066,0.0,0.2741688974958358,0.27416944855342934,99.9999999999999,97.49667801426011,0,-1
2023-06-30 06:05:00,2023-06-30 06:05:59,0.2744,0.2744,0.2743,0.2744,0.2742773629077944,0.274375,0.2743,0.2744,True,0.0002290870830308799,3.293775612750211e-05,0,0.2742460738218846,0.2742419915238338,12.927228150503218,12.927228150503218,0.2741709482670215,0.27417174259767385,99.9999999999999,99.16555933808668,0,-1
2023-06-30 06:06:00,2023-06-30 06:06:59,0.2744,0.2746,0.2743,0.2746,0.2743261814538972,0.27447499999999997,0.2743,0.2746,True,0.0002341522913858187,5.3499787528863645e-05,0,0.2742440326728592,0.27424296696038475,18.988710232553586,18.988710232553586,0.2741739736573994,0.2741760038653587,99.9999999999999,99.99999999999996,1,2
2023-06-30 06:07:00,2023-06-30 06:07:59,0.2746,0.2747,0.2745,0.2747,0.27440059072694856,0.274625,0.2745,0.2747,True,0.00023171284200111577,7.158242690190893e-05,0,0.27424349981662194,0.2742463560813716,24.082590676169318,24.082590676169318,0.2741784614817039,0.27418121775724563,99.9999999999999,99.99999999999996,0,2
2023-06-30 06:08:00,2023-06-30 06:08:59,0.2746,0.2744,0.2744,0.2748,0.2745127953634743,0.27454999999999996,0.2744,0.2748,True,0.00024373335328675116,5.9704749127391714e-05,0,0.2742449279489968,0.27425110768035527,16.92252911190718,16.92252911190718,0.27418215838238347,0.2741833946949845,95.06328803706863,98.35442934568954,0,1
2023-06-30 06:09:00,2023-06-30 06:09:59,0.2744,0.2745,0.2744,0.2746,0.2745313976817371,0.27447499999999997,0.2744,0.2746,True,0.0002406095423376999,5.6321186943519e-05,0,0.27424801781467606,0.27425638478706554,14.213693181073324,14.213693181073324,0.2741850722293249,0.27418654499652695,83.96959583091893,93.01096128932922,0,2
2023-06-30 06:10:00,2023-06-30 06:10:59,0.2746,0.2746,0.2745,0.2747,0.27450319884086855,0.2746,0.2745,0.2747,True,0.00023770886074214831,5.8489292591427536e-05,0,0.2742522013008708,0.2742628970560737,14.26957099974895,14.26957099974895,0.274189200863859,0.274190658976661,78.7242928954221,85.91905892113662,0,2
2023-06-30 06:11:00,2023-06-30 06:11:59,0.2746,0.2747,0.2745,0.2747,0.2745515994204343,0.274625,0.2745,0.2747,True,0.00023501537068913614,6.405388520012902e-05,0,0.2742575491784723,0.27427050862254104,15.967906941833292,15.967906941833292,0.27419353717367134,0.274195727046545,79.50805800134081,80.73398224256069,0,2
2023-06-30 06:12:00,2023-06-30 06:12:59,0.2747,0.2746,0.2745,0.2747,0.27458829971021714,0.274625,0.2745,0.2747,True,0.00023251427278276772,5.774570826527699e-05,0,0.27426402890050666,0.2742789334501883,13.776351845463843,13.776351845463843,0.2741978303361224,0.27419974966299726,86.22568161257645,81.48601083644654,0,2
2023-06-30 06:13:00,2023-06-30 06:13:59,0.2746,0.2748,0.2745,0.2748,0.2746066498551086,0.274675,0.2745,0.2748,True,0.00023733468186971053,6.452179650291378e-05,1,0.2742714811753475,0.27428828381397785,15.7873147620613,15.7873147620613,0.2742025782929769,0.2742057223031664,89.45579112577614,85.06317691323123,0,2
2023-06-30 06:14:00,2023-06-30 06:14:59,0.2749,0.2748,0.2747,0.2749,0.27464082492755426,0.274825,0.2747,0.2749,True,0.00023466791887901537,6.56334027573453e-05,0,0.2742798824946627,0.2742993278649616,17.1279567064596,17.1279567064596,0.27420877154379303,0.2742116355140802,93.60873798278868,89.76340357371384,0,2
2023-06-30 06:15:00,2023-06-30 06:15:59,0.2749,0.2747,0.2746,0.2749,0.2747329124637771,0.274775,0.2746,0.2749,True,0.0002393344961019405,5.606853972182754e-05,0,0.27428960517981216,0.2743112865406763,14.394085122983427,14.394085122983427,0.27421440565778515,0.2742164948621988,93.09386678752885,92.0527986320313,0,1
2023-06-30 06:16:00,2023-06-30 06:16:59,0.2747,0.2748,0.2747,0.2748,0.2747539562318886,0.27475,0.2747,0.2748,True,0.00022938203209465824,5.365320053106621e-05,0,0.2743004458602442,0.2743237117310543,14.729135862934172,14.729135862934172,0.2742197349547226,0.27422230088347044,85.62494002828596,90.77584826620124,0,2
2023-06-30 06:17:00,2023-06-30 06:17:59,0.2748,0.2748,0.2746,0.2748,0.2747519781159443,0.27475,0.2746,0.2748,True,0.00022728331551646677,4.90239512500946e-05,0,0.27431207879564923,0.2743364189616877,14.95250302290134,14.95250302290134,0.27422501122382986,0.27422804913338616,73.80443827118908,84.17441502900137,0,2
2023-06-30 06:18:00,2023-06-30 06:18:59,0.2749,0.2749,0.2748,0.2749,0.27475098905797213,0.274875,0.2748,0.2749,True,0.00021819165012243263,4.994828892138076e-05,0,0.2743242488786684,0.27435011869241493,17.234662027083218,17.234662027083218,0.2742314787738415,0.2742347352116609,77.19701298834677,78.87546376260735,0,2
2023-06-30 06:19:00,2023-06-30 06:19:59,0.2748,0.2749,0.2747,0.2749,0.27481299452898605,0.274825,0.2747,0.2749,True,0.0002168922465422573,4.748299860606308e-05,0,0.2743371837855416,0.27436416277755066,18.75610136320448,18.75610136320448,0.2742373844576839,0.2742413547617936,75.32917783622177,75.4435430319193,0,2
2023-06-30 06:20:00,2023-06-30 06:20:59,0.2749,0.2749,0.2747,0.2749,0.274818997264493,0.27485,0.2747,0.2749,True,0.00021568565750352308,4.285937327423096e-05,0,0.2743506732815461,0.2743785531445611,19.770394253951977,19.770394253951977,0.2742434801347219,0.27424790844575586,78.31075287280599,76.94564789912494,0,1
2023-06-30 06:21:00,2023-06-30 06:21:59,0.2749,0.275,0.2748,0.2752,0.2748344986322465,0.27497499999999997,0.2748,0.2752,True,0.0002288509676818437,4.3835077994309216e-05,0,0.2743646132130536,0.2743939750414386,22.723355998987728,22.723355998987728,0.2742507589393515,0.27425539194380805,79.80911794582217,77.81634955161672,0,2
2023-06-30 06:22:00,2023-06-30 06:22:59,0.2751,0.2751,0.275,0.2751,0.27490474931612324,0.275075,0.275,0.2751,True,0.00021964732713313978,4.8315546376041416e-05,0,0.2743792941272461,0.2744107893647679,26.296161235701376,26.296161235701376,0.27425896034294006,0.27426379600406864,91.16107327948721,83.09364803270519,0,2
2023-06-30 06:23:00,2023-06-30 06:23:59,0.275,0.275,0.2749,0.2751,0.27498987465806163,0.275,0.2749,0.2751,True,0.0002182439466236322,4.106761962822638e-05,0,0.274395041746007,0.27442807001133585,22.760884856587793,22.760884856587793,0.27426633387186605,0.27427112141696347,84.15499644152352,85.0417292222777,0,1
2023-06-30 06:24:00,2023-06-30 06:24:59,0.2751,0.2749,0.2749,0.2751,0.2749949373290308,0.275,0.2749,0.2751,True,0.00021694080757908942,2.649529434103101e-05,0,0.2744115558786714,0.27444559923385614,15.950877524822715,15.950877524822715,0.274273634032345,0.27427737891530213,67.00781881100416,80.77462951067169,0,1
2023-06-30 06:25:00,2023-06-30 06:25:59,0.275,0.2752,0.275,0.2752,0.2749974686645154,0.2751,0.275,0.2752,True,0.0002228736070377275,3.5227102652972934e-05,0,0.27442857755626376,0.2744638899992101,18.12709297993473,18.12709297993473,0.27428185657928683,0.2742865592246026,59.99897988864232,70.38726504705673,0,2
2023-06-30 06:26:00,2023-06-30 06:26:59,0.2751,0.2753,0.2751,0.2753,0.27504873433225774,0.2752,0.2751,0.2753,True,0.0002212397779636025,4.486190700410495e-05,0,0.2744462337777369,0.2744833409448373,20.904572723127828,20.904572723127828,0.2742909923347168,0.2742966432124175,75.84398344711867,67.61692738225511,0,2
2023-06-30 06:27:00,2023-06-30 06:27:59,0.2753,0.2755,0.2752,0.2755,0.27512436716612887,0.275375,0.2752,0.2755,True,0.00022686550810906107,6.143184181214368e-05,0,0.2744647873612871,0.27450477254048655,24.77802139543435,24.77802139543435,0.27430177848064,0.2743086169117964,92.99116107763804,76.27804147113306,0,2
2023-06-30 06:28:00,2023-06-30 06:28:59,0.2754,0.2755,0.2754,0.2756,0.27524968358306445,0.27547499999999997,0.2754,0.2756,True,0.00022494654324413054,6.792701190498526e-05,0,0.2744847799508868,0.2745283025786359,27.36032051030537,27.36032051030537,0.2743134523266038,0.27432047146988797,99.99999999999989,89.61171484158558,0,2
2023-06-30 06:29:00,2023-06-30 06:29:59,0.2754,0.2753,0.2752,0.2754,0.2753623417915322,0.275325,0.2752,0.2754,True,0.00023030750444097997,5.379173135832056e-05,0,0.2745065412647614,0.27455229413471827,21.637557334504848,21.637557334504848,0.2743235174775829,0.2743302180224264,78.25424457395341,90.41513521719718,0,1
2023-06-30 06:30:00,2023-06-30 06:30:59,0.2753,0.2751,0.2751,0.2753,0.27534367089576606,0.2752,0.2751,0.27534367089576606,True,0.00022814268269519413,2.6865054942994322e-05,0,0.2745294176997398,0.2745756268065929,12.903948056006172,12.903948056006172,0.2743322386967114,0.2743378775445913,44.92091124062008,74.39171860485786,0,1
2023-06-30 06:31:00,2023-06-30 06:31:59,0.2751,0.2752,0.275,0.2752,0.27527183544788303,0.275125,0.275,0.27527183544788303,True,0.00022613249107410728,1.3404869601051496e-05,0,0.27455252225316634,0.2745977660675948,9.41362974246541,0.0,0.2743401268688834,0.27434645587748097,11.587577907286743,44.92091124062014,0,1
2023-06-30 06:32:00,2023-06-30 06:32:59,0.2752,0.2751,0.2749,0.2752,0.2751984177239415,0.2751,0.2749,0.2752,True,0.00023140874171167263,-4.480653385963943e-06,0,0.27457514416038054,0.2746186423223623,4.756114840004898,0.0,0.2743476877955612,0.27435395382894884,-1.1368683772161603e-13,18.8361630493023,0,1
2023-06-30 06:33:00,2023-06-30 06:33:59,0.2751,0.2752,0.2751,0.2753,0.27514920886197075,0.275175,0.2751,0.2753,True,0.0002291652601608373,-1.0702668082257017e-05,0,0.27459689324137143,0.2746388955498904,4.15982130941407,0.0,0.2743559197577944,0.27436237219881005,4.066287930301663,5.217955279196161,0,1
2023-06-30 06:34:00,2023-06-30 06:34:59,0.2752,0.2752,0.2751,0.2753,0.2751621044309854,0.2752,0.2751,0.2753,True,0.0002270820272922045,-1.5944180973881004e-05,0,0.2746178943956309,0.2746586908315985,3.7622922890201878,0.0,0.27436431856617455,0.274370706803797,9.465492356935341,4.5105934290790275,0,1
2023-06-30 06:35:00,2023-06-30 06:35:59,0.2752,0.275,0.275,0.2752,0.2751810522154927,0.2751,0.275,0.2752,True,0.00022514759677133117,-3.4004690599944386e-05,0,0.27463829261361467,0.2746773036463114,-1.522699879009913,-0.0,0.2743716387794464,0.2743769684276398,9.465492356935341,7.665757548057512,0,1
2023-06-30 06:36:00,2023-06-30 06:36:59,0.275,0.2755,0.275,0.2755,0.27514052610774636,0.27525,0.275,0.2755,True,0.00024477991128766467,-1.1486676146878346e-05,0,0.274657798129963,0.2746958869522599,4.481628077630724,0.0,0.27438037869208876,0.2743881428711459,13.000372340976048,10.643785684948973,0,2
2023-06-30 06:37:00,2023-06-30 06:37:59,0.2755,0.2753,0.2753,0.2755,0.2751952630538732,0.2754,0.2753,0.2755,True,0.00024158134619569103,-1.17256628137431e-05,0,0.2746768425411114,0.27471534868402886,4.473587587268305,0.0,0.2743905241777396,0.2743972160764081,21.49071545118298,14.652193383031518,0,1
2023-06-30 06:38:00,2023-06-30 06:38:59,0.2754,0.2754,0.2751,0.2754,0.2752976315269366,0.275325,0.2751,0.2754,True,0.00024575410718171076,-6.076444823292256e-06,0,0.27469609561257013,0.2747348538986873,5.955143698095981,0.0,0.2743998224446278,0.2744071940258966,29.876834622410797,21.455974138190005,0,2
2023-06-30 06:39:00,2023-06-30 06:39:59,0.2754,0.2754,0.2753,0.2754,0.2753113157634683,0.275375,0.2753,0.2754,True,0.0002353430995258735,-3.7211827603152235e-06,0,0.2747154747556287,0.2747546025743879,6.9428477719811,0.0,0.2744095257038852,0.2744170726923056,32.81672742834812,28.061425833980696,0,2
2023-06-30 06:40:00,2023-06-30 06:40:59,0.2753,0.2755,0.2753,0.2755,0.27534315788173414,0.2754,0.2753,0.2755,True,0.00023281859241688492,3.2619077577707883e-06,0,0.27473503866500826,0.2747745789583485,9.294012769448479,0.0,0.2744193811695182,0.27442784808840204,30.555589513517756,31.083050521425623,0,2
2023-06-30 06:41:00,2023-06-30 06:41:59,0.2755,0.2754,0.2753,0.2755,0.27537157894086706,0.275425,0.2753,0.2755,True,0.0002304744072442527,-7.961067507598538e-07,0,0.27475480881167835,0.27479476908597206,8.105963589205338,0.0,0.2744293873270354,0.27443752124175125,34.91655669697552,32.762957879613865,0,1
2023-06-30 06:42:00,2023-06-30 06:42:59,0.2754,0.2753,0.2753,0.2754,0.27539828947043354,0.27535,0.2753,0.2754,True,0.00022115480672680528,-1.1809037316069609e-05,0,0.2747747889488252,0.27481447438997775,4.820890285040164,0.0,0.27443854765213954,0.2744461031199428,35.551922730403156,33.67468964696554,0,1
2023-06-30 06:43:00,2023-06-30 06:43:59,0.2754,0.2755,0.2753,0.2755,0.27537414473521676,0.275425,0.2753,0.2755,True,0.00021964374910346442,-6.233367278341955e-06,0,0.27479463166940143,0.274834177369358,6.833232892127768,0.0,0.2744483630983869,0.27445658965606273,48.515682460496635,39.6613872959585,0,2
2023-06-30 06:44:00,2023-06-30 06:44:59,0.2755,0.2756,0.2753,0.2756,0.27539957236760837,0.2755,0.2753,0.2756,True,0.00022538348131036142,2.9700387268231335e-06,0,0.2748144045193797,0.2748542579149122,9.83873469990759,0.0,0.27445882714715913,0.27446796687341535,68.69015926321225,50.919254818037416,0,2
2023-06-30 06:45:00,2023-06-30 06:45:59,0.2756,0.2756,0.2754,0.2756,0.2754497861838042,0.27555,0.2754,0.2756,True,0.00022357037550248086,7.2436810409287145e-06,0,0.27483433121714596,0.27487484100024623,11.842402571760807,0.0,0.2744696845884809,0.27447923088462517,90.84706584283815,69.35096918884908,0,2
2023-06-30 06:46:00,2023-06-30 06:46:59,0.2756,0.2755,0.2755,0.2756,0.27549989309190215,0.27555,0.2755,0.2756,True,0.00021474392010944573,1.26923312424005e-06,0,0.2748545861086961,0.2748956785168283,9.772616847206443,0.0,0.2744804339955607,0.2744893877912458,99.58822982406775,86.37515164337277,0,1
2023-06-30 06:47:00,2023-06-30 06:47:59,0.2756,0.2756,0.2755,0.2756,0.27552494654595105,0.275575,0.2755,0.2756,True,0.00020654792581591312,2.6495351720388135e-06,0,0.2748751323127622,0.2749167449079841,10.714023999843633,0.0,0.27449132519958497,0.2745004386589946,99.99999999999989,96.81176522230199,0,2
2023-06-30 06:48:00,2023-06-30 06:48:59,0.2755,0.2758,0.2755,0.2759,0.27554997327297553,0.275675,0.2755,0.2759,True,0.00022036593111477332,1.5575752557639265e-05,0,0.2748959386103732,0.27493853306220123,14.75312354985246,0.0,0.27450310305829556,0.2745133696176116,99.99999999999989,99.86274327468924,0,2
2023-06-30 06:49:00,2023-06-30 06:49:59,0.2758,0.2759,0.2757,0.2759,0.27561248663648774,0.275825,0.2757,0.2759,True,0.00021891122174943077,2.8503824217702587e-05,0,0.27491723583628724,0.27496176913516324,18.722993943849403,18.722993943849403,0.2745162562616956,0.2745271669348493,99.99999999999989,99.99999999999994,0,2
2023-06-30 06:50:00,2023-06-30 06:50:59,0.2759,0.2758,0.2757,0.2759,0.27571874331824386,0.275825,0.2757,0.2759,True,0.00021756042019589842,2.7091828119148696e-05,0,0.2749395024857253,0.2749859857405645,17.67098968462342,17.67098968462342,0.2745292785874499,0.2745398319404727,99.99999999999989,99.99999999999994,0,2
2023-06-30 06:51:00,2023-06-30 06:51:59,0.2757,0.2757,0.2755,0.2758,0.2757718716591219,0.275675,0.2755,0.2758,True,0.00022344896161047477,1.6427703420018153e-05,0,0.2749627441131449,0.2750097790148645,13.735449667098521,0.0,0.2745406788005101,0.27455137590126405,75.95149588480392,91.9838319616013,0,1
2023-06-30 06:52:00,2023-06-30 06:52:59,0.2756,0.2755,0.2755,0.2756,0.27572343582956094,0.27555,0.2755,0.27572343582956094,True,0.00022177403578115356,-6.623371809731421e-06,0,0.27498626156400474,0.2750322181175133,6.231527097687405,0.0,0.27455072179751994,0.2745608149470226,42.61816255147058,72.85655281209152,0,1
2023-06-30 06:53:00,2023-06-30 06:53:59,0.2756,0.2755,0.2755,0.2756,0.2756367179147805,0.27555,0.2755,0.2756367179147805,True,0.00021307589036821323,-2.2922944132551634e-05,0,0.27500923984075903,0.2750534371151904,1.2289120514133245,0.0,0.27456066486421127,0.27457016007192786,9.284829218137247,42.61816255147065,0,1
2023-06-30 06:54:00,2023-06-30 06:54:59,0.2755,0.2755,0.2755,0.2756,0.27559335895739023,0.275525,0.2755,0.2756,True,0.0002049990410561972,-3.408822039958079e-05,0,0.27503133847797473,0.27507337840416646,-2.1061646461027266,-0.0,0.27457026023869674,0.2745794122105156,-1.1605531350748302e-13,17.300997256535968,0,1
2023-06-30 06:55:00,2023-06-30 06:55:59,0.2756,0.2752,0.2752,0.2756,0.2755591794786951,0.2754,0.2752,0.2756,True,0.00021892768098075537,-6.194849331020886e-05,0,0.27505235844107057,0.2750913192927142,-9.888064656543861,-9.888064656543861,0.2745785163557246,0.27458558721339604,-1.1605531350748302e-13,3.0949430727124034,0,-2
2023-06-30 06:56:00,2023-06-30 06:56:59,0.2752,0.2751,0.2751,0.2753,0.27547958973934755,0.275175,0.2751,0.27547958973934755,True,0.00021757570376784268,-8.553629711470029e-05,0,0.27507183886689235,0.2751060184190822,-16.215610265242006,-16.215610265242006,0.2745844515163642,0.27459070574858613,-1.1605531350748302e-13,-5.111960237829609e-14,0,-2
2023-06-30 06:57:00,2023-06-30 06:57:59,0.2752,0.275,0.275,0.2752,0.2753272948696738,0.2751,0.275,0.2753272948696738,True,0.00021632029635585234,-0.00010516312350235713,0,0.2750889286429873,0.2751175498518894,-21.44250117998348,-21.44250117998348,0.27458958135202227,0.27459477832820217,-1.1605531350748302e-13,-5.111960237829609e-14,0,-2
2023-06-30 06:58:00,2023-06-30 06:58:59,0.2751,0.2747,0.2746,0.2751,0.2752136474348369,0.274875,0.2746,0.2752136474348369,True,0.00023658313233043435,-0.000134890443104411,-1,0.27510323924743835,0.27512496448010715,-26.979758105552207,-26.979758105552207,0.2745924213385693,0.2745958253100111,-1.1605531350748302e-13,-5.111960237829609e-14,-1,-2
2023-06-30 06:59:00,2023-06-30 06:59:59,0.2746,0.2749,0.2746,0.275,0.27504432371741844,0.274775,0.2746,0.27504432371741844,True,0.00024825576573540414,-0.00013530740120561838,0,0.2751141018637727,0.27512840094053853,-24.392673205802154,-24.392673205802154,0.2745942380416681,0.2745988519238418,-1.1605531350748302e-13,-5.111960237829609e-14,0,-2
2023-06-30 07:00:00,2023-06-30 07:00:59,0.2749,0.2749,0.2746,0.2749,0.27490966185870924,0.274825,0.2746,0.27490966185870924,True,0.0002519517824685872,-0.00013024896844424083,0,0.2751212514021556,0.27512902483689505,-22.66794993930212,-22.66794993930212,0.27459653418055696,0.27460184842211205,1.9729108733133287,0.6576369577710971,0,-2
2023-06-30 07:01:00,2023-06-30 07:01:59,0.2749,0.2751,0.2748,0.2751,0.2748673309293546,0.27497499999999997,0.2748,0.2751,True,0.0002553837980065469,-0.00010795070409257414,0,0.2751251381195253,0.27512845926070306,-16.084654222119077,-16.084654222119077,0.27460030000960617,0.27460680515423036,9.380583739677197,3.784498204330202,0,-1
2023-06-30 07:02:00,2023-06-30 07:02:59,0.2751,0.2753,0.275,0.2753,0.27492116546467726,0.275175,0.275,0.2753,True,0.00025857066957750543,-7.533126138298477e-05,0,0.2751267986901142,0.27512833329755565,-7.8093423643421644,-7.8093423643421644,0.2746060184174708,0.2746137026153823,22.75051340707013,11.368002673353617,0,-1
2023-06-30 07:03:00,2023-06-30 07:03:59,0.2753,0.2751,0.275,0.2753,0.2750480827323386,0.275175,0.275,0.2753,True,0.0002615299074648241,-6.480898893204306e-05,0,0.2751275659938349,0.275128554309091,-6.386876567443757,-6.386876567443757,0.27461167992575464,0.27461854139532876,34.14753220114962,22.09287644929905,0,-1
2023-06-30 07:04:00,2023-06-30 07:04:59,0.2751,0.2753,0.2751,0.2753,0.27511154136616933,0.2752,0.2751,0.2753,True,0.0002571349140744779,-4.1511260033574564e-05,0,0.27512806015146296,0.2751292185064467,-1.8585033852172188,-0.0,0.2746175338568417,0.2746253220779623,45.039168441894525,33.97907135003816,0,-1
2023-06-30 07:05:00,2023-06-30 07:05:59,0.2753,0.275,0.275,0.2753,0.27515577068308467,0.27515,0.275,0.2753,True,0.00026019670592629856,-4.521776873745085e-05,0,0.2751286393289548,0.2751298840168421,-3.8975028966721084,-3.8975028966721084,0.2746228320274204,0.27462905021649003,52.35187278157045,43.84619114153827,0,-2
2023-06-30 07:06:00,2023-06-30 07:06:59,0.2751,0.2754,0.2751,0.2754,0.27515288534154236,0.27525,0.2751,0.2754,True,0.00027018265550298837,-1.814310410655099e-05,0,0.2751292616728984,0.2751312321012402,0.5016070967671524,0.0,0.2746290725047595,0.2746367213586145,64.61110210192324,54.00071444179614,0,-1
2023-06-30 07:07:00,2023-06-30 07:07:59,0.2754,0.2752,0.2752,0.2755,0.2752014426707712,0.275325,0.2752,0.2755,True,0.0002723124658242051,-1.349630156981212e-05,0,0.2751302468870693,0.2751336229114182,0.4363560478916142,0.0,0.2746359971564534,0.27464232612121536,76.95167140182203,64.63821542843864,0,-1
2023-06-30 07:08:00,2023-06-30 07:08:59,0.2753,0.2751,0.2751,0.2753,0.2752632213353856,0.2752,0.2751,0.2753,True,0.00026714728969390317,-1.6679252759554634e-05,0,0.2751319348992437,0.2751359606305023,-1.0058339784326904,-0.0,0.2746416091250459,0.2746468800901585,82.56651568760454,74.70976306378334,0,-2
2023-06-30 07:09:00,2023-06-30 07:09:59,0.2751,0.2752,0.275,0.2752,0.2752316106676928,0.275125,0.275,0.2752316106676928,True,0.0002623510547157657,-1.1039954259883546e-05,0,0.27513394776487293,0.2751377259315959,-0.33287143170933575,-0.0,0.2746464189844982,0.27465238377085344,79.38569092468754,79.63462600470478,0,-1
2023-06-30 07:10:00,2023-06-30 07:10:59,0.2751,0.2748,0.2748,0.2751,0.2751783053338464,0.27495,0.2748,0.2751783053338464,True,0.00027218312223606893,-3.421768413156536e-05,0,0.2751358368482344,0.27513782776603085,-5.0531597441854,-5.0531597441854,0.2746494396911201,0.2746538525890539,63.298268192404386,75.08349160156557,0,-2
2023-06-30 07:11:00,2023-06-30 07:11:59,0.2749,0.2749,0.2748,0.2749,0.2750641526669232,0.274875,0.2748,0.2750641526669232,True,0.00025988432779063464,-4.0644292337015224e-05,0,0.2751368323071326,0.27513610466301464,-6.4033974044595325,-6.4033974044595325,0.274651684072303,0.2746563018170235,48.56870956396264,63.7508895603516,0,-2
2023-06-30 07:12:00,2023-06-30 07:12:59,0.2749,0.2748,0.2747,0.2749,0.2749695763334616,0.274825,0.2747,0.2749695763334616,True,0.00025560687580558774,-4.960017368892964e-05,0,0.2751364684850736,0.2751326135430549,-8.546056770523997,-8.546056770523997,0.274653408608897,0.27465773164968993,35.7476937902091,49.204890515525456,0,-2
2023-06-30 07:13:00,2023-06-30 07:13:59,0.2748,0.2745,0.2745,0.2749,0.27489728816673076,0.274675,0.2745,0.2749,True,0.00026592067039089975,-7.342251260026973e-05,0,0.27513454101406426,0.27512672524419773,-13.035436439533676,-13.035436439533676,0.27465362344860944,0.2746561621805388,21.8718902775143,35.39609787722876,0,-2
2023-06-30 07:14:00,2023-06-30 07:14:59,0.2746,0.2746,0.2744,0.2746,0.2747861440833654,0.27455,0.2744,0.2747861440833654,True,0.00026121205107726647,-7.823845210069719e-05,0,0.275130633129131,0.27511813239659527,-13.869475906936913,-13.869475906936913,0.2746525923695188,0.27465560335287176,10.303970613104669,22.641184893609438,0,-2
2023-06-30 07:15:00,2023-06-30 07:15:59,0.2745,0.2742,0.2742,0.2745,0.2746680720416827,0.27435,0.2742,0.2746680720416827,True,0.00027112547600031966,-0.00010470792473573529,0,0.2751243827628631,0.27510609698212546,-17.889267834838762,-17.889267834838762,0.2746495815001703,0.2746510699861765,0.6766521620294839,10.950837684216234,0,-2
2023-06-30 07:16:00,2023-06-30 07:16:59,0.2743,0.2745,0.2743,0.2745,0.2745090360208413,0.2744,0.2743,0.2745090360208413,True,0.00027318794200029844,-9.581769238977162e-05,0,0.27511523987249425,0.2750917768394665,-15.166827042135935,-15.166827042135935,0.2746470981021587,0.27464956680223446,3.0662061059078187,4.682276293680741,0,-1
2023-06-30 07:17:00,2023-06-30 07:17:59,0.2745,0.2747,0.2745,0.2747,0.27445451801042064,0.2746,0.2745,0.2747,True,0.0002679602318574184,-7.116618743091796e-05,0,0.27510350835598035,0.2750771283783373,-10.448321861246448,-10.448321861246448,0.2746466294643263,0.2746500686250978,17.179426695761858,6.974094987899804,0,-1
2023-06-30 07:18:00,2023-06-30 07:18:59,0.2747,0.2747,0.2746,0.2747,0.27452725900521036,0.274675,0.2746,0.2747,True,0.0002559630724390306,-5.102943552391022e-05,0,0.2750903183671588,0.2750628365135489,-7.3026517406534595,-7.3026517406534595,0.2746469117582136,0.2746505654546988,34.96455200075754,18.40339493414249,0,-1
2023-06-30 07:19:00,2023-06-30 07:19:59,0.2747,0.2747,0.2746,0.2747,0.2746011295026052,0.274675,0.2746,0.2747,True,0.00024482285297909904,-3.463239537271947e-05,0,0.27507657744035385,0.2750489234569587,-5.205538326924803,-0.0,0.2746471912432065,0.2746510573407217,49.68347119984528,33.94248329878831,0,-1
2023-06-30 07:20:00,2023-06-30 07:20:59,0.2747,0.2752,0.2746,0.2753,0.2746380647513026,0.27495,0.2746,0.2753,True,0.00027733550633773327,1.2952869979927122e-05,0,0.2750627504486563,0.2750372908895441,2.765094629950589,0.0,0.27465020426566217,0.2746565194567344,65.53818980657827,50.06207100239377,0,-1
2023-06-30 07:21:00,2023-06-30 07:21:59,0.2752,0.2753,0.2751,0.2753,0.2747940323756513,0.275225,0.2751,0.2753,True,0.0002718115415993222,5.111607739402725e-05,0,0.2750500206691002,0.2750294203715313,8.964387635602996,8.964387635602996,0.27465592362620284,0.2746629222482097,81.08639783491593,65.43601961377989,0,-1
2023-06-30 07:22:00,2023-06-30 07:22:59,0.2753,0.2756,0.2752,0.2756,0.27500951618782565,0.275425,0.2752,0.2756,True,0.00028096786005651426,9.510501668568284e-05,1,0.2750397205203157,0.275025937954286,15.331677066208897,15.331677066208897,0.27466357612743464,0.2746722464049439,96.63460586325357,81.08639783491599,0,2
2023-06-30 07:23:00,2023-06-30 07:23:59,0.2756,0.2759,0.2755,0.2759,0.27521725809391284,0.275725,0.2755,0.2759,True,0.0002894701557667601,0.00014073018287751645,0,0.2750328292373008,0.27502799253175986,21.17985413071419,21.17985413071419,0.27467413755900244,0.2746844628586261,99.99999999999984,92.57366789938983,1,2
2023-06-30 07:24:00,2023-06-30 07:24:59,0.2758,0.2757,0.2756,0.2759,0.2754711290469564,0.27575,0.2756,0.2759,True,0.0002902222874977034,0.0001508492651498043,0,0.2750304108845303,0.2750345638541157,20.955502203230594,20.955502203230594,0.2746848426579178,0.2746945677058039,99.99999999999984,98.8782019544178,0,2
2023-06-30 07:25:00,2023-06-30 07:25:59,0.2757,0.2759,0.2757,0.276,0.2756105645234782,0.275825,0.2757,0.276,True,0.0002909206955335833,0.00016474053801838584,0,0.27503248736932295,0.27504516073498164,22.29924316231937,22.29924316231937,0.27469618750709274,0.27470656205698996,99.99999999999984,99.99999999999989,0,2
2023-06-30 07:26:00,2023-06-30 07:26:59,0.2758,0.2759,0.2758,0.276,0.2757177822617391,0.275875,0.2758,0.276,True,0.00028442636013832975,0.00016646370792242272,0,0.2750388240521523,0.27505919731367384,23.195070468378546,23.195070468378546,0.2747079169846341,0.27471843706139804,99.99999999999984,99.99999999999989,0,2
2023-06-30 07:27:00,2023-06-30 07:27:59,0.276,0.2759,0.2758,0.276,0.2757963911308695,0.27592500000000003,0.2758,0.276,True,0.00027839590584273716,0.00015997068247262263,0,0.27504901068291304,0.27507618873797063,23.79228867241801,23.79228867241801,0.27472002726339395,0.27473019390655823,99.99999999999984,99.99999999999989,0,2
2023-06-30 07:28:00,2023-06-30 07:28:59,0.2758,0.2761,0.2758,0.2761,0.2758606955654348,0.27595000000000003,0.2758,0.2761,True,0.00027993905542540037,0.0001619102678918351,0,0.27506259971044184,0.2750955614803383,25.923911802763854,25.923911802763854,0.2747322657980866,0.2747438238179358,99.99999999999984,99.99999999999989,0,2
2023-06-30 07:29:00,2023-06-30 07:29:59,0.2761,0.2759,0.2759,0.2762,0.2759053477827174,0.276025,0.2759,0.2762,True,0.0002813719800378734,0.00014152179622894958,0,0.27507908059539005,0.275117190713315,22.00794028337927,22.00794028337927,0.27474512882497126,0.27475532805855335,99.99999999999984,99.99999999999989,0,1
2023-06-30 07:30:00,2023-06-30 07:30:59,0.276,0.2759,0.2756,0.276,0.2759651738913587,0.27587500000000004,0.2756,0.276,True,0.00028984541003516896,0.00012109618263949083,0,0.2750981356543525,0.27513941893815724,19.397292603789538,19.397292603789538,0.27475637132422526,0.274766717829115,93.54143795227132,97.84714598409039,0,1
2023-06-30 07:31:00,2023-06-30 07:31:59,0.2759,0.2764,0.2759,0.2766,0.2759200869456794,0.2762,0.2759,0.2766,True,0.0003191421664612308,0.0001356516302552536,0,0.27511877729625484,0.2751641960898724,22.650794953213563,22.650794953213563,0.27477073578866085,0.2747829693930044,92.42776063670316,95.32306619632483,0,2
2023-06-30 07:32:00,2023-06-30 07:32:59,0.2763,0.2766,0.2763,0.2767,0.2760600434728397,0.27647499999999997,0.2763,0.2767,True,0.00032491772599971513,0.0001513769942751449,0,0.2751414866930636,0.2751926968244827,25.9812584562046,25.9812584562046,0.27478769364151,0.2748010492995417,92.42776063670316,92.79898640855929,0,2
2023-06-30 07:33:00,2023-06-30 07:33:59,0.2765,0.2766,0.2764,0.2767,0.27626752173641983,0.27655,0.2764,0.2767,True,0.00032313788842830855,0.00015319127648476683,0,0.27516709175877313,0.2752244481965036,28.201567458198625,28.201567458198625,0.2748052290281617,0.2748189493065114,98.88632268443166,94.58061465261272,0,2
2023-06-30 07:34:00,2023-06-30 07:34:59,0.2767,0.2763,0.2762,0.2767,0.2764087608682099,0.27647499999999997,0.2762,0.2767,True,0.0003357708963977151,0.00012510862410812013,0,0.27519576997763834,0.2752580263902799,22.37333564172738,22.37333564172738,0.27482184366469736,0.2748336861293322,94.29962629535838,95.20456987216447,0,1
2023-06-30 07:35:00,2023-06-30 07:35:59,0.2763,0.276,0.2759,0.2763,0.27644188043410495,0.276125,0.2759,0.27644188043410495,True,0.0003403586895121649,7.875328311118416e-05,0,0.27522689818395907,0.27529041109934027,13.600449318090867,13.600449318090867,0.2748348103944019,0.27484529124247314,60.966292962025044,84.71741398060509,0,1
2023-06-30 07:36:00,2023-06-30 07:36:59,0.276,0.2758,0.2757,0.276,0.2762834402170525,0.27587500000000004,0.2757,0.2762834402170525,True,0.0003374759259755833,2.9393915829608772e-05,0,0.27525865464164967,0.27531991871008016,5.266303918769438,0.0,0.27484516053973124,0.2748547908321003,27.632959628691708,60.96629296202511,0,1
2023-06-30 07:37:00,2023-06-30 07:37:59,0.2758,0.2759,0.2757,0.2759,0.27607922010852626,0.275825,0.2757,0.27607922010852626,True,0.0003276562169773258,8.319269574005601e-07,0,0.2752892866758649,0.2753466156543156,1.5224609557705193,0.0,0.2748549101861021,0.2748651909233232,-1.7053025658242404e-13,29.53308419690559,0,1
2023-06-30 07:38:00,2023-06-30 07:38:59,0.2759,0.2758,0.2758,0.2761,0.2759521100542631,0.2759,0.2758,0.2761,True,0.00032568077290751844,-2.6717189070551094e-05,0,0.2753179511650903,0.2753714311513771,-2.3832405007703343,-0.0,0.27486530908972295,0.2748744925061757,2.4171146311773044,10.016691419956345,0,1
2023-06-30 07:39:00,2023-06-30 07:39:59,0.2758,0.2759,0.2757,0.2759,0.2759260550271315,0.275825,0.2757,0.2759260550271315,True,0.0003167035748426941,-3.8616647096615764e-05,0,0.2753446911582337,0.27539408053138686,-2.9134276656411586,-0.0,0.2748748582530093,0.2748846965608406,2.4171146311773044,1.6114097541182104,0,1
2023-06-30 07:40:00,2023-06-30 07:40:59,0.2758,0.2758,0.2756,0.2759,0.27587552751356575,0.275775,0.2756,0.2759,True,0.0003155104623539279,-5.351509889967986e-05,0,0.27536938584481024,0.2754145260602015,-4.959603167356249,-4.959603167356249,0.2748838148873077,0.27489380405774766,2.4171146311773044,2.4171146311773684,0,1
2023-06-30 07:41:00,2023-06-30 07:41:59,0.2758,0.2757,0.2757,0.2758,0.27582526375678285,0.27575,0.2757,0.27582526375678285,True,0.0003001168579000751,-6.959621031451196e-05,0,0.2753919559525059,0.2754329246768141,-7.919579610902417,-7.919579610902417,0.2748924336446479,0.27490182590791934,-1.7053025658242404e-13,1.6114097541182104,0,1
2023-06-30 07:42:00,2023-06-30 07:42:59,0.2757,0.2756,0.2755,0.2758,0.2757876318783914,0.27565,0.2755,0.2758,True,0.0003001085109072102,-8.560631182252094e-05,0,0.27541244031465995,0.2754488994046321,-11.375950820607237,-11.375950820607237,0.27489997161833296,0.27490877291381066,-1.7053025658242404e-13,0.805704877059052,0,-2
2023-06-30 07:43:00,2023-06-30 07:43:59,0.2756,0.2756,0.2756,0.2758,0.27571881593919567,0.27565,0.2756,0.2758,True,0.000292957902985265,-9.385477410370197e-05,0,0.275430669859646,0.2754628561841345,-13.680198293743786,-13.680198293743786,0.27490743458730477,0.2749156507952653,-1.7053025658242404e-13,-1.0628535089078166e-13,0,-2
2023-06-30 07:44:00,2023-06-30 07:44:59,0.2757,0.2755,0.2753,0.2757,0.2756844079695978,0.27555,0.2753,0.2757,True,0.0003006037670577469,-0.00010341867047365382,0,0.27544676302189025,0.27547444235404034,-16.807317877397956,-16.807317877397956,0.2749138282730032,0.27492146521521293,-1.7053025658242404e-13,-1.0628535089078166e-13,0,-2
2023-06-30 07:45:00,2023-06-30 07:45:59,0.2754,0.2754,0.2753,0.2755,0.27561720398479894,0.2754,0.2753,0.27561720398479894,True,0.00029341778369648165,-0.00011323478901258168,0,0.2754606026879653,0.27548305347337243,-20.26575908545178,-20.26575908545178,0.2749186658026251,0.27492622675536005,-1.7053025658242404e-13,-1.0628535089078166e-13,0,-2
2023-06-30 07:46:00,2023-06-30 07:46:59,0.2754,0.2752,0.2752,0.2755,0.27550860199239946,0.275325,0.2752,0.27550860199239946,True,0.0002938879420038774,-0.00012944552294750258,-1,0.2754718280806689,0.2754887486532694,-24.613953988498686,-24.613953988498686,0.27492270892896714,0.274928950867247,-1.7053025658242404e-13,-1.0628535089078166e-13,-1,-2
2023-06-30 07:47:00,2023-06-30 07:47:59,0.2752,0.2755,0.2752,0.2756,0.2754168009961997,0.275375,0.2752,0.2756,True,0.000301467374717887,-0.00011456568870398727,0,0.27548028836696914,0.275492452071725,-18.46324616862936,-18.46324616862936,0.27492720933763415,0.27493463294816994,1.8989861185239374,0.6329953728412631,0,-1
2023-06-30 07:48:00,2023-06-30 07:48:59,0.2755,0.2754,0.2754,0.2755,0.2753959004980998,0.27545,0.2754,0.2755,True,0.00028707684795232683,-0.00010749444997770242,0,0.2754863702193471,0.27549507653276145,-16.04787470478324,-16.04787470478324,0.27493241123477213,0.2749392634660986,9.212431889968757,3.7038060028309054,0,-2
2023-06-30 07:49:00,2023-06-30 07:49:59,0.2754,0.2753,0.2753,0.2755,0.2754229502490499,0.275375,0.2753,0.2755,True,0.0002808570730985916,-0.00010561369033683246,0,0.2754907233760543,0.27549631893668025,-16.009100259776723,-16.009100259776723,0.2749368151030829,0.2749428528843464,14.947519736685175,8.686312581726021,0,-2
2023-06-30 07:50:00,2023-06-30 07:50:59,0.2753,0.2754,0.2753,0.2754,0.27539897512452494,0.27535,0.2753,0.2754,True,0.0002679387107344057,-9.328646035741025e-05,0,0.27549352115636727,0.2754962931865122,-13.185520689279826,-13.185520689279826,0.27494092639558954,0.2749474016118653,17.25657893197646,13.805510186210194,0,-1
2023-06-30 07:51:00,2023-06-30 07:51:59,0.2753,0.2751,0.2751,0.2754,0.27537448756226246,0.275225,0.2751,0.2754,True,0.00027022880282480296,-0.00010203500198612851,0,0.27549490717143976,0.27549441155345356,-15.751179027138505,-15.751179027138505,0.2749437529986185,0.27494892000378707,9.943133160531639,14.049077276397822,0,-2
2023-06-30 07:52:00,2023-06-30 07:52:59,0.2751,0.2751,0.275,0.2752,0.2752997437811312,0.2751,0.275,0.2752997437811312,True,0.0002652124597658869,-0.00010327886714147216,0,0.27549465936244666,0.27549022404781426,-17.461617919044294,-17.461617919044294,0.2749453076951497,0.2749504232873315,4.208045313815222,10.469252468774505,0,-2
2023-06-30 07:53:00,2023-06-30 07:53:59,0.2752,0.2753,0.2749,0.2754,0.2751998718905656,0.2752,0.2749,0.2754,True,0.0002819829983540379,-8.573197794189741e-05,0,0.27549244170513043,0.27548493594956436,-13.125775570991635,-13.125775570991635,0.2749478419469392,0.27495390166258193,8.857963741022143,7.669714071789733,0,-1
2023-06-30 07:54:00,2023-06-30 07:54:59,0.2753,0.2753,0.2752,0.2754,0.2751999359452828,0.2753,0.2752,0.2754,True,0.00027612706990017645,-7.039842547788929e-05,0,0.2754886888273474,0.27547950373533625,-10.235214005623199,-10.235214005623199,0.2749513460071687,0.27495734542713335,26.700992381147206,13.255667145328255,0,-1
2023-06-30 07:55:00,2023-06-30 07:55:59,0.2752,0.2752,0.2751,0.2754,0.2752499679726414,0.275225,0.2751,0.2754,True,0.00027783227919301863,-6.392651483352406e-05,0,0.2754840962813418,0.27547348074859174,-10.479338909630854,-10.479338909630854,0.2749540689324705,0.2749597599004952,42.87251362195253,26.14382324804069,0,-1
2023-06-30 07:56:00,2023-06-30 07:56:59,0.2751,0.275,0.275,0.2752,0.2752374839863207,0.275075,0.275,0.2752374839863207,True,0.00027227283067923,-7.022727551728342e-05,0,0.27547878851496677,0.275466004807065,-13.966633794152536,-13.966633794152536,0.27495527222667476,0.27496016029949527,40.168480862110734,36.58066228840355,0,-2
2023-06-30 07:57:00,2023-06-30 07:57:59,0.275,0.275,0.2749,0.2752,0.27515624199316036,0.27502499999999996,0.2749,0.2752,True,0.0002742533427735723,-7.067412542818423e-05,0,0.27547239666101586,0.2754570931837562,-16.291497050500325,-16.291497050500325,0.27495596603536454,0.27496055671442565,26.230622180765923,36.42387222160979,0,-2
2023-06-30 07:58:00,2023-06-30 07:58:59,0.275,0.2751,0.275,0.2752,0.27509062099658016,0.275075,0.275,0.2752,True,0.0002689495325754584,-6.034365098963267e-05,0,0.27546474492238604,0.2754474554344702,-14.166931774783599,-14.166931774783599,0.2749571504529231,0.2749619442098045,22.55525482695228,29.651452623276374,0,-1
2023-06-30 07:59:00,2023-06-30 07:59:59,0.2752,0.275,0.2748,0.2752,0.2750828104982901,0.27505,0.2748,0.2752,True,0.00027831028024864074,-5.712488912853874e-05,0,0.2754561001784281,0.2754371405997186,-14.850336417051686,-14.850336417051686,0.2749580743290134,0.2749623228743836,26.430490671497,25.072122559738464,0,-2
2023-06-30 08:00:00,2023-06-30 08:00:59,0.275,0.2753,0.2748,0.2754,0.27506640524914505,0.27512499999999995,0.2748,0.2754,True,0.0003012881173737371,-3.112674643921274e-05,0,0.2754466203890733,0.275426878041314,-7.330305059121812,-7.330305059121812,0.2749597352809635,0.27496568284578277,45.3435758118531,31.44310710343419,0,-1
2023-06-30 08:01:00,2023-06-30 08:01:59,0.2752,0.2751,0.2751,0.2756,0.2750957026245725,0.27525,0.2751,0.2756,True,0.00031548182327561304,-2.5803195373689364e-05,0,0.2754367492151936,0.27541758468544275,-6.630719440554614,-0.0,0.2749626234871231,0.27496701933487944,66.18075525819476,45.98494058051502,0,-1
2023-06-30 08:02:00,2023-06-30 08:02:59,0.2751,0.2753,0.2751,0.2755,0.27517285131228625,0.27525,0.2751,0.2755,True,0.00032151883589878435,-6.614718172522321e-06,0,0.27542716695031816,0.2754091181518464,-2.2605881814857582,-0.0,0.2749654829549129,0.2749703325753284,89.48492176580287,67.00308427861698,0,-1
2023-06-30 08:03:00,2023-06-30 08:03:59,0.2754,0.2758,0.2753,0.2758,0.2752114256561431,0.27557499999999996,0.2753,0.2758,True,0.00033426749047744264,4.125856285696152e-05,0,0.27541814255108227,0.27540359051629215,6.293014161522478,6.293014161522478,0.2749715478011327,0.2749785879725888,99.99999999999984,85.22189234133255,0,-1
2023-06-30 08:04:00,2023-06-30 08:04:59,0.2758,0.2756,0.2754,0.2758,0.2753932128280715,0.27565,0.2754,0.2758,True,0.0003389626697290547,5.746067413111861e-05,0,0.2754108665336872,0.27540092920105275,8.147486759771802,8.147486759771802,0.27497829856928063,0.2749847711768416,99.99999999999984,96.49497392193423,0,-1
2023-06-30 08:05:00,2023-06-30 08:05:59,0.2756,0.2752,0.2752,0.2758,0.2755216064140358,0.27545,0.2752,0.2758,True,0.0003576081933198358,3.865086384233565e-05,0,0.27540589786736996,0.2753991706067147,3.733792053758499,0.0,0.274982992115855,0.2749869127571716,90.08783686094591,96.69594562031524,0,-2
2023-06-30 08:06:00,2023-06-30 08:06:59,0.2752,0.2752,0.275,0.2753,0.2754858032070179,0.275175,0.275,0.2754858032070179,True,0.0003534933223684166,2.5414764541611956e-05,0,0.2754025342370423,0.27539624800426526,0.7913289164162975,0.0,0.2749849026420654,0.2749890330282445,68.52431602283406,86.20405096126,0,-2
2023-06-30 08:07:00,2023-06-30 08:07:59,0.2752,0.2753,0.2751,0.2754,0.27533040160350897,0.27525,0.2751,0.2754,True,0.0003496723707706702,2.3192163228646925e-05,0,0.27539939112065376,0.2753929436019645,0.4786441389698055,0.0,0.27498754042672147,0.2749921272269684,50.300522990208925,69.63755862466301,0,-1
2023-06-30 08:08:00,2023-06-30 08:08:59,0.2753,0.2759,0.2753,0.2759,0.2752902008017545,0.27559999999999996,0.2753,0.2759,True,0.0003675529157156216,6.243776530507006e-05,0,0.2753961673613091,0.2753917626498823,6.833516599554052,6.833516599554052,0.27499363455182874,0.27500116078689907,54.985734857740624,57.93685795692792,1,2
2023-06-30 08:09:00,2023-06-30 08:09:59,0.2759,0.276,0.2758,0.2762,0.2754451004008772,0.275975,0.2758,0.2762,True,0.000369870564593078,9.234412937306935e-05,0,0.2753939650055957,0.27539483450647706,11.809299936476364,11.809299936476364,0.2750033993821588,0.27501109948553687,76.54925569585248,60.61183784793406,0,2
2023-06-30 08:10:00,2023-06-30 08:10:59,0.276,0.2754,0.2754,0.276,0.2757100502004386,0.2757,0.2754,0.276,True,0.00038630838140786143,6.671888953476178e-05,0,0.27539439975603636,0.2753993467605956,6.899416948609748,6.899416948609748,0.27501033073159004,0.2750149691423972,85.81304028117144,72.44934361158823,0,1
2023-06-30 08:11:00,2023-06-30 08:11:59,0.2754,0.2753,0.275,0.2754,0.2757050251002193,0.275275,0.275,0.2757050251002193,True,0.0003872863541644396,4.0518074282771795e-05,0,0.27539687325831597,0.2754020461389798,2.6161426697878696,0.0,0.27501296425664884,0.27501780527033354,70.01783768159856,77.46004455287421,0,1
2023-06-30 08:12:00,2023-06-30 08:12:59,0.2754,0.2755,0.2752,0.2756,0.27549001255010963,0.275425,0.2752,0.2756,True,0.0003881944717241233,3.562677165341397e-05,0,0.2753994596986479,0.27540432886646254,2.2559690543817723,0.0,0.27501706411479165,0.27502260322784267,52.87810663218036,69.56966153165017,0,2
2023-06-30 08:13:00,2023-06-30 08:13:59,0.2755,0.2757,0.2755,0.2759,0.27545750627505483,0.27565,0.2755,0.2759,True,0.0003890377237438257,4.467416461455167e-05,0,0.2754018942825552,0.2754078116391019,4.250785360433497,0.0,0.2750233619842962,0.2750293434942323,48.18329162782252,57.02641198053387,0,2
2023-06-30 08:14:00,2023-06-30 08:14:59,0.2757,0.2751,0.2751,0.2757,0.2755537531375274,0.2754,0.2751,0.2757,True,0.00040410645776212307,7.3970612210919595e-06,0,0.2754048529608285,0.2754105000543421,-0.8735732369275908,-0.0,0.27502710962624355,0.27503004654404095,44.55164679955703,48.537681686520024,0,-2
2023-06-30 08:15:00,2023-06-30 08:15:59,0.2752,0.2748,0.2745,0.2752,0.2754768765687637,0.274925,0.2745,0.2754768765687637,True,0.00042524171077911274,-3.759722955903717e-05,0,0.2754076765075853,0.27540928561588224,-6.4449764641992715,-6.4449764641992715,0.27502609361006203,0.27502775752370223,28.358044515641893,40.36432764767387,-1,-2
2023-06-30 08:16:00,2023-06-30 08:16:59,0.2749,0.2752,0.2749,0.2752,0.27520093828438186,0.27505,0.2749,0.27520093828438186,True,0.00042343873143774836,-3.749938316221929e-05,0,0.27540848106173377,0.27540586439852954,-5.4244097964248965,-0.0,0.27502633148458877,0.27502947137918776,12.462659470931406,28.457450262043505,0,-2
2023-06-30 08:17:00,2023-06-30 08:17:59,0.2752,0.2753,0.2752,0.2755,0.27512546914219094,0.2753,0.2752,0.2755,True,0.0004146216791921965,-2.8762687901106117e-05,0,0.27540717273013166,0.2754024445076908,-3.6886496577046515,-0.0,0.27502905455439386,0.2750321632062605,14.665902052014177,18.495535346195886,0,-1
2023-06-30 08:18:00,2023-06-30 08:18:59,0.2753,0.2754,0.2752,0.2756,0.27521273457109546,0.275375,0.2752,0.2756,True,0.00041357727353561185,-1.4786012691575821e-05,0,0.2754048086189112,0.27539956370507374,-1.4192870670974074,-0.0,0.2750324967976337,0.2750358232738599,27.583058509689256,18.237206677545007,0,-1
2023-06-30 08:19:00,2023-06-30 08:19:59,0.2754,0.2752,0.275,0.2754,0.2752938672855477,0.27525,0.275,0.2754,True,0.000412607468283065,-1.8596342373391705e-05,0,0.27540218616199247,0.27539626946284124,-2.341578964793129,-0.0,0.2750346610086025,0.275037456873125,33.324876964203334,25.191279175302316,0,-2
2023-06-30 08:20:00,2023-06-30 08:20:59,0.2752,0.2749,0.2748,0.2752,0.27527193364277386,0.27502499999999996,0.2748,0.27527193364277386,True,0.00041170693483427544,-4.056222067294809e-05,0,0.2753992278124168,0.27539112857941744,-5.986771015215282,-0.0,0.27503456487916367,0.2750360891430441,26.227210744282548,29.045048739391774,0,-2
2023-06-30 08:21:00,2023-06-30 08:21:59,0.2749,0.275,0.2747,0.2751,0.27514846682138694,0.274925,0.2747,0.27514846682138694,True,0.0004108707252032566,-4.578519836631203e-05,0,0.27539517819591713,0.275383882987978,-6.8658389632695815,-0.0,0.275033474681361,0.2750357300470934,14.675381451226928,24.74248971990433,0,-2
2023-06-30 08:22:00,2023-06-30 08:22:59,0.275,0.275,0.2748,0.2752,0.27503673341069346,0.275,0.2748,0.2752,True,0.0004100942448315962,-4.6731268753604925e-05,0,0.2753895305919476,0.2753755446373389,-7.451884261972445,-0.0,0.27503314159995446,0.27503537452423676,9.030374315815914,16.644322170441857,0,-2
2023-06-30 08:23:00,2023-06-30 08:23:59,0.275,0.2748,0.2747,0.2751,0.27501836670534674,0.27490000000000003,0.2747,0.2751,True,0.00040937322734362584,-5.850770077740564e-05,0,0.27538253761464326,0.2753657170533033,-10.25302664875295,-10.25302664875295,0.2750318168079151,0.2750330324891697,7.1712359341814,10.292330567074808,0,-2
2023-06-30 08:24:00,2023-06-30 08:24:59,0.2748,0.2752,0.2747,0.2752,0.2749591833526734,0.27497499999999997,0.2747,0.2752,True,0.0004158465682476526,-3.551917545697566e-05,0,0.2753741273339733,0.2753552989927793,-5.6336587280885695,-0.0,0.27503125146654284,0.2750346938574367,12.69761094383746,9.633073731278321,0,-1
2023-06-30 08:25:00,2023-06-30 08:25:59,0.2753,0.276,0.2752,0.276,0.2749670916763367,0.275625,0.2752,0.276,True,0.00044328609908710764,3.6400383067506525e-05,0,0.2753647131633763,0.2753489472161898,3.862844327992349,3.862844327992349,0.2750371594121494,0.2750442988936811,42.151008121108894,20.673284999709313,0,-1
2023-06-30 08:26:00,2023-06-30 08:26:59,0.2761,0.2759,0.2758,0.2761,0.27529604583816836,0.275975,0.2758,0.2761,True,0.0004330513777237444,7.495259613289841e-05,0,0.2753568301897831,0.2753482418056935,8.770896681706056,8.770896681706056,0.2750464911592922,0.27505281333254994,73.55836884094204,42.80232930196286,1,2
2023-06-30 08:27:00,2023-06-30 08:27:59,0.2759,0.2762,0.2758,0.2762,0.2756355229190842,0.276025,0.2758,0.2762,True,0.00043069056502919207,0.0001175070830640519,1,0.2753525359977383,0.27535232971197043,13.866895058400225,13.866895058400225,0.2750562275656674,0.2750642281252609,99.99999999999984,71.90312565401699,0,2
2023-06-30 08:28:00,2023-06-30 08:28:59,0.2762,0.2761,0.2759,0.2762,0.27583026145954215,0.2761,0.2759,0.2762,True,0.0004213555246699656,0.00013311813322325927,0,0.2753524328548544,0.27536067796262775,15.656207555913042,15.656207555913042,0.2750666133610339,0.2750745343130692,99.99999999999984,91.18612294698063,0,2
2023-06-30 08:29:00,2023-06-30 08:29:59,0.276,0.2758,0.2758,0.276,0.2759651307297711,0.27590000000000003,0.2758,0.276,True,0.0004126872729078268,0.00011667690097541453,0,0.2753565554087411,0.27537095092180647,12.46527825907853,12.46527825907853,0.2750749057654017,0.2750817528771183,92.70011372763109,97.566704575877,0,1
2023-06-30 08:30:00,2023-06-30 08:30:59,0.2758,0.2759,0.2754,0.2759,0.27593256536488553,0.27575,0.2754,0.27593256536488553,True,0.0004189238962715535,0.00010748914326252844,0,0.2753637531652738,0.27538163957459516,11.371729443260143,11.371729443260143,0.27508162312096984,0.27508989463953504,80.25719127995126,90.98576833586081,0,2
2023-06-30 08:31:00,2023-06-30 08:31:59,0.2759,0.276,0.2758,0.276,0.2758412826824428,0.27592500000000003,0.2758,0.276,True,0.0004032864751093021,0.00010322799797362005,0,0.2753726963699345,0.2753937828564676,11.705520887121764,11.705520887121764,0.27509001493071145,0.275098950414266,72.35027135553295,81.76919212103851,0,2
2023-06-30 08:32:00,2023-06-30 08:32:59,0.276,0.2757,0.2755,0.276,0.2758831413412214,0.27580000000000005,0.2755,0.276,True,0.00041019458403006623,7.47462682232043e-05,0,0.27538323961320105,0.2754061304292868,7.364418329939525,7.364418329939525,0.27509707945876405,0.2751049310071589,67.36189579047341,73.32311947531929,0,1
2023-06-30 08:33:00,2023-06-30 08:33:59,0.2758,0.2758,0.2755,0.2759,0.2758415706706107,0.27575,0.2755,0.2759,True,0.0004094663994564869,5.919049741678038e-05,0,0.2753946850212439,0.27541821107115105,5.851026537928618,5.851026537928618,0.2751035761805674,0.2751118471165404,65.75864423941269,68.49027046180643,0,1
2023-06-30 08:34:00,2023-06-30 08:34:59,0.2758,0.2756,0.2756,0.2761,0.27579578533530535,0.275775,0.2756,0.2761,True,0.000415933085209595,3.2022111004763405e-05,0,0.27540644804619746,0.27543017019693333,1.9847120892259582,0.0,0.27511025701459163,0.2751167043591619,60.38256237645388,64.50103413544674,0,1
2023-06-30 08:35:00,2023-06-30 08:35:59,0.2757,0.2753,0.2752,0.2758,0.2757853926676527,0.27549999999999997,0.2752,0.2758,True,0.00042908072198033747,-8.343805634961559e-06,0,0.2754183091215654,0.27544006480747596,-3.927450399268416,-0.0,0.2751141350542474,0.27511852819638416,49.690641634149266,58.61061608333869,0,1
2023-06-30 08:36:00,2023-06-30 08:36:59,0.2754,0.2753,0.2752,0.2754,0.2756426963338263,0.275325,0.2752,0.2756426963338263,True,0.00041271781326745463,-3.4844931184035256e-05,0,0.2754291869645207,0.27544706543699427,-7.868892058264663,-7.868892058264663,0.2751162332129116,0.2751203338859724,35.307287420289036,48.46016381029747,0,1
2023-06-30 08:37:00,2023-06-30 08:37:59,0.2753,0.2752,0.275,0.2753,0.2754838481669132,0.2752,0.275,0.2754838481669132,True,0.00040466654089120555,-5.799245158096542e-05,0,0.27543812620075747,0.2754508819502034,-11.614030646619767,-11.614030646619767,0.2751170667132807,0.2751211265836244,15.25695587433281,33.41829497625712,0,-2
2023-06-30 08:38:00,2023-06-30 08:38:59,0.2753,0.2752,0.275,0.2754,0.2753419240834566,0.275225,0.275,0.2754,True,0.0004043332165418306,-7.098066274890289e-05,0,0.27544450407548043,0.275452336927497,-14.110789705523167,-14.110789705523167,0.2751181406763326,0.2751219113937376,5.9345344981413115,18.832925930921135,-1,-2
2023-06-30 08:39:00,2023-06-30 08:39:59,0.2752,0.2752,0.2751,0.2753,0.27528346204172827,0.2752,0.2751,0.2753,True,0.0003897379867888411,-7.670153852980553e-05,0,0.2754484205014887,0.2754517511416784,-15.775295744792103,-15.775295744792103,0.2751189551969661,0.2751226883947949,1.2300831021730179,7.4738578248824625,0,-2
2023-06-30 08:40:00,2023-06-30 08:40:59,0.2753,0.2753,0.275,0.2754,0.27524173102086413,0.27525,0.275,0.2754,True,0.00039047098773249217,-7.048463400744181e-05,0,0.27545008582158353,0.2754499057209967,-13.552303948366045,-13.552303948366045,0.2751202591253545,0.2751244526893741,3.726437152220347,3.6303515841783085,0,-2
2023-06-30 08:41:00,2023-06-30 08:41:59,0.2754,0.2751,0.275,0.2754,0.27524586551043206,0.275225,0.275,0.2754,True,0.0003911516314658824,-7.728506702022932e-05,0,0.2754499957712901,0.27544690971589053,-15.583579364759451,-15.583579364759451,0.27512130132311213,0.27512420937903204,4.245224669587202,3.067248307993605,0,-2
2023-06-30 08:42:00,2023-06-30 08:42:59,0.2752,0.2751,0.2751,0.2754,0.275235432755216,0.2752,0.2751,0.2754,True,0.00038464080064688847,-7.835581626000883e-05,0,0.2754484527435903,0.27544285687676995,-16.937762975688386,-16.937762975688386,0.27512208439452396,0.27512396848968845,4.768014424028741,4.24655874861218,0,-2
2023-06-30 08:43:00,2023-06-30 08:43:59,0.2751,0.2752,0.275,0.2752,0.275217716377608,0.275125,0.275,0.275217716377608,True,0.000371452172029252,-6.86890043659426e-05,0,0.27544565481018013,0.2754374852118241,-14.206782257984486,-14.206782257984486,0.2751221134055237,0.27512472502212937,2.271660373981412,3.7616331558658676,0,-1
2023-06-30 08:44:00,2023-06-30 08:44:59,0.2753,0.2752,0.2752,0.2753,0.275171358188804,0.27525,0.2752,0.2753,True,0.0003520627311700189,-5.9259048167776296e-05,0,0.2754415700110021,0.2754319697142985,-12.386128446181885,-12.386128446181885,0.27512338590895136,0.2751254740268843,8.996720626512241,5.345465141507547,0,-1
2023-06-30 08:45:00,2023-06-30 08:45:59,0.2753,0.2748,0.2748,0.2755,0.275210679094402,0.2751,0.2748,0.2755,True,0.0003769153932293057,-7.773743417831149e-05,0,0.2754367698626503,0.27542534965903015,-17.69234778097198,-17.69234778097198,0.2751231532133399,0.2751222354793531,9.12958590689598,6.799322302463293,0,-2
2023-06-30 08:46:00,2023-06-30 08:46:59,0.2749,0.2749,0.2746,0.2749,0.275155339547201,0.274825,0.2746,0.275155339547201,True,0.0003714214365700672,-7.901714339734092e-05,0,0.27543105976084026,0.2754160186058495,-17.979538852358964,-17.979538852358964,0.2751201865146997,0.2751200241810511,9.12958590689598,9.085297480101483,0,-2
2023-06-30 08:47:00,2023-06-30 08:47:59,0.2749,0.2752,0.2748,0.2752,0.27499016977360047,0.27502499999999996,0.2748,0.2752,True,0.00037346276252934893,-5.527663195293108e-05,0,0.2754235391833449,0.2754059893985883,-11.09784101862563,-11.09784101862563,0.2751192393852002,0.2751208199603441,12.133616195388456,10.130929336393555,0,-1
2023-06-30 08:48:00,2023-06-30 08:48:59,0.2752,0.2753,0.2751,0.2754,0.2750075848868002,0.27525,0.2751,0.2754,True,0.0003682154223486788,-3.0049720590200204e-05,0,0.2754147642909666,0.2753970230800167,-4.771742358582443,-0.0,0.275120540485845,0.27512260284631085,44.107400424032846,21.790200842105843,0,-1
2023-06-30 08:49:00,2023-06-30 08:49:59,0.2753,0.2753,0.2752,0.2757,0.2751287924434001,0.275375,0.2752,0.2757,True,0.00037762860646663036,-1.1802525103796877e-05,0,0.2754058936854917,0.2753898127325991,-0.5543432518869906,-0.0,0.27512307242130923,0.2751243679921187,77.44073375736617,44.56058345892924,0,-1
2023-06-30 08:50:00,2023-06-30 08:50:59,0.2753,0.275,0.275,0.2753,0.27525189622170004,0.27515,0.275,0.2753,True,0.0003720837060047258,-1.9439350577064572e-05,0,0.2753978532090454,0.2753824906049918,-3.964233172009479,-0.0,0.2751233403574156,0.2751231304996598,88.07916425634062,69.87576614591329,0,-2
2023-06-30 08:51:00,2023-06-30 08:51:59,0.2749,0.2753,0.2749,0.2754,0.27520094811085005,0.27512499999999995,0.2749,0.2754,True,0.0003812205841472454,-2.2935152322553926e-06,0,0.27539017190701864,0.2753749591830506,-0.5846175761870995,-0.0,0.27512335687127215,0.27512489039518556,75.96356790816742,80.49448864062481,0,-1
2023-06-30 08:52:00,2023-06-30 08:52:59,0.2753,0.2756,0.2753,0.2757,0.275162974055425,0.27547499999999997,0.2753,0.2757,True,0.0003825619709938716,3.0109000483528452e-05,0,0.27538256554503465,0.27536971602798505,5.332595466705229,5.332595466705229,0.2751268558078764,0.2751296178539399,75.96356790816742,80.00210002422523,0,-1
2023-06-30 08:53:00,2023-06-30 08:53:59,0.2756,0.2753,0.2753,0.2756,0.2753189870277125,0.27545,0.2753,0.2756,True,0.0003766646873514538,2.9728605577593263e-05,0,0.27537614078650985,0.2753661388885562,4.097638987552045,4.097638987552045,0.2751300711729721,0.27513131319867684,86.2058098897088,79.3776485686813,0,-1
2023-06-30 08:54:00,2023-06-30 08:54:59,0.2753,0.2752,0.2751,0.2753,0.27538449351385624,0.275225,0.2751,0.27538449351385624,True,0.00036404578111206263,2.1835883566633185e-05,0,0.27537113983753303,0.27536235421865557,1.816664931671454,0.0,0.2751310157384152,0.2751319966494363,87.60034272138229,83.25657350641957,0,-2
2023-06-30 08:55:00,2023-06-30 08:55:59,0.2753,0.2752,0.2751,0.2755,0.2753047467569281,0.275275,0.2751,0.2755,True,0.000366613939604059,1.6262071658744898e-05,0,0.2753667470280943,0.27535877517858864,0.29601556108439553,0.0,0.27513244841763496,0.27513267329969066,78.64921882689197,84.15179047932776,0,-2
2023-06-30 08:56:00,2023-06-30 08:56:59,0.2752,0.2748,0.2746,0.2752,0.27528987337846406,0.27495,0.2746,0.27528987337846406,True,0.00038328437248948263,-1.5017362850527533e-05,0,0.2753627611033415,0.2753531527427309,-5.882790008463111,-5.882790008463111,0.2751306330104943,0.27512936311760416,58.01510944451679,74.75489033093042,0,-2
2023-06-30 08:57:00,2023-06-30 08:57:59,0.2748,0.2745,0.2743,0.2748,0.27511993668923207,0.2746,0.2743,0.27511993668923207,True,0.0003916212030259482,-5.463022550399957e-05,0,0.2753579569230362,0.27534355873067323,-12.414327709797455,-12.414327709797455,0.2751253530800416,0.275123100798026,36.57409603940002,57.746141436936334,0,-2
2023-06-30 08:58:00,2023-06-30 08:58:59,0.2745,0.2748,0.2743,0.2749,0.274859968344616,0.274625,0.2743,0.2749,True,0.0004065054028098083,-5.6620318519314355e-05,0,0.2753507578268547,0.2753310752204551,-11.36635111371477,-11.36635111371477,0.27512037444242926,0.2751198858647123,14.11949923370922,36.23623490587541,0,-2
2023-06-30 08:59:00,2023-06-30 08:59:59,0.2749,0.275,0.2747,0.2751,0.274742484172308,0.274925,0.2747,0.2751,True,0.00040604073118053705,-4.096148965192422e-05,0,0.2753409165236549,0.2753184607572099,-7.7713847041864526,-7.7713847041864526,0.2751184304181265,0.2751186929705361,18.61389637963634,23.10249721758193,0,-1
2023-06-30 09:00:00,2023-06-30 09:00:59,0.275,0.2746,0.2744,0.275,0.27483374208615396,0.27475000000000005,0.2744,0.275,True,0.0004198949646676448,-5.567112321495251e-05,0,0.2753296886404324,0.27530462905625214,-9.662053126322157,-9.662053126322157,0.2751147644438168,0.27511353184645115,27.73149940297856,20.154965005441444,0,-2
2023-06-30 09:01:00,2023-06-30 09:01:59,0.2746,0.2743,0.2741,0.2746,0.274791871043077,0.2744,0.2741,0.274791871043077,True,0.0004256167529056702,-8.240643037192311e-05,-1,0.27531715884834224,0.2752875325434483,-13.235119330851035,-13.235119330851035,0.27510765235979867,0.27510543700220785,25.80388676982636,24.049760850813826,0,-2
2023-06-30 09:02:00,2023-06-30 09:02:59,0.2743,0.2743,0.2742,0.2745,0.2745959355215385,0.274325,0.2742,0.2745959355215385,True,0.0004166441276981239,-9.501037322844143e-05,0,0.27530234569589523,0.27526746834181753,-15.617163467203625,-15.617163467203625,0.275099864774129,0.27509742270367843,9.784319089959531,21.106568420921555,0,-2
2023-06-30 09:03:00,2023-06-30 09:03:59,0.2743,0.2744,0.2741,0.2745,0.27446046776076927,0.274325,0.2741,0.2745,True,0.000415455261433973,-9.089980332620593e-05,0,0.27528490701885633,0.2752452053196635,-15.246467315944123,-15.246467315944123,0.275092154676874,0.2750904831742886,-1.3855583347321954e-13,11.862735286595319,0,-2
2023-06-30 09:04:00,2023-06-30 09:04:59,0.2743,0.274,0.274,0.2744,0.27439273388038465,0.274175,0.274,0.2744,True,0.0004143513141886861,-0.00011030465189988667,0,0.2752650561692599,0.2752203347391363,-18.38436156993186,-18.38436156993186,0.27508302875969115,0.27507963259543994,-1.3855583347321954e-13,3.2614396966531536,0,-2
2023-06-30 09:05:00,2023-06-30 09:05:59,0.274,0.2731,0.2727,0.2741,0.27428386694019236,0.273475,0.2727,0.27428386694019236,True,0.000484754791746638,-0.00017814732533693022,0,0.27524269545419805,0.27518877910377004,-24.157453308577246,-24.157453308577246,0.27506702847352504,0.2750599347586694,-1.3855583347321954e-13,-6.987003568307652e-14,0,-2
2023-06-30 09:06:00,2023-06-30 09:06:59,0.2732,0.2734,0.2731,0.2736,0.2738794334700962,0.273325,0.2731,0.2738794334700962,True,0.0004858437351933067,-0.00019168397069399204,0,0.275215737278984,0.2751511476234129,-23.765345056837948,-23.765345056837948,0.27504969485687303,0.27504341799490156,-1.3855583347321954e-13,-6.987003568307652e-14,0,-2
2023-06-30 09:07:00,2023-06-30 09:07:59,0.2734,0.2736,0.2731,0.2736,0.2736022167350481,0.273425,0.2731,0.2736022167350481,True,0.0004868548969652134,-0.00017604652815281512,0,0.27518344245119847,0.27510967688588706,-20.921580788666915,-20.921580788666915,0.2750335287388942,0.2750290556267931,3.6625496202305374,1.2208498734101554,0,-2
2023-06-30 09:08:00,2023-06-30 09:08:59,0.2736,0.2739,0.2736,0.2742,0.27351360836752403,0.273825,0.2736,0.2742,True,0.000494936690039126,-0.00013510466819786297,0,0.2751465596685428,0.2750682124329404,-15.537433225034889,-15.537433225034889,0.27502150357731314,0.2750178212424469,20.397138978709794,8.0198961996468,0,-1
2023-06-30 09:09:00,2023-06-30 09:09:59,0.2739,0.2733,0.2733,0.2739,0.273669304183762,0.27359999999999995,0.2733,0.2739,True,0.0005024412121791877,-0.00014113464038113046,0,0.2751073860507416,0.2750254936788507,-16.139150537041886,-16.139150537041886,0.27500735926311104,0.27500072849376583,36.4510220833684,20.17023689410298,0,-2
2023-06-30 09:10:00,2023-06-30 09:10:59,0.2734,0.274,0.2733,0.2742,0.273634652091881,0.273725,0.2733,0.2742,True,0.0005308382684521037,-8.788932546451245e-05,0,0.2750664398647962,0.2749829381336662,-10.251631675446397,-10.251631675446397,0.27499459946944826,0.2749907709963154,53.41535539503718,36.754505485705195,0,-1
2023-06-30 09:11:00,2023-06-30 09:11:59,0.274,0.2735,0.2735,0.2741,0.2736798260459405,0.27377500000000005,0.2735,0.2741,True,0.0005357783921340956,-8.085355037349594e-05,0,0.2750246889992312,0.27494114611347004,-9.652140927866917,-0.0,0.2749824641513443,0.2749759374540635,59.15464278617211,49.67367342152597,0,-1
2023-06-30 09:12:00,2023-06-30 09:12:59,0.2734,0.2735,0.2734,0.2737,0.27372741302297027,0.27349999999999997,0.2734,0.27372741302297027,True,0.0005189370784102332,-6.959182921815771e-05,0,0.2749829175563507,0.27489835516711686,-9.252480429480592,-0.0,0.2749677132642663,0.27496125150924694,59.7764535747012,57.44881725197024,0,-1
2023-06-30 09:13:00,2023-06-30 09:13:59,0.2735,0.2738,0.2735,0.2738,0.2736137065114851,0.27365,0.2735,0.2738,True,0.0005032987156666427,-3.541848497884219e-05,0,0.2749406363617338,0.27485610051009357,-6.193526462087071,-0.0,0.2749546016894975,0.2749496967678614,65.47415933211552,61.46841856432968,0,-1
2023-06-30 09:14:00,2023-06-30 09:14:59,0.2737,0.2734,0.2733,0.2739,0.2736318532557426,0.27357499999999996,0.2733,0.2739,True,0.0005102059502618818,-3.590856235642214e-05,0,0.27489836843591375,0.27481404340955484,-7.258479874214295,-0.0,0.2749408743095025,0.2749342768995245,73.67048520176334,66.3070327028601,0,-1
2023-06-30 09:15:00,2023-06-30 09:15:59,0.2733,0.2735,0.2731,0.2738,0.2736034266278713,0.273425,0.2731,0.2738,True,0.0005237626681003172,-2.4443258950376085e-05,0,0.27485620592273435,0.274771401243542,-6.9193421460444,-0.0,0.27492579098303976,0.27492000548758894,82.76546106188421,73.97003519858777,0,-1
2023-06-30 09:16:00,2023-06-30 09:16:59,0.2735,0.2738,0.2734,0.2738,0.27351421331393566,0.273625,0.2734,0.2738,True,0.000514922477521724,7.990988464777189e-06,0,0.2748138035831382,0.2747299632346671,-3.6896565807907393,-0.0,0.2749128477891787,0.27490886115437907,89.77420570590375,82.07005065651718,0,-1
2023-06-30 09:17:00,2023-06-30 09:17:59,0.2738,0.2738,0.2738,0.2742,0.27356960665696783,0.2739,0.2738,0.2742,True,0.0005067137291273159,3.194159348850125e-05,0,0.27477188340890274,0.27469164436843685,-1.5365328706216346,-0.0,0.27490276970172417,0.2748978277100569,92.4373364199751,88.32566772925442,0,-1
2023-06-30 09:18:00,2023-06-30 09:18:59,0.2739,0.2738,0.2737,0.274,0.2737348033284839,0.27385,0.2737,0.274,True,0.0004919484627610807,4.9279781175603425e-05,0,0.2747317638886698,0.2746557010801462,-0.1011170638422314,-0.0,0.274892294381309,0.2748869040512503,98.66758064673895,93.62637425753934,0,-1
2023-06-30 09:19:00,2023-06-30 09:19:59,0.2738,0.2735,0.2735,0.2738,0.2737924016642419,0.27365,0.2735,0.2738,True,0.00047823785827814404,4.0912504033547366e-05,0,0.27469373248440804,0.27462050249756303,-2.9581187269706177,-0.0,0.27487993324318655,0.2748731040109394,92.15280407150988,94.41924037940805,0,-1
2023-06-30 09:20:00,2023-06-30 09:20:59,0.2736,0.2726,0.2724,0.2736,0.2737212008321209,0.27305,0.2724,0.2737212008321209,True,0.0005297922969725648,-2.4908122422746012e-05,0,0.2746571174909856,0.27458201508865065,-10.901933173737518,-0.0,0.27486172495220956,0.27485048606058177,70.59352532421093,87.13797001415332,0,-2
2023-06-30 09:21:00,2023-06-30 09:21:59,0.2727,0.2726,0.2725,0.273,0.27338560041606047,0.27270000000000005,0.2725,0.27338560041606047,True,0.0005276642757602387,-6.316393415001502e-05,0,0.27461956628981815,0.2745388010559828,-16.19780947158212,-16.19780947158212,0.27484021525119257,0.27482809316445656,38.59261134413851,67.11298024661984,0,-2
2023-06-30 09:22:00,2023-06-30 09:22:59,0.2726,0.2727,0.2726,0.2731,0.2730428002080303,0.27275000000000005,0.2726,0.2731,True,0.0005256882560630788,-7.49203738130721e-05,0,0.27457918367290046,0.2744925052665857,-18.050696677034715,-18.050696677034715,0.27481941708948915,0.2748069181080938,14.222802200134382,41.13631295616135,0,-2
2023-06-30 09:23:00,2023-06-30 09:23:59,0.2728,0.2732,0.2727,0.2733,0.27289640010401517,0.273,0.2727,0.2733,True,0.0005309962377728581,-4.146542767693615e-05,0,0.2745358444697431,0.2744458160926584,-12.534609187198846,-12.534609187198846,0.27480131343685743,0.2747909288731874,16.765053272765204,23.19348893901277,0,-1
2023-06-30 09:24:00,2023-06-30 09:24:59,0.2732,0.2734,0.2731,0.2734,0.2729482000520076,0.273275,0.2731,0.2734,True,0.0005144965065033659,-7.857253197598741e-07,0,0.27449083028120075,0.27440102433416225,-6.8088079575007185,-0.0,0.27478612623848075,0.274777088784897,42.78581679794465,24.591224090281486,0,-1
2023-06-30 09:25:00,2023-06-30 09:25:59,0.2735,0.2739,0.2735,0.274,0.27311160002600376,0.273725,0.2735,0.274,True,0.0005206038988959858,6.331127887263996e-05,0,0.2744459273076815,0.2743611212218357,0.9937788015809943,0.0,0.27477556776844614,0.27476836153330597,73.67040251717786,44.40709086262931,0,-1
2023-06-30 09:26:00,2023-06-30 09:26:59,0.2739,0.2741,0.2739,0.2743,0.2734183000130019,0.27405,0.2739,0.2743,True,0.0005119893346891305,0.0001189956669548879,0,0.2744035242647586,0.2743275705984305,7.446002562599169,7.446002562599169,0.2747683481886606,0.2747617111697905,92.68743019184599,69.71454983565624,0,-1
2023-06-30 09:27:00,2023-06-30 09:27:59,0.2741,0.2742,0.2739,0.2742,0.2737341500065009,0.2741,0.2739,0.2742,True,0.0004968472393541941,0.00015968950431250785,0,0.2743655474315946,0.27429959458035724,12.371463459114459,12.371463459114459,0.27476169795792765,0.2747561220039219,99.99999999999989,88.78594423634132,0,2
2023-06-30 09:28:00,2023-06-30 09:28:59,0.2742,0.274,0.274,0.2744,0.27391707500325047,0.27415,0.274,0.2744,True,0.00048992957940032,0.00016803227535412007,0,0.2743325710059759,0.2742765424866745,12.487279011262551,12.487279011262551,0.2747556114110826,0.27474859840189286,99.99999999999989,97.56247673061533,0,2
2023-06-30 09:29:00,2023-06-30 09:29:59,0.2741,0.2743,0.274,0.2745,0.27403353750162524,0.274225,0.274,0.2745,True,0.00049064889515744,0.0001890958941668742,0,0.2743045567463252,0.2742580397749299,14.944240658277636,14.944240658277636,0.27475033169554947,0.2747441347362024,99.99999999999989,99.99999999999996,0,2
2023-06-30 09:30:00,2023-06-30 09:30:59,0.2742,0.2744,0.2741,0.2746,0.2741292687508126,0.274325,0.2741,0.2746,True,0.0004913168312176229,0.00020341520327491044,0,0.2742812982606275,0.2742439318782052,17.297071164032346,17.297071164032346,0.27474609953937484,0.2747407105099715,99.99999999999989,99.99999999999996,1,2
2023-06-30 09:31:00,2023-06-30 09:31:59,0.2745,0.2745,0.2742,0.2746,0.2742271343754063,0.27445,0.2742,0.2746,True,0.000484794200416365,0.00021239909549020206,0,0.27426261506941635,0.27423423847836054,19.59974028551393,19.59974028551393,0.27474315327530147,0.27473831538051907,99.99999999999989,99.99999999999996,0,2
2023-06-30 09:32:00,2023-06-30 09:32:59,0.2744,0.2747,0.2744,0.2748,0.27433856718770316,0.27457499999999996,0.2744,0.2748,True,0.0004787374718151969,0.00022404048775293085,0,0.27424842677388844,0.2742289447829195,22.50034348771048,22.50034348771048,0.27474148010838306,0.2747379341329517,99.99999999999989,99.99999999999996,0,2
2023-06-30 09:33:00,2023-06-30 09:33:59,0.2747,0.2741,0.2741,0.2748,0.27445678359385156,0.274425,0.2741,0.2748,True,0.0004945419381141099,0.00018165443714841586,0,0.27423868577840393,0.27422612216655734,14.939974202631873,14.939974202631873,0.2747383310525783,0.27473158652963875,96.37629566707365,98.79209855569121,0,1
2023-06-30 09:34:00,2023-06-30 09:34:59,0.274,0.274,0.2738,0.2741,0.27444089179692577,0.273975,0.2738,0.27444089179692577,True,0.00048064608539167506,0.00014023017361172003,0,0.2742324039724806,0.2742221769357229,8.773536984082476,8.773536984082476,0.27473073571872175,0.27472430706168216,83.47516428686988,93.28381998464788,0,1
2023-06-30 09:35:00,2023-06-30 09:35:59,0.2741,0.2742,0.2741,0.2743,0.27420794589846287,0.274175,0.2741,0.2743,True,0.00046774279357798164,0.0001216300810995716,0,0.27422729045410177,0.27421874714379174,7.1616083408492415,7.1616083408492415,0.27472520601007777,0.27471909007599377,73.73096562279216,84.52747519224529,0,1
2023-06-30 09:36:00,2023-06-30 09:36:59,0.2742,0.2741,0.2741,0.2744,0.2741914729492314,0.2742,0.2741,0.2744,True,0.00045576116546526633,9.785161175261049e-05,0,0.2742230187989467,0.27421591821914065,4.693972106130083,4.693972106130083,0.2747199800796292,0.2747129299757351,66.00817128194306,74.40476706386845,0,1
2023-06-30 09:37:00,2023-06-30 09:37:59,0.2742,0.2741,0.2741,0.2745,0.2741957364746157,0.274225,0.2741,0.2745,True,0.00045177822507489097,7.849015313004576e-05,0,0.27421946850904366,0.27421375329754305,3.04888128298397,3.04888128298397,0.27471505490470755,0.2747068311700064,65.14495476649053,68.29469722374199,0,1
2023-06-30 09:38:00,2023-06-30 09:38:59,0.2742,0.2744,0.2741,0.2744,0.2742103682373078,0.274275,0.2741,0.2744,True,0.000440936923283825,8.329699851707546e-05,0,0.27421661090329336,0.2742124690570568,6.151883816156783,6.151883816156783,0.2747106762489393,0.27470377812353863,55.404620723103896,62.18591559051257,0,2
2023-06-30 09:39:00,2023-06-30 09:39:59,0.2744,0.2745,0.2743,0.2745,0.27424268411865393,0.274425,0.2743,0.2745,True,0.0004237271430492685,8.966329393042325e-05,0,0.2742145399801751,0.27421291615377824,9.364429904040612,9.364429904040612,0.2747078336991986,0.27470175048051837,54.596808028051136,58.382127839215265,0,2
2023-06-30 09:40:00,2023-06-30 09:40:59,0.2744,0.2743,0.2742,0.2749,0.274333842059327,0.27444999999999997,0.2742,0.2749,True,0.0004434609185457478,7.60341702296979e-05,0,0.27421372806697664,0.27421489480348665,7.569332204957831,7.569332204957831,0.2747052681897538,0.2746977529632993,57.424460263273524,55.80862967147627,0,1
2023-06-30 09:41:00,2023-06-30 09:41:59,0.2743,0.2742,0.2742,0.2744,0.2743919210296635,0.274275,0.2742,0.2744,True,0.00042607085293533566,5.682232124304717e-05,0,0.2742143114352316,0.274216864993885,4.623007779715444,4.623007779715444,0.2747009869142339,0.2746928001974953,54.18350262428709,55.401590305203996,0,1
2023-06-30 09:42:00,2023-06-30 09:42:59,0.2742,0.2744,0.2742,0.2745,0.27433346051483176,0.274325,0.2742,0.2745,True,0.00041706579201138474,5.5342299705654316e-05,0,0.27421558821455827,0.27421915805978087,5.892414837113684,5.892414837113684,0.2746972457509082,0.27468988676269435,46.40272867903704,52.6702305221993,0,2
2023-06-30 09:43:00,2023-06-30 09:43:59,0.2743,0.2745,0.2742,0.2745,0.27432923025741585,0.274375,0.2742,0.2745,True,0.0004087039497248589,5.844539973964144e-05,0,0.27421737313716954,0.2742220326481292,8.151375271605012,8.151375271605012,0.27469403932552605,0.27468799734217003,40.265373095740266,46.95053479968822,0,2
2023-06-30 09:44:00,2023-06-30 09:44:59,0.2745,0.2745,0.2744,0.2747,0.27435211512870794,0.274525,0.2744,0.2747,True,0.0004009393818873706,5.741974139254482e-05,0,0.27421970289264935,0.2742263745099806,9.657348894599231,9.657348894599231,0.2746923573421875,0.27468612672184994,54.26057749542997,46.976226423402515,0,2
2023-06-30 09:45:00,2023-06-30 09:45:59,0.2745,0.2746,0.2742,0.2746,0.274438557564354,0.274475,0.2742,0.2746,True,0.0004008722831811306,6.0534160668699347e-05,0,0.274223038701315,0.27423149872361674,12.254330797887341,12.254330797887341,0.2746901945825637,0.274685269739543,61.519037989594246,52.014996193588246,0,2
2023-06-30 09:46:00,2023-06-30 09:46:59,0.2746,0.2742,0.2742,0.2748,0.274456778782177,0.27444999999999997,0.2742,0.2748,True,0.0004150956915253348,3.1800890227405194e-05,0,0.27422726871246583,0.2742370322041734,5.428536422637592,5.428536422637592,0.2746878045867173,0.2746804411849207,70.48093230298113,62.08684926266853,0,1
2023-06-30 09:47:00,2023-06-30 09:47:59,0.2742,0.2741,0.2739,0.2742,0.2744533893910885,0.2741,0.2739,0.2744533893910885,True,0.0004068745707020982,4.2866874085842164e-06,0,0.2742321504583196,0.2742404485656808,-0.5491053599041891,-0.0,0.27468195578485943,0.2746746656507424,45.87788491640888,59.29261840299483,0,1
2023-06-30 09:48:00,2023-06-30 09:48:59,0.274,0.274,0.2737,0.2742,0.2742766946955443,0.273975,0.2737,0.2742766946955443,True,0.0004135263870805198,-2.121101799202597e-05,0,0.2742362995120002,0.27424131703166565,-5.902912372635285,-0.0,0.27467492139894045,0.27466795255969023,25.2211764029894,47.19333120745989,0,1
2023-06-30 09:49:00,2023-06-30 09:49:59,0.2741,0.2741,0.274,0.2743,0.2741258473477721,0.274125,0.274,0.2743,True,0.0004054173594319089,-3.05112851982047e-05,0,0.2742388082718329,0.2742412027225068,-6.893212840114607,-6.893212840114607,0.2746694495442246,0.27466230129043956,9.144545725494744,26.747869014964426,0,1
2023-06-30 09:50:00,2023-06-30 09:50:59,0.2741,0.2739,0.2738,0.2742,0.27412542367388604,0.274,0.2738,0.2742,True,0.00040503040518677336,-4.9443463982520015e-05,0,0.2742400054971698,0.2742394578189151,-10.541782033497896,-10.541782033497896,0.27466278835472985,0.2746547162029725,11.60433695789319,15.32335302879253,0,1
2023-06-30 09:51:00,2023-06-30 09:51:59,0.274,0.2742,0.2739,0.2742,0.27406271183694303,0.274075,0.2739,0.2742,True,0.0003975282333877197,-3.93865139577325e-05,0,0.27423973165804244,0.27423695568851336,-6.601678674876965,-6.601678674876965,0.27465693971438426,0.2746501916636394,18.746786607731718,13.16522309703997,0,2
2023-06-30 09:52:00,2023-06-30 09:52:59,0.2742,0.2742,0.274,0.2742,0.2740688559184715,0.27415,0.274,0.2742,True,0.00038341907386002386,-3.154586532611548e-05,0,0.2742383436732779,0.2742343891351541,-3.9749431024630084,-0.0,0.27465189553812175,0.2746457121445982,21.397178601329774,17.249434055651648,0,2
2023-06-30 09:53:00,2023-06-30 09:53:59,0.2742,0.2743,0.2741,0.2743,0.27410942795923576,0.274225,0.2741,0.2743,True,0.0003703177114414491,-1.8581506202601534e-05,0,0.27423636640421595,0.2742323040501926,-0.2887310063890567,-0.0,0.2746476478213245,0.2746422722227614,35.342309330629064,25.16209151323027,0,2
2023-06-30 09:54:00,2023-06-30 09:54:59,0.2743,0.2746,0.2743,0.2746,0.27416721397961785,0.27444999999999997,0.2743,0.2746,True,0.0003652950177670615,1.085803820268459e-05,0,0.27423433522720425,0.2742321560738666,6.462958211953101,6.462958211953101,0.2746456811763362,0.2746418516036294,57.19588092459295,37.978456285517346,0,2
2023-06-30 09:55:00,2023-06-30 09:55:59,0.2745,0.2748,0.2745,0.2751,0.2743086069898089,0.274725,0.2745,0.2751,True,0.0003820596593551278,4.275264850545478e-05,0,0.2742332456505354,0.27423542100451986,12.902680737613757,12.902680737613757,0.2746464704183627,0.2746434252195137,78.73427653883336,57.09082226468521,0,2
2023-06-30 09:56:00,2023-06-30 09:56:59,0.2749,0.2746,0.2746,0.275,0.2745168034949045,0.274775,0.2746,0.275,True,0.0003833411122583338,4.730415948351093e-05,0,0.2742343333275276,0.2742416935931164,12.432772817395609,12.432772817395609,0.2746477493196725,0.27464299312777724,95.66268791046896,77.19761512463184,0,2
2023-06-30 09:57:00,2023-06-30 09:57:59,0.2747,0.2749,0.2746,0.2749,0.27464590174745224,0.274775,0.2746,0.2749,True,0.0003773881756684505,6.818164916526903e-05,1,0.274238013460322,0.27425029109533483,15.372029244090001,15.372029244090001,0.27464901549559617,0.2746455504100879,99.99999999999987,91.46565481643414,0,2
2023-06-30 09:58:00,2023-06-30 09:58:59,0.2749,0.2749,0.2747,0.2749,0.27471045087372614,0.27485,0.2747,0.2749,True,0.000364717591692131,7.799428162455362e-05,0,0.27424415227782845,0.2742611746101495,17.33153352855294,17.33153352855294,0.2746510153414111,0.2746480822468035,99.99999999999987,98.55422930348965,0,2
2023-06-30 09:59:00,2023-06-30 09:59:59,0.2749,0.2751,0.2748,0.2751,0.2747802254368631,0.27497499999999997,0.2748,0.2751,True,0.0003600949065712661,9.379952610941608e-05,0,0.27425266344398896,0.2742746408792049,20.51294766318418,20.51294766318418,0.27465423906935726,0.27465257894086514,99.99999999999987,99.99999999999996,0,2
2023-06-30 10:00:00,2023-06-30 10:00:59,0.2751,0.2754,0.2747,0.2754,0.27487761271843153,0.27515,0.2747,0.2754,True,0.00038437384181617414,0.00011947355526802734,0,0.2742636521615969,0.2742912488620173,24.641549426591368,24.641549426591368,0.2746591720139408,0.27466001596632916,99.99999999999989,99.99999999999996,0,2
2023-06-30 10:01:00,2023-06-30 10:01:59,0.2753,0.2759,0.2753,0.276,0.2750138063592158,0.275625,0.2753,0.276,True,0.00040691856740073554,0.00016389457115918948,0,0.2742774505118071,0.2743134753948866,29.346370209337707,29.346370209337707,0.2746687822426578,0.27467235411591795,99.99999999999989,99.99999999999996,0,2
2023-06-30 10:02:00,2023-06-30 10:02:59,0.276,0.2759,0.2756,0.2761,0.2753194031796079,0.27590000000000003,0.2756,0.2761,True,0.0004135672411578259,0.0001838883776428842,0,0.27429546295334684,0.2743418597465289,32.482917397835266,32.482917397835266,0.27468103316561643,0.27468456949784914,99.99999999999989,99.99999999999996,0,2
2023-06-30 10:03:00,2023-06-30 10:03:59,0.2759,0.2756,0.2753,0.2759,0.27560970158980397,0.275675,0.2753,0.2759,True,0.00042688386678940905,0.00016631990987137226,0,0.2743186613499379,0.274373353706079,27.818140439585946,27.818140439585946,0.274690923382874,0.27469367825906454,92.6049021786094,97.5349673928698,0,1
2023-06-30 10:04:00,2023-06-30 10:04:59,0.2755,0.2761,0.2755,0.2761,0.27564235079490196,0.27580000000000005,0.2755,0.2761,True,0.00043924930487587905,0.00017984067042440383,0,0.2743460075280085,0.2744079374326814,28.001407745182846,28.001407745182846,0.2747019589711041,0.27470767151021813,86.25617964191146,92.95369394017365,0,2
2023-06-30 10:05:00,2023-06-30 10:05:59,0.276,0.276,0.2758,0.2762,0.275721175397451,0.276,0.2758,0.2762,True,0.0004364457830990314,0.00017141803968095373,0,0.2743769724803449,0.27444608868616294,26.295560913838358,26.295560913838358,0.2747148748022374,0.2747205305001662,81.8986513862452,86.91991106892209,0,2
2023-06-30 10:06:00,2023-06-30 10:06:59,0.276,0.2761,0.2758,0.2761,0.2758605876987255,0.276,0.2758,0.2761,True,0.00042669965573481644,0.00016262091318623533,0,0.27441153058325396,0.27448678692047407,25.858548420908107,25.858548420908107,0.274727662117638,0.2747342565648412,84.61755189708784,84.25746097508157,0,2
2023-06-30 10:07:00,2023-06-30 10:07:59,0.2761,0.2762,0.276,0.2763,0.27593029384936274,0.27615,0.276,0.2763,True,0.0004176496803251843,0.0001537111332187243,0,0.27444915875186404,0.2745302403370554,26.276442607197126,26.276442607197126,0.2747418147333829,0.27474884107663383,87.53169741521083,84.68263356618137,0,2
2023-06-30 10:08:00,2023-06-30 10:08:59,0.2762,0.2765,0.2762,0.2765,0.2760401469246814,0.27635,0.2762,0.2765,True,0.0004092461317305299,0.00015859187903189624,0,0.27448969954445973,0.27457693700405816,28.34349395610907,28.34349395610907,0.2747578165768318,0.274766265543533,91.21086372967731,87.7867043473254,0,2
2023-06-30 10:09:00,2023-06-30 10:09:59,0.2765,0.2764,0.2763,0.2767,0.2761950734623407,0.27647499999999997,0.2763,0.2767,True,0.0004085856937497786,0.00014448198944952482,0,0.274533318274259,0.2746267243490634,27.364605798432393,27.364605798432393,0.2747749029790524,0.27478252160777644,95.88706104022516,91.54320739503784,0,1
2023-06-30 10:10:00,2023-06-30 10:10:59,0.2765,0.2766,0.2765,0.2768,0.2763350367311703,0.2766,0.2765,0.2768,True,0.0004079724299105095,0.0001390631175935969,0,0.2745800213116612,0.27467946104539465,28.110883982611,28.110883982611,0.27479306314841506,0.27480060596988815,99.3216380588001,95.4731876095676,0,2
2023-06-30 10:11:00,2023-06-30 10:11:59,0.2766,0.2765,0.2763,0.2767,0.27646751836558514,0.276525,0.2763,0.2767,True,0.00040740297063118823,0.00011870808064071744,0,0.27462974117852795,0.2747336433771862,26.143993681185535,26.143993681185535,0.2748102963509184,0.2748175153632226,93.98504873237168,96.39791594379905,0,1
2023-06-30 10:12:00,2023-06-30 10:12:59,0.2766,0.2769,0.2764,0.2769,0.2764962591827926,0.2767,0.2764,0.2769,True,0.00041401704415753194,0.0001237021605158975,0,0.2746816922778571,0.2747897928056314,27.688996204970508,27.688996204970508,0.2748290993723023,0.2748382366033895,91.0443401125468,94.78367563457294,0,2
2023-06-30 10:13:00,2023-06-30 10:13:59,0.2769,0.2772,0.2768,0.2774,0.2765981295913963,0.27707499999999996,0.2768,0.2774,True,0.0004273015410034218,0.00013780189085116508,0,0.2747357425417443,0.2748496785971132,30.110768005788017,30.110768005788017,0.27485144664222966,0.2748617367366891,91.0443401125468,92.02457631915519,0,2
2023-06-30 10:14:00,2023-06-30 10:14:59,0.2772,0.2773,0.2769,0.2776,0.2768365647956981,0.27725,0.2769,0.2776,True,0.0004467800023603227,0.00014321638544294703,0,0.2747927105694288,0.2749132958593802,32.12622105550963,32.12622105550963,0.27487531284479455,0.2748859980626922,97.059291380175,93.04932386842296,0,2
2023-06-30 10:15:00,2023-06-30 10:15:59,0.2773,0.2767,0.2767,0.2774,0.27704328239784903,0.27702499999999997,0.2767,0.2774,True,0.0004648671450488695,9.453868682477763e-05,0,0.2748530032144045,0.27497787071348484,22.978203122084338,22.978203122084338,0.2748967027667369,0.2749040478332127,78.89366395197574,88.99909848156592,0,1
2023-06-30 10:16:00,2023-06-30 10:16:59,0.2767,0.2768,0.2765,0.277,0.2770341411989245,0.27675000000000005,0.2765,0.2770341411989245,True,0.000467376634688236,6.091990986217409e-05,0,0.27491543696394466,0.2750408696417526,17.908076346768098,0.0,0.27491514353522706,0.27492291302890215,45.5603306186424,73.83776198359779,0,1
2023-06-30 10:17:00,2023-06-30 10:17:59,0.2769,0.277,0.2767,0.2772,0.2768920705994623,0.27695000000000003,0.2767,0.2772,True,0.0004697068750676477,4.5304282992916236e-05,0,0.27497815330284864,0.27510356780557405,16.505314030772325,0.0,0.27493539086323476,0.27494358056095286,17.250525753847608,47.23484010815533,0,1
2023-06-30 10:18:00,2023-06-30 10:18:59,0.2769,0.2767,0.2765,0.277,0.27692103529973117,0.276775,0.2765,0.277,True,0.0004718706697056729,7.669673091636542e-06,0,0.27504086055421134,0.2751643983132443,11.285122592009834,0.0,0.2749536954317598,0.2749610573712916,5.023528468538409,22.611461613676216,0,1
2023-06-30 10:19:00,2023-06-30 10:19:59,0.2768,0.2766,0.2765,0.2769,0.27684801764986555,0.2767,0.2765,0.2769,True,0.0004667370504409788,-2.8809402412069245e-05,0,0.2751026294337278,0.2752228264603586,6.539075002468074,0.0,0.2749710715966179,0.2749773652581444,5.023528468538409,9.09919423030822,0,1
2023-06-30 10:20:00,2023-06-30 10:20:59,0.2767,0.2768,0.2765,0.2769,0.27677400882493275,0.276725,0.2765,0.2769,True,0.00046197011826662005,-4.228508918076236e-05,0,0.2751627279470432,0.2752791338594736,6.0582319500038935,0.0,0.2749885236205321,0.27499550092721764,0.6280904407759967,3.5583824592843487,0,1
2023-06-30 10:21:00,2023-06-30 10:21:59,0.2768,0.2766,0.2766,0.2768,0.2767495044124664,0.2767,0.2766,0.2768,True,0.0004432579669618599,-6.76428846606231e-05,0,0.27522093090325844,0.2753332137235489,2.904348852439256,0.0,0.2750055532362482,0.27501146609212096,0.6280904407759967,2.093236450030211,0,1
2023-06-30 10:22:00,2023-06-30 10:22:59,0.2767,0.277,0.2767,0.2772,0.27672475220623316,0.27690000000000003,0.2767,0.2772,True,0.0004544538264645834,-5.829101938827422e-05,0,0.2752770723134037,0.27538654100093546,5.611809191331979,0.0,0.27502440345280293,0.27503125249916455,5.819443204046306,2.358541361866177,0,1
2023-06-30 10:23:00,2023-06-30 10:23:59,0.2771,0.2772,0.277,0.2774,0.2768123761031166,0.277175,0.277,0.2774,True,0.00045056426743139575,-4.05372922673092e-05,0,0.2753318066571696,0.2754407966721476,9.229146209213539,0.0,0.2750458024234218,0.2750528320762873,16.522773777739292,7.6567691408539424,0,2
2023-06-30 10:24:00,2023-06-30 10:24:59,0.2772,0.2771,0.2769,0.2773,0.27699368805155833,0.27712499999999995,0.2769,0.2773,True,0.0004469525340434397,-3.865385561415248e-05,0,0.2753863016646586,0.2754950679695709,9.929491667704738,0.0,0.2750664909565221,0.27507320190637397,25.317976416940713,15.88673113290885,0,1
2023-06-30 10:25:00,2023-06-30 10:25:59,0.2772,0.277,0.277,0.2774,0.27705934402577914,0.27715,0.277,0.2774,True,0.0004435987816117623,-4.70525016998877e-05,0,0.27544068481711476,0.27554915073739084,8.66227247400154,0.0,0.2750872223897905,0.27509237402670855,29.50253159280835,23.781093929162864,0,1
2023-06-30 10:26:00,2023-06-30 10:26:59,0.277,0.277,0.2769,0.2772,0.2771046720128896,0.27702499999999997,0.2769,0.2772,True,0.00043334172578235236,-5.4787783696757164e-05,0,0.2754949177772528,0.2756018563762927,7.8174596781994055,0.0,0.27510650375904633,0.2751113553796766,20.85269637516813,25.224401461639143,0,1
2023-06-30 10:27:00,2023-06-30 10:27:59,0.277,0.2768,0.2768,0.2771,0.27706483600644477,0.276925,0.2768,0.2771,True,0.00042381731679790025,-7.537171839920565e-05,0,0.27554838707677276,0.2756524300688326,3.580999032943801,0.0,0.2751245982490061,0.2751281578137097,12.05749373596671,20.804240567981143,0,1
2023-06-30 10:28:00,2023-06-30 10:28:59,0.2769,0.2773,0.2769,0.2774,0.2769949180032224,0.27712499999999995,0.2769,0.2774,True,0.000436401794169478,-5.521546787509138e-05,0,0.2756004085728027,0.2757023504883875,7.5390134533039515,0.0,0.27514450274404084,0.27514976818372255,10.928952583937109,14.613047565024063,0,2
2023-06-30 10:29:00,2023-06-30 10:29:59,0.2773,0.2775,0.2772,0.2777,0.2770599590016112,0.277425,0.2772,0.2777,True,0.0004409445231573725,-3.010569583554261e-05,0,0.2756513795305951,0.27575347239339976,11.917007305640446,0.0,0.2751671942590255,0.2751731535749293,39.37116803465175,20.785871451518606,0,2
2023-06-30 10:30:00,2023-06-30 10:30:59,0.2775,0.2773,0.2772,0.2776,0.2772424795008056,0.2774,0.2772,0.2776,True,0.0004380199143604181,-3.03001172900926e-05,0,0.27570242596199745,0.2758050179591408,11.220869902713822,0.0,0.27518941123157253,0.275194316225925,67.31647129647807,39.205530638355725,0,1
2023-06-30 10:31:00,2023-06-30 10:31:59,0.2772,0.2776,0.2772,0.2776,0.2773212397504028,0.2774,0.2772,0.2776,True,0.00043530420619181765,-1.2510561465263145e-05,0,0.27575372196056913,0.2758565434185552,13.654798265351886,0.0,0.2752114071397161,0.27521825337790584,87.32432086101494,64.67065339738167,0,2
2023-06-30 10:32:00,2023-06-30 10:32:59,0.2776,0.2781,0.2775,0.2786,0.2773606198752014,0.27795000000000003,0.2775,0.2786,True,0.00048278247717811567,2.984218257002266e-05,0,0.27580513268956214,0.2759114731135757,18.447074142268363,18.447074142268363,0.27523865681991794,0.2752469274736481,89.53385294680474,81.39154836809934,0,2
2023-06-30 10:33:00,2023-06-30 10:33:59,0.2781,0.2784,0.2781,0.2788,0.2776553099376007,0.27835,0.2781,0.2788,True,0.0004982980145225344,7.241122029971096e-05,0,0.27585830290156893,0.27597145053649186,22.95012448613268,22.95012448613268,0.27526961545852574,0.2752783013296317,94.92188301831175,90.59335227537723,0,2
2023-06-30 10:34:00,2023-06-30 10:34:59,0.2784,0.2786,0.2782,0.2786,0.27800265496880033,0.27845,0.2782,0.2786,True,0.0004912767277709256,0.00010623347034792213,0,0.2759148767190304,0.27603567666852025,26.7042629256254,26.7042629256254,0.27530126107585384,0.2753113530576951,99.99999999999987,94.81857865503888,0,2
2023-06-30 10:35:00,2023-06-30 10:35:59,0.2785,0.2782,0.2781,0.2785,0.2782263274844001,0.278325,0.2781,0.2785,True,0.0004918998186444309,9.156580485568475e-05,0,0.27597527669377536,0.2761019495466111,22.72727242901837,22.72727242901837,0.27533134803032294,0.27534009581333996,92.68862752106645,95.87017017979277,0,1
2023-06-30 10:36:00,2023-06-30 10:36:59,0.2781,0.2785,0.2781,0.2786,0.27827566374220003,0.278325,0.2781,0.2786,True,0.0004924784030269716,9.405697763641488e-05,0,0.27603861312019323,0.27616937913984824,22.09579143294833,22.09579143294833,0.2753611356121108,0.27537153764604305,85.37725504213302,92.68862752106652,0,2
2023-06-30 10:37:00,2023-06-30 10:37:59,0.2785,0.2786,0.2783,0.2789,0.27830033187110004,0.278575,0.2783,0.2789,True,0.0005001585170964729,9.366216793051108e-05,0,0.27610399613002073,0.2762389720502023,22.30069917025348,22.30069917025348,0.275393114362239,0.27540366164956503,82.3397315489902,86.80187137072996,0,2
2023-06-30 10:38:00,2023-06-30 10:38:59,0.2786,0.2795,0.2783,0.2801,0.27843766593555,0.279125,0.2783,0.2801,True,0.0005930043373038692,0.0001461234333826611,0,0.27617148409011155,0.2763135642588674,26.167984045672668,26.167984045672668,0.2754302475526645,0.2754444212351415,89.65110402792362,85.78936353968236,0,2
2023-06-30 10:39:00,2023-06-30 10:39:59,0.2795,0.2787,0.2784,0.2797,0.278781332967775,0.279075,0.2784,0.2797,True,0.0006435040274964517,0.00011359236827033212,0,0.27624252417448947,0.2763912376151998,20.234804122631175,0.0,0.2754665137461703,0.2754768150536973,94.44694667912302,88.81259408534568,0,1
2023-06-30 10:40:00,2023-06-30 10:40:59,0.2786,0.2787,0.2783,0.2788,0.2789281664838875,0.2786,0.2783,0.2789281664838875,True,0.0006332537398181338,8.224342400498408e-05,0,0.27631688089484463,0.276467544853786,16.279350840603513,0.0,0.2754976927138701,0.2755088865457003,73.90790781685244,86.0019861746331,0,1
2023-06-30 10:41:00,2023-06-30 10:41:59,0.2786,0.2783,0.2783,0.2788,0.2787640832419438,0.27849999999999997,0.2783,0.2788,True,0.00062373561554541,2.5503414268172246e-05,0,0.2763922128743153,0.27654156688311005,10.145434126015708,0.0,0.2755275664182097,0.27553665881887746,40.76394138808311,69.70626529468628,0,1
2023-06-30 10:42:00,2023-06-30 10:42:59,0.2783,0.278,0.2777,0.2784,0.2786320416209719,0.2781,0.2777,0.2786320416209719,True,0.0006291830715778792,-3.828968130247185e-05,0,0.2764668898787127,0.27661053745588415,3.8340286984538565,0.0,0.27555316277225733,0.27556116967640104,9.946137882483805,41.53932902913987,0,1
2023-06-30 10:43:00,2023-06-30 10:43:59,0.278,0.2783,0.2779,0.2784,0.27836602081048595,0.27815,0.2779,0.2784,True,0.0006199557093223164,-6.257326206608076e-05,0,0.27653871366729843,0.2766754008230879,2.4319207575618904,0.0,0.27557900194865276,0.27558842171942194,1.148792724659951,17.286290665075704,0,1
2023-06-30 10:44:00,2023-06-30 10:44:59,0.2783,0.2785,0.2783,0.2786,0.278258010405243,0.278425,0.2783,0.2786,True,0.0005971017300850098,-6.697743124338157e-05,0,0.2766070572451932,0.2767384723192357,3.2226400478950055,0.0,0.27560732033722335,0.2756173926475869,6.967497226902641,6.020809278015547,0,1
2023-06-30 10:45:00,2023-06-30 10:45:59,0.2786,0.2785,0.2783,0.2787,0.27834150520262146,0.278525,0.2783,0.2787,True,0.0005830230350789385,-7.193614887482738e-05,0,0.2766727647822145,0.2768003864315083,3.7497862414504155,0.0,0.27563635197565894,0.2756460753078099,14.699465143001845,7.605251698188226,0,1
2023-06-30 10:46:00,2023-06-30 10:46:59,0.2784,0.2779,0.2777,0.2784,0.27843325260131074,0.2781,0.2777,0.27843325260131074,True,0.0005985213897161588,-0.00011805617312526115,0,0.2767365756068614,0.27685804857869023,-1.5152363035820926,-0.0,0.2756608658863489,0.27566850241917495,13.740039322905757,11.802333897603495,0,1
2023-06-30 10:47:00,2023-06-30 10:47:59,0.278,0.2775,0.2775,0.278,0.27826662630065535,0.27775000000000005,0.2775,0.27826662630065535,True,0.000591484147593576,-0.00017481051669174133,0,0.2767973120927758,0.27690956612798995,-7.522729618151246,-7.522729618151246,0.27568165329046485,0.27568672627570057,7.731967916099067,12.05715746066897,0,-2
2023-06-30 10:48:00,2023-06-30 10:48:59,0.2775,0.2778,0.2774,0.2779,0.2780083131503277,0.27765,0.2774,0.2780083131503277,True,0.0005849495656226063,-0.00018760671411028793,0,0.2768534391103829,0.2769552064206428,-8.03087166749085,-8.03087166749085,0.2757012388298632,0.27570775387494734,-1.3737159558028603e-13,7.157335746334976,0,-2
2023-06-30 10:49:00,2023-06-30 10:49:59,0.2778,0.278,0.2778,0.2782,0.2778291565751638,0.27795000000000003,0.2778,0.2782,True,0.0005717388823638496,-0.00017795894741832997,0,0.27690432276551286,0.27699796468590027,-6.2499993446680335,-6.2499993446680335,0.2757236145628994,0.2757305622941021,4.653284232315406,4.128417382804859,0,-2
2023-06-30 10:50:00,2023-06-30 10:50:59,0.2781,0.2783,0.2779,0.2784,0.27788957828758193,0.278175,0.2779,0.2784,True,0.0005666146764807176,-0.00014708594782651945,0,0.27695114372570656,0.2770397042828292,-2.2110760310272397,-0.0,0.2757480064577959,0.27575612883843936,12.454784699574686,5.7026896439633985,0,-1
2023-06-30 10:51:00,2023-06-30 10:51:59,0.2784,0.2782,0.278,0.2785,0.27803228914379097,0.278275,0.278,0.2785,True,0.0005618564853035235,-0.0001310647511941008,0,0.27699542400426785,0.2770810416033422,-0.6541805145739517,-0.0,0.2757731506721462,0.275780445964425,21.606918409223226,12.904995780371186,0,-2
2023-06-30 10:52:00,2023-06-30 10:52:59,0.2782,0.2783,0.2782,0.2785,0.2781536445718955,0.2783,0.2782,0.2785,True,0.0005431524506389877,-0.0001114367498728458,0,0.277038232803805,0.2771219501174109,1.4644052364443425,0.0,0.27579829345152784,0.27580551615383375,26.889224484537518,20.316975864445222,0,-1
2023-06-30 10:53:00,2023-06-30 10:53:59,0.2783,0.2785,0.2783,0.2786,0.27822682228594775,0.278425,0.2783,0.2786,True,0.0005257844184504901,-8.3319015702084e-05,0,0.27708009146060797,0.27716309798617234,4.953601440368168,0.0,0.27582442983509475,0.27583232693837273,38.21177676974602,28.902639887835665,0,-1
2023-06-30 10:54:00,2023-06-30 10:54:59,0.2785,0.2781,0.2781,0.2785,0.2783259111429739,0.2783,0.2781,0.2785,True,0.0005167998171325989,-9.198166433233582e-05,0,0.27712159472339015,0.2772032943494945,2.0699043475917023,0.0,0.27584906237404905,0.2758548908494337,45.82025056276289,36.97375060568222,0,-2
2023-06-30 10:55:00,2023-06-30 10:55:59,0.2782,0.2781,0.2778,0.2782,0.27831295557148694,0.278075,0.2778,0.27831295557148694,True,0.0005084569730516998,-9.645627555446192e-05,0,0.27716244453644234,0.27724092205681333,0.14743961907405634,0.0,0.27587121100714307,0.2758772302439667,45.92198172535522,43.31800301928811,0,-2
2023-06-30 10:56:00,2023-06-30 10:56:59,0.2782,0.2785,0.2781,0.2785,0.2781939777857435,0.278325,0.2781,0.2785,True,0.0005007100464051506,-7.043624041280707e-05,0,0.27720168329662787,0.2772779845429747,3.6366886157131617,0.0,0.27589562681801727,0.2759033274554695,45.67862670518051,45.806952997766274,0,-1
2023-06-30 10:57:00,2023-06-30 10:57:59,0.2785,0.278,0.2779,0.2785,0.2782594888928718,0.278225,0.2779,0.2785,True,0.000507802185947643,-8.746801713397306e-05,0,0.2772398339198013,0.2773136616321277,0.1918961301677271,0.0,0.2759188046606241,0.2759241898688479,43.55018953802804,45.05026598952133,0,-2
2023-06-30 10:58:00,2023-06-30 10:58:59,0.278,0.2782,0.2779,0.2782,0.27824224444643586,0.278075,0.2779,0.27824224444643586,True,0.0004929591726656701,-8.342661119502943e-05,0,0.2772767477759645,0.2773469740461803,0.1740064451450536,0.0,0.2759402593406179,0.2759468347457748,41.92117751359607,43.71666458560161,0,-2
2023-06-30 10:59:00,2023-06-30 10:59:59,0.2783,0.2784,0.2781,0.2784,0.27815862222321797,0.2783,0.2781,0.2784,True,0.0004791763746181199,-6.580599173564e-05,0,0.2773118609110724,0.27737973991558934,2.262830367350901,0.0,0.2759637393471789,0.27597124435029446,45.32992544830552,43.60043083330995,0,-1
2023-06-30 11:00:00,2023-06-30 11:00:59,0.2784,0.2783,0.2782,0.2785,0.278229311111609,0.27835,0.2782,0.2785,True,0.0004663780621453986,-6.066111511595626e-05,0,0.27734580041333085,0.27741219373102055,2.3292000975690215,0.0,0.27598748323427164,0.2759944160483015,55.375855836518475,47.54231959947342,0,-2
2023-06-30 11:01:00,2023-06-30 11:01:59,0.2783,0.2786,0.2781,0.2786,0.2782896555558045,0.2784,0.2781,0.2786,True,0.000468779629135013,-3.628557262921981e-05,0,0.27737899707217567,0.27744452224964633,5.580740170541816,0.0,0.2760114883762192,0.27602034225677613,74.11374850498667,58.273176596603626,0,-1
2023-06-30 11:02:00,2023-06-30 11:02:59,0.2786,0.2789,0.2785,0.2791,0.27834482777790226,0.278775,0.2785,0.2791,True,0.00047815251276822564,-5.119863259802769e-07,0,0.277411759660911,0.27747910321199737,10.218293414370542,0.0,0.27603898600431653,0.276048995567654,85.15763617131749,71.54908017094095,0,-1
2023-06-30 11:03:00,2023-06-30 11:03:59,0.279,0.2783,0.278,0.279,0.2785599138889511,0.278575,0.278,0.279,True,0.000515427333284781,-2.068882661164181e-05,0,0.27744543143645417,0.27751384806426344,5.914310924873384,0.0,0.2760642199744228,0.2760713936217072,80.62140119556513,79.96426195728985,0,-2
2023-06-30 11:04:00,2023-06-30 11:04:59,0.2782,0.2784,0.2782,0.2786,0.2785674569444756,0.27835,0.2782,0.2786,True,0.0005071825237644402,-2.8099653827493194e-05,0,0.2774796397503588,0.27754693982229617,4.099233483266353,0.0,0.2760869640542793,0.27609456383442654,60.12307710948347,75.30070482545544,0,-2
2023-06-30 11:05:00,2023-06-30 11:05:59,0.2784,0.2786,0.2783,0.2787,0.2784587284722378,0.27849999999999997,0.2783,0.2787,True,0.0004995266292098382,-2.0021111936505804e-05,0,0.27751328978632744,0.27757953220248116,4.968042057277856,0.0,0.2761109743621969,0.2761194935475168,40.76088864636336,60.501788983804055,0,-1
2023-06-30 11:06:00,2023-06-30 11:06:59,0.2786,0.2789,0.2783,0.2789,0.27847936423611885,0.278675,0.2783,0.2789,True,0.0005067032985519919,4.598901589140665e-06,0,0.27754641099440425,0.2776127084866921,8.213702837160362,0.0,0.27613648705511035,0.27614716027838726,42.67431773537024,47.85276116373908,0,-1
2023-06-30 11:07:00,2023-06-30 11:07:59,0.279,0.279,0.2786,0.2793,0.27857718211805943,0.278975,0.2786,0.2793,True,0.0005205102057982766,2.5086300410744685e-05,0,0.27757955974054815,0.277648175177097,11.187149255329864,11.187149255329864,0.27616473096500976,0.27617554674327893,69.35977304052686,50.931659807420225,0,-1
2023-06-30 11:08:00,2023-06-30 11:08:59,0.279,0.2791,0.279,0.2792,0.2787760910590297,0.279075,0.279,0.2792,True,0.0004976166196698267,4.194103769633524e-05,0,0.27761386745882255,0.2776858878875386,14.00516963932813,14.00516963932813,0.27619368886585544,0.27620464578065923,88.72196150364697,66.91868409318143,0,2
2023-06-30 11:09:00,2023-06-30 11:09:59,0.2792,0.2791,0.2789,0.2793,0.2789255455295149,0.27912499999999996,0.2789,0.2793,True,0.0004906440039791257,4.8764786767518454e-05,0,0.27764987767318056,0.2777254532092239,15.883849895326975,15.883849895326975,0.27622285614082204,0.276233455275379,99.99999999999989,86.02724484805799,0,2
2023-06-30 11:10:00,2023-06-30 11:10:59,0.279,0.2802,0.279,0.2803,0.2790252727647574,0.279625,0.279,0.2803,True,0.000548455146552043,0.00012414577792996224,0,0.2776876654412022,0.2777696361763194,22.67347355398107,22.67347355398107,0.2762567083185253,0.27627292338209164,99.99999999999989,96.240653834549,0,2
2023-06-30 11:11:00,2023-06-30 11:11:59,0.2801,0.2802,0.2798,0.2802,0.2793251363823787,0.280075,0.2798,0.2802,True,0.0005378512075126121,0.00016483541371812264,0,0.2777286508087608,0.27782023898453817,27.19988932641712,27.19988932641712,0.27629470127057976,0.27631199877132456,99.99999999999989,99.99999999999996,0,2
2023-06-30 11:12:00,2023-06-30 11:12:59,0.2801,0.2802,0.28,0.2803,0.27970006819118937,0.28015,0.28,0.2803,True,0.0005208618355474232,0.00018100002562689151,0,0.2777744448966495,0.2778760635695026,30.21749984137449,30.21749984137449,0.27633306245196704,0.2763506853507144,99.99999999999989,99.99999999999996,0,2
2023-06-30 11:13:00,2023-06-30 11:13:59,0.2802,0.2801,0.2798,0.2803,0.27992503409559466,0.2801,0.2798,0.2803,True,0.000519371704436893,0.0001734300476428208,0,0.277825254233076,0.27793527322682793,29.95353980327593,29.95353980327593,0.2763705444176191,0.2763879919641401,98.00471767212002,99.33490589070668,0,2
2023-06-30 11:14:00,2023-06-30 11:14:59,0.2802,0.2802,0.2798,0.2802,0.28001251704779734,0.2801,0.2798,0.2802,True,0.0005108451541199729,0.00016428594190261863,0,0.27788026372995195,0.2779967417342122,30.372465125577307,30.372465125577307,0.2764076534283891,0.27642592239235764,96.00943534424015,98.0047176721201,0,2
2023-06-30 11:15:00,2023-06-30 11:15:59,0.2803,0.2802,0.2796,0.2803,0.2800562585238987,0.2801,0.2796,0.2803,True,0.0005243562145399733,0.00014740930126364027,0,0.27793850273208204,0.27805956691080314,30.65174867377823,30.65174867377823,0.27644439319527075,0.27646347540337896,94.0141530163603,96.00943534424023,0,1
2023-06-30 11:16:00,2023-06-30 11:16:59,0.2801,0.2804,0.28,0.2806,0.28007812926194936,0.280275,0.28,0.2806,True,0.0005297593420728315,0.00013976468429228734,0,0.27799903482144256,0.27812422984118396,32.089868109870594,32.089868109870594,0.2764825086858651,0.2765026448023503,96.00943534424016,95.34434123494695,0,2
2023-06-30 11:17:00,2023-06-30 11:17:59,0.2803,0.2807,0.2803,0.2809,0.2801765646309747,0.28054999999999997,0.2803,0.2809,True,0.0005347765319247713,0.00014506103655321568,0,0.27806163233131326,0.27819178278403145,34.37457738365222,34.37457738365222,0.2765229812362545,0.27654440953068515,98.00471767212004,96.00943534424023,0,2
2023-06-30 11:18:00,2023-06-30 11:18:59,0.2807,0.2804,0.2804,0.2807,0.28036328231548735,0.28054999999999997,0.2804,0.2807,True,0.0005180067796444321,0.00011710663467910545,0,0.2781267075576723,0.27826114756899006,28.752709329580142,28.752709329580142,0.27656305107469975,0.2765827736149569,99.99999999999989,98.0047176721201,0,1
2023-06-30 11:19:00,2023-06-30 11:19:59,0.2805,0.2805,0.2802,0.2807,0.28045664115774366,0.28047500000000003,0.2802,0.2807,True,0.0005167205810984013,9.614707489376999e-05,0,0.27819392756333117,0.278330948334033,25.957026093748382,25.957026093748382,0.2766019759396281,0.27662175099192254,95.63707969483312,97.88059912231775,0,1
2023-06-30 11:20:00,2023-06-30 11:20:59,0.2805,0.2819,0.2805,0.2821,0.2804658205788718,0.28125,0.2805,0.2821,True,0.0005940976824485149,0.0001696368184330669,0,0.27826243794868205,0.2784059307659688,29.98356920923962,29.98356920923962,0.2766482249352537,0.2766742708825502,95.63707969483312,97.09138646322212,0,2
2023-06-30 11:21:00,2023-06-30 11:21:59,0.282,0.2814,0.2812,0.282,0.2808579102894359,0.28164999999999996,0.2812,0.282,True,0.0006088049908450473,0.00017032871601449647,0,0.27833418435732543,0.2784872227268516,26.69490291063326,26.69490291063326,0.27669799384137056,0.27672129306282334,95.63707969483312,95.63707969483319,0,2
2023-06-30 11:22:00,2023-06-30 11:22:59,0.2814,0.2814,0.2813,0.2821,0.28125395514471796,0.28154999999999997,0.2813,0.2821,True,0.0006224617772132599,0.00015793113947537682,0,0.2784107035420885,0.2785722383685974,24.502458711562355,24.502458711562355,0.27674627250961564,0.2767678473607057,95.06123310445408,95.4451308313735,0,2
2023-06-30 11:23:00,2023-06-30 11:23:59,0.2813,0.2808,0.2808,0.2814,0.28140197757235896,0.28107499999999996,0.2808,0.28140197757235896,True,0.0006208573645551692,9.622673920342084e-05,0,0.27849147095534293,0.2786563433876144,16.959266838595653,0.0,0.27678934442494285,0.2768079682824897,61.72789977112075,84.14207085680272,0,1
2023-06-30 11:24:00,2023-06-30 11:24:59,0.2809,0.2811,0.2806,0.2814,0.28123848878617946,0.281,0.2806,0.2814,True,0.0006336532670869405,6.697155047443349e-05,0,0.2785739071714787,0.27873863983732,14.096810088726158,0.0,0.27683124149534144,0.2768506750657485,28.394566437787415,61.72789977112081,0,1
2023-06-30 11:25:00,2023-06-30 11:25:59,0.281,0.2818,0.2808,0.2823,0.2811192443930898,0.281475,0.2808,0.2823,True,0.0006955351765807306,8.732849874234865e-05,0,0.2786562735043993,0.2788222067516692,15.995636468386763,0.0,0.2768774480476266,0.2768999220800197,8.957755232530822,33.02674048047973,0,2
2023-06-30 11:26:00,2023-06-30 11:26:59,0.2819,0.2819,0.2817,0.2821,0.2812971221965449,0.2819,0.2817,0.2821,True,0.0006744255211106792,9.756179260145118e-05,0,0.27873924012803425,0.2789091165058366,17.713831433778267,17.713831433778267,0.27692742368894374,0.27694967409912397,24.396338688621626,20.582886786313356,0,2
2023-06-30 11:27:00,2023-06-30 11:27:59,0.2819,0.2823,0.2819,0.2824,0.2815985610982724,0.282125,0.2819,0.2824,True,0.0006619665553170593,0.0001212025239796232,0,0.2788241783169354,0.2789996055472423,20.565055429526197,20.565055429526197,0.2769791408661682,0.27700291117276454,42.86676844646242,25.406954122538355,0,2
2023-06-30 11:28:00,2023-06-30 11:28:59,0.2823,0.2825,0.2819,0.2827,0.28186178054913624,0.28235,0.2819,0.2827,True,0.0006718260870801282,0.0001385379861670523,0,0.2789118919320888,0.2790938354748859,23.226806992502887,23.226806992502887,0.27703258225058447,0.27705760857403056,55.231583113754084,40.831563416279444,0,2
2023-06-30 11:29:00,2023-06-30 11:29:59,0.2826,0.2824,0.2822,0.2827,0.2821058902745681,0.282475,0.2822,0.2827,True,0.0006595527951458334,0.00013022095889187488,0,0.2790028637034873,0.279191221743992,23.572625985707546,23.572625985707546,0.27708673566102643,0.27711076669767204,62.649882740031735,53.58274476674948,0,2
2023-06-30 11:30:00,2023-06-30 11:30:59,0.2824,0.2822,0.2822,0.2833,0.2822904451372841,0.282525,0.2822,0.2833,True,0.0006910133097782731,9.86224809456141e-05,0,0.27909704272373964,0.27929076790272916,20.936792394042897,20.936792394042897,0.2771408477440013,0.27716140583500865,67.66214202459737,61.84786929279446,0,1
2023-06-30 11:31:00,2023-06-30 11:31:59,0.2823,0.2822,0.2817,0.2824,0.28240772256864205,0.28215,0.2817,0.28240772256864205,True,0.0006916552162226806,6.69438090350066e-05,0,0.2791939053132344,0.2793887586664503,19.179569999599806,19.179569999599806,0.27719069005500624,0.2772115411003319,51.775648485196946,60.69589108327542,0,1
2023-06-30 11:32:00,2023-06-30 11:32:59,0.2823,0.2822,0.2818,0.2824,0.282278861284321,0.282175,0.2818,0.2824,True,0.000685108415063917,3.652630097518233e-05,0,0.27929133198984235,0.27948502406247466,18.008088403304413,18.008088403304413,0.27724028517883703,0.2772611775072938,34.81556664383307,51.417785717875866,0,1
2023-06-30 11:33:00,2023-06-30 11:33:59,0.2821,0.2821,0.2819,0.2823,0.28222693064216053,0.2821,0.2819,0.2823,True,0.000664743528273638,1.3730803530716783e-06,0,0.2793881780261585,0.27957875600162607,15.23646177257335,0.0,0.27728864055019187,0.2773093249947834,13.635547196206241,33.408920775078826,0,1
2023-06-30 11:34:00,2023-06-30 11:34:59,0.2821,0.2821,0.2821,0.2823,0.2821634653210803,0.28215,0.2821,0.2823,True,0.0006315475619683767,-2.840871445336404e-05,0,0.2794834670138923,0.27967019328475473,13.388710685419305,0.0,0.2773370122860109,0.2773569934027955,11.581226527216346,20.010780122418627,0,1
2023-06-30 11:35:00,2023-06-30 11:35:59,0.2821,0.2826,0.2821,0.2827,0.28215673266054014,0.282375,0.2821,0.2827,True,0.0006292941646849204,-1.9048480370597275e-05,0,0.27957683014932355,0.27976074035133625,17.473327666148748,0.0,0.27738714151699584,0.2774091626226682,15.477300413063881,13.564691378828895,0,2
2023-06-30 11:36:00,2023-06-30 11:36:59,0.2827,0.2826,0.2824,0.2829,0.28226586633027007,0.28265,0.2824,0.2829,True,0.0006200588672074261,-1.9056596519328225e-05,0,0.2796687852503299,0.27985185208745217,20.19640565330171,20.19640565330171,0.2774395082680705,0.27746081274582574,32.008526048239126,19.689017662839856,0,1
2023-06-30 11:37:00,2023-06-30 11:37:59,0.2827,0.2823,0.2821,0.2827,0.282457933165135,0.28245,0.2821,0.2827,True,0.0006186260909783236,-4.56615892412231e-05,0,0.27976031866889106,0.27994141105576675,15.587745100266133,0.0,0.2774893639071942,0.2775089638627827,32.83720360161835,26.77434335430719,0,1
2023-06-30 11:38:00,2023-06-30 11:38:59,0.2824,0.2824,0.282,0.2825,0.2824539665825675,0.282325,0.282,0.2825,True,0.0006101527987655861,-6.076464601843714e-05,0,0.2798508648623289,0.28002827541637276,13.86034916657632,0.0,0.27753747968921216,0.27755763088902363,23.04432847476623,29.296686041541307,0,1
2023-06-30 11:39:00,2023-06-30 11:39:59,0.2824,0.2826,0.2823,0.2827,0.28238948329128377,0.2825,0.2823,0.2827,True,0.0005951418845680451,-6.0796902238135445e-05,0,0.27993957013935084,0.2801136229975952,15.10615843158945,0.0,0.27758685800076227,0.2776078037159985,9.373813669351476,21.75178191524542,0,1
2023-06-30 11:40:00,2023-06-30 11:40:59,0.2825,0.2833,0.2825,0.2835,0.2824447416456419,0.28295,0.2825,0.2835,True,0.0006240603213846133,-1.669900177362531e-05,0,0.280026596568473,0.28020027831112987,20.610812794957795,20.610812794957795,0.2776402225977696,0.27766444248499356,21.718021137990046,18.045387760702653,0,2
2023-06-30 11:41:00,2023-06-30 11:41:59,0.2833,0.2836,0.2831,0.2839,0.2826973708228209,0.283475,0.2831,0.2839,True,0.0006366274412857101,2.654918242301317e-05,0,0.28011343743980144,0.28029097072222403,25.395906013556967,25.395906013556967,0.277698280084359,0.2777235027587747,48.522886003309985,26.53824027021724,0,2
2023-06-30 11:42:00,2023-06-30 11:42:59,0.2835,0.2844,0.2834,0.2845,0.28308618541141045,0.28395,0.2834,0.2845,True,0.000669725481193873,0.00010154861251368422,0,0.28020220408101276,0.28038747832737554,30.430660941466286,30.430660941466286,0.2777604862526738,0.2777899355671451,76.69283891210323,48.97791535113449,0,2
2023-06-30 11:43:00,2023-06-30 11:43:59,0.2844,0.2844,0.2837,0.2844,0.2835180927057052,0.284225,0.2837,0.2844,True,0.0006718879468228805,0.000138685937190507,0,0.2802948412041942,0.2804897889233533,33.787164226739165,33.787164226739165,0.2778248097725477,0.2778557073525466,93.4715315319865,72.89575214913332,0,2
2023-06-30 11:44:00,2023-06-30 11:44:59,0.2843,0.284,0.284,0.2844,0.2838715463528526,0.284175,0.284,0.2844,True,0.0006524673791926756,0.00012202186413729074,0,0.28039231506377377,0.28059562324215326,29.704631031479977,29.704631031479977,0.27788799574496015,0.2779168445928198,97.36346619643679,89.17594554684224,0,1
2023-06-30 11:45:00,2023-06-30 11:45:59,0.284,0.2834,0.2833,0.284,0.2840232731764263,0.28367499999999995,0.2833,0.2840232731764263,True,0.0006558625663931972,5.7408218257482945e-05,0,0.28049396915296354,0.2807000751450016,20.45269329002612,0.0,0.2779455778768511,0.27797140335309023,70.60314093621913,87.14604622154754,0,1
2023-06-30 11:46:00,2023-06-30 11:46:59,0.2834,0.2838,0.2834,0.284,0.2838491365882131,0.28364999999999996,0.2834,0.284,True,0.0006518723830793966,3.317242740473155e-05,0,0.2805970221489826,0.2808025504843282,17.163105648759768,0.0,0.2780023382959869,0.27802939933962667,42.730816798735596,70.23247464379723,0,1
2023-06-30 11:47:00,2023-06-30 11:47:59,0.2838,0.2832,0.2832,0.2838,0.2837495682941065,0.2835,0.2832,0.2838,True,0.000648167212859439,-3.249529420427358e-05,0,0.2806997863166554,0.2809017374119672,10.034242970888386,0.0,0.2780570413975194,0.27808084810241646,12.034017268965377,41.789325001306764,0,1
2023-06-30 11:48:00,2023-06-30 11:48:59,0.2833,0.2833,0.2831,0.2834,0.2836247841470533,0.283275,0.2831,0.2836247841470533,True,0.0006232981262266196,-7.394862714556563e-05,0,0.2808007618643113,0.28099611108287365,6.124015025899382,0.0,0.27810896138361374,0.2781327799620939,5.4610091958497025,20.07528108785029,0,1
2023-06-30 11:49:00,2023-06-30 11:49:59,0.2832,0.2827,0.2825,0.2832,0.28344989207352667,0.28290000000000004,0.2825,0.28344989207352667,True,0.0006359196886390056,-0.00014576471405344533,0,0.28089843647359247,0.28108347484036006,-0.5281446150422653,-0.0,0.2781566334096474,0.2781782249375955,-8.881784197001252e-14,5.831675488271727,0,1
2023-06-30 11:50:00,2023-06-30 11:50:59,0.2826,0.283,0.2825,0.2833,0.28317494603676335,0.28285,0.2825,0.2833,True,0.0006476397108790782,-0.00017203458621321897,0,0.28099095565697624,0.2811643771822551,-2.1755835660844483,-0.0,0.27820333357472554,0.2782262027989129,-8.881784197001252e-14,1.8203363986165713,0,-2
2023-06-30 11:51:00,2023-06-30 11:51:59,0.2829,0.2826,0.2825,0.283,0.28301247301838167,0.28275,0.2825,0.28301247301838167,True,0.0006370940172448585,-0.00021539709982464398,0,0.2810776664196157,0.2812389512237659,-5.845895827345679,-5.845895827345679,0.2782485740366686,0.278269723169073,-8.881784197001252e-14,-2.5757174171303632e-14,0,-2
2023-06-30 11:52:00,2023-06-30 11:52:59,0.2825,0.2824,0.2821,0.2826,0.28288123650919084,0.2824,0.2821,0.28288123650919084,True,0.0006273015874416544,-0.0002537976865637419,0,0.2811583088216908,0.28130562992043556,-9.448424656289596,-9.448424656289596,0.27828988175769676,0.2783108204509728,-8.881784197001252e-14,-2.5757174171303632e-14,0,-2
2023-06-30 11:53:00,2023-06-30 11:53:59,0.2824,0.2825,0.2823,0.2827,0.2826406182545954,0.282475,0.2823,0.2827,True,0.0006110657597672512,-0.00026628033556680853,0,0.28123196937106315,0.2813661496495773,-10.66181863650715,-10.66181863650715,0.2783315247252819,0.27835250382957005,1.2191781273288929,0.4063927091096348,0,-2
2023-06-30 11:54:00,2023-06-30 11:54:59,0.2825,0.2822,0.2821,0.2825,0.28255780912729767,0.282325,0.2821,0.28255780912729767,True,0.0005959896340695873,-0.00028843962697538213,0,0.2812990595103202,0.2814203759910485,-13.457253507455547,-13.457253507455547,0.27837126079766716,0.27839078737355444,1.2191781273288929,0.8127854182192954,0,-2
2023-06-30 11:55:00,2023-06-30 11:55:59,0.2823,0.2827,0.2822,0.2827,0.28244140456364886,0.282475,0.2822,0.2827,True,0.0005891332316360455,-0.0002605321922645338,0,0.28135971775068436,0.2814703046132974,-9.702884475965902,-9.702884475965902,0.27841209402356104,0.278433665111131,3.743886479272239,2.060747577976738,0,-2
2023-06-30 11:56:00,2023-06-30 11:56:59,0.2826,0.2831,0.2826,0.2833,0.2824582022818244,0.28290000000000004,0.2826,0.2833,True,0.0005970522865191835,-0.00020793985750310507,0,0.2814150111819909,0.28151942299950505,-3.897096513591052,-3.897096513591052,0.27845674980442114,0.27848009630405507,11.377206802608233,5.4467571364031855,0,-1
2023-06-30 11:57:00,2023-06-30 11:57:59,0.283,0.283,0.2829,0.2832,0.2826791011409122,0.28302499999999997,0.2829,0.2832,True,0.0005758342660535291,-0.00017569548833908186,0,0.281467217090748,0.2815684241097474,-1.063194434586059,-0.0,0.2785022050302478,0.2785250704701839,22.25535510154715,12.458816127809271,0,-1
2023-06-30 11:58:00,2023-06-30 11:58:59,0.283,0.2833,0.283,0.2835,0.2828520505704561,0.2832,0.283,0.2835,True,0.0005704175327639913,-0.00013033898699587113,0,0.2815178206002477,0.28161819737417665,3.284475483287423,0.0,0.2785489492588026,0.278572582206799,39.02887717699699,24.22047969371752,0,-1
2023-06-30 11:59:00,2023-06-30 11:59:59,0.2834,0.2835,0.2832,0.2835,0.283026025285228,0.2834,0.2832,0.2835,True,0.000551101994709418,-8.51858496639851e-05,0,0.2815680089872122,0.28166960927619433,7.640652978668648,0.0,0.2785972184204065,0.27862161123956714,53.674640463116226,38.31962424722018,0,-1
2023-06-30 12:00:00,2023-06-30 12:00:59,0.2834,0.2836,0.2834,0.2837,0.283213012642614,0.28352499999999997,0.2834,0.2837,True,0.0005331661379444611,-4.890954102675809e-05,0,0.2816188091317033,0.2817228161817198,11.268835944499791,0.0,0.2786462510729398,0.27867114744613863,72.5052052829397,55.06957430768437,0,-1
2023-06-30 12:01:00,2023-06-30 12:01:59,0.2835,0.2835,0.2833,0.2836,0.283369006321307,0.283475,0.2833,0.2836,True,0.0005165114138055727,-3.363553950723203e-05,0,0.28167081265671157,0.2817767281970016,12.045305762304693,0.0,0.27869429832594533,0.27871919573025666,84.43091805478149,70.20358793361254,0,-1
2023-06-30 12:02:00,2023-06-30 12:02:59,0.2835,0.2834,0.2834,0.2838,0.28342200316065347,0.28352499999999997,0.2834,0.2838,True,0.0005081891699623183,-3.2571028797332585e-05,0,0.2817237704268566,0.28183116850956824,10.879147353468753,0.0,0.27874236500926924,0.2787657708971198,93.45462602518523,83.46358312096888,0,-1
2023-06-30 12:03:00,2023-06-30 12:03:59,0.2835,0.2836,0.283,0.2837,0.2834735015803267,0.28345,0.283,0.2837,True,0.0005218899435364409,-2.01165774773121e-05,0,0.2817774694682124,0.2818851366561031,12.313991754782911,0.0,0.2787892071484805,0.278813872679238,92.80127197143445,90.22893868380045,0,-1
2023-06-30 12:04:00,2023-06-30 12:04:59,0.2836,0.2834,0.2832,0.2838,0.28346175079016334,0.2835,0.2832,0.2838,True,0.0005274692332838373,-2.825308836503426e-05,0,0.28183130306215776,0.28193870583729536,9.768837449940925,0.0,0.27883608070919214,0.27885950578690727,92.107805598621,92.78790119841362,0,-2
2023-06-30 12:05:00,2023-06-30 12:05:59,0.2834,0.2836,0.2832,0.2836,0.28348087539508166,0.28345,0.2832,0.2836,True,0.0005183642880492782,-2.1862275002130756e-05,0,0.2818850044497266,0.28199125031554245,10.52024773812498,0.0,0.2788819903538768,0.278906674883555,87.59529661036687,90.83479139347416,0,-1
2023-06-30 12:06:00,2023-06-30 12:06:59,0.2837,0.2837,0.2835,0.2837,0.28346543769754085,0.28365,0.2835,0.2837,True,0.0004956239817600465,-1.3187485621613893e-05,0,0.2819381273826345,0.2820439997396475,12.142978394381366,0.0,0.2789294332359278,0.27895436966083303,91.87327087868863,90.52545769589221,0,-1
2023-06-30 12:07:00,2023-06-30 12:07:59,0.2837,0.2832,0.2832,0.2837,0.28355771884877046,0.28345,0.2832,0.2837,True,0.0004959365544914717,-4.454684272169626e-05,0,0.281991063561141,0.2820951763892284,5.6587145276823065,0.0,0.27897441399974937,0.2789966147388347,84.86290540121625,88.11049096342397,0,-2
2023-06-30 12:08:00,2023-06-30 12:08:59,0.2832,0.2835,0.2832,0.2835,0.2835038594243852,0.28335,0.2832,0.2835038594243852,True,0.0004819410863135071,-4.545165752522411e-05,0,0.28204311997518466,0.28214407754977844,5.155709438994833,0.0,0.27901795216890607,0.27904142454242836,73.26693562935905,83.33437063642138,0,-2
2023-06-30 12:09:00,2023-06-30 12:09:59,0.2834,0.2836,0.2834,0.2836,0.28342692971219263,0.2835,0.2834,0.2836,True,0.0004618024372911161,-4.0266133040484456e-05,0,0.2820935987624815,0.2821918808473657,5.952254821645873,0.0,0.27906254965976274,0.27908678350220517,54.12997879189958,70.75327327415836,0,-1
2023-06-30 12:10:00,2023-06-30 12:10:59,0.2836,0.2834,0.2833,0.2836,0.2834634648560963,0.283475,0.2833,0.2836,True,0.0004502451203417523,-5.188152517963593e-05,0,0.2821427398049236,0.28223832028167634,3.588408378573277,0.0,0.27910645463827255,0.27912970107929763,39.69078311910283,55.695899180120556,0,-2
2023-06-30 12:11:00,2023-06-30 12:11:59,0.2835,0.2835,0.2832,0.2835,0.2834692324280481,0.283425,0.2832,0.2835,True,0.00043951332603162476,-5.318158372541172e-05,0,0.28219053004329997,0.28228302425975843,3.427912924053622,0.0,0.27914942523888675,0.2791731866406977,26.409786340298783,40.07684941710046,0,-2
2023-06-30 12:12:00,2023-06-30 12:12:59,0.2835,0.2833,0.2833,0.2835,0.2834471162140241,0.2834,0.2833,0.2835,True,0.0004224052313150785,-6.823869484797509e-05,0,0.28223677715152923,0.2823258836575297,0.37942179199190207,0.0,0.27919171951511673,0.27921424946019324,12.263847775881247,26.12147241176102,0,-2
2023-06-30 12:13:00,2023-06-30 12:13:59,0.2833,0.2833,0.283,0.2833,0.28342355810701203,0.28322499999999995,0.283,0.28342355810701203,True,0.0004136620005068602,-7.768843220678427e-05,0,0.28228133040452946,0.28236579605709555,-1.6529056293825732,-0.0,0.2792318516592449,0.2792549036944202,3.182932099728834,13.952188738636352,0,-2
2023-06-30 12:14:00,2023-06-30 12:14:59,0.2832,0.2831,0.2831,0.2834,0.283324279053506,0.2832,0.2831,0.2834,True,0.00040554328618493926,-9.667600430839969e-05,0,0.28232356323081254,0.2824029428961562,-5.8577755336840625,-5.8577755336840625,0.279271335722337,0.27929316335915233,0.0504379314562667,5.16573926902218,0,-2
2023-06-30 12:15:00,2023-06-30 12:15:59,0.2832,0.2829,0.2829,0.2834,0.283262139526753,0.2831,0.2829,0.2834,True,0.0004122901943145865,-0.00012081973693418163,0,0.28236325306348437,0.28243697141681523,-10.901563170010583,-10.901563170010583,0.2793094318843038,0.2793290522809518,-5.718573762673411e-14,1.0777900103950782,0,-2
2023-06-30 12:16:00,2023-06-30 12:16:59,0.2829,0.2824,0.2823,0.283,0.28318106976337654,0.28264999999999996,0.2823,0.28318106976337654,True,0.0004328408947206859,-0.00016758725271657788,0,0.28240011224014977,0.2824652239130678,-17.75262686594548,-17.75262686594548,0.2793426713680421,0.27935960897467366,-5.718573762673411e-14,0.016812643818780965,-1,-2
2023-06-30 12:17:00,2023-06-30 12:17:59,0.2824,0.2816,0.2816,0.2824,0.28291553488168825,0.28200000000000003,0.2816,0.28291553488168825,True,0.00045906654509777746,-0.0002471797875900661,-1,0.2824326680766088,0.2824842753712627,-24.849609460536417,-24.849609460536417,0.27936911244895707,0.2793819014226869,-5.718573762673411e-14,6.334439146055753e-15,0,-2
2023-06-30 12:18:00,2023-06-30 12:18:59,0.2817,0.2821,0.2816,0.2823,0.28245776744084417,0.28192500000000004,0.2816,0.28245776744084417,True,0.0004762760775907918,-0.0002548747437916248,0,0.28245847172393573,0.2824954374944641,-22.610807315074982,-22.610807315074982,0.2793945441658829,0.27940894717967507,-5.718573762673411e-14,6.334439146055753e-15,0,-2
2023-06-30 12:19:00,2023-06-30 12:19:59,0.2822,0.2821,0.2821,0.2826,0.2821913837204221,0.28225,0.2821,0.2826,True,0.00047797064347716384,-0.00024960981886110504,0,0.2824769546091999,0.28250254155033305,-21.11827255143403,-21.11827255143403,0.27942295666174477,0.2794357238246534,8.025372177693841,2.675124059231306,0,-2
2023-06-30 12:20:00,2023-06-30 12:20:59,0.2821,0.2824,0.282,0.2826,0.28222069186021104,0.282275,0.282,0.2826,True,0.00048668702608594105,-0.000215223363625963,0,0.28248974807976646,0.28250657344646085,-16.292511148831878,-16.292511148831878,0.27945133520242393,0.27946521910998023,18.03951819140542,8.688296789699798,0,-1
2023-06-30 12:21:00,2023-06-30 12:21:59,0.2825,0.2829,0.2823,0.2831,0.28224784593010555,0.28269999999999995,0.2823,0.2831,True,0.0005090665242226611,-0.00014948715843933187,0,0.2824981607631136,0.2825110748984966,-8.31277241131071,-8.31277241131071,0.27948366022528537,0.27949939603425905,38.33562572409378,21.466838697731077,0,-1
2023-06-30 12:22:00,2023-06-30 12:22:59,0.283,0.2829,0.2828,0.283,0.28247392296505275,0.282925,0.2828,0.283,True,0.0004869903439210409,-0.00010047545529904044,0,0.28250461783080505,0.28251745888973223,-2.992946586296604,-0.0,0.27951790241209845,0.27953323288963955,55.15197173763943,37.17570521771294,0,-1
2023-06-30 12:23:00,2023-06-30 12:23:59,0.2828,0.2832,0.2828,0.2833,0.28269946148252634,0.28302499999999997,0.2828,0.2833,True,0.00048791960506953805,-4.374171002232953e-05,0,0.28251103836026864,0.28252596732269664,3.0798965478261877,0.0,0.2795527989055104,0.27956971813451875,72.50451575016014,55.33070440396451,0,-1
2023-06-30 12:24:00,2023-06-30 12:24:59,0.2832,0.283,0.2829,0.2834,0.28286223074126315,0.28312499999999996,0.2829,0.2834,True,0.000488782490421714,-1.8776956744057498e-05,0,0.2825185028414826,0.28253677607302236,4.405762758940725,0.0,0.2795883431950078,0.2796038502923842,82.96940424222917,70.2086305766763,0,-1
2023-06-30 12:25:00,2023-06-30 12:25:59,0.2831,0.2831,0.2828,0.2832,0.28299361537063156,0.28305,0.2828,0.2832,True,0.00048244088396302094,5.12938904068085e-06,0,0.28252763945725246,0.28254880714010194,6.2900328192818336,0.0,0.27962278754132613,0.279638637851664,87.7710783637496,81.08166611871303,0,-1
2023-06-30 12:26:00,2023-06-30 12:26:59,0.2832,0.2829,0.2826,0.2832,0.2830218076853158,0.282975,0.2826,0.2832,True,0.0004908379636799473,6.698292759166083e-06,0,0.28253822329867717,0.2825612034200833,4.670709917158092,0.0,0.2796561428891736,0.27967108921632405,89.66404390719168,86.80150883772355,0,-1
2023-06-30 12:27:00,2023-06-30 12:27:59,0.2829,0.2828,0.2827,0.2829,0.2829984038426579,0.282825,0.2827,0.2829984038426579,True,0.0004700638234170924,6.011226764710754e-07,0,0.28254971335938023,0.28257277302356715,2.2309016277378646,0.0,0.27968767380569926,0.27970222265695766,84.1651200000933,87.20008075701158,0,-1
2023-06-30 12:28:00,2023-06-30 12:28:59,0.2828,0.2833,0.2828,0.2833,0.28305,0.28305,0.2828,0.2833,True,0.00047220212174444294,3.0963227417181666e-05,0,0.2825612431914737,0.28258515613832674,6.264452439342087,0.0,0.2797211297877321,0.2797380214364904,85.69767418609261,86.50894603112592,0,-1
2023-06-30 12:29:00,2023-06-30 12:29:59,0.2833,0.2833,0.2832,0.2833,0.28305,0.283275,0.2832,0.2833,True,0.0004456162559055534,4.919790639829409e-05,0,0.2825731996649002,0.2825996385141781,8.953486313744904,8.953486313744904,0.2797564916803915,0.2797734640092616,89.77135194975158,86.54471537864589,1,-1
2023-06-30 12:30:00,2023-06-30 12:30:59,0.2832,0.2831,0.2831,0.2835,0.2831625,0.283225,0.2831,0.2835,True,0.00044235795191229643,4.4978524678732124e-05,0,0.28258641908953913,0.28261533123537713,7.386626210626048,7.386626210626048,0.2797910042009846,0.27980656386986597,96.4748706658544,90.64796560056625,0,-1
2023-06-30 12:31:00,2023-06-30 12:31:59,0.2832,0.2836,0.283,0.2837,0.28319375,0.283375,0.283,0.2837,True,0.00046076095534713484,7.435791264917004e-05,0,0.28260087516245813,0.28263289836074396,11.21760591781679,11.21760591781679,0.2798266658507261,0.27984430950300165,98.63225750042848,94.95949337201154,0,-1
2023-06-30 12:32:00,2023-06-30 12:32:59,0.2836,0.2838,0.2833,0.284,0.28328437500000003,0.283675,0.2833,0.284,True,0.0004778494585366237,0.00010344802995094329,1,0.28261688676160107,0.28265387900757144,15.1517892989946,15.1517892989946,0.2798649577328084,0.2798836696074494,98.63225750042848,97.9131285555705,0,-1
2023-06-30 12:33:00,2023-06-30 12:33:59,0.2839,0.284,0.2837,0.284,0.2834796875,0.2839,0.2837,0.284,True,0.0004651459257840053,0.00013087614326808252,0,0.28263538288458623,0.2826789469335809,19.012762124630882,19.012762124630882,0.27990510740710883,0.2799246281188181,99.99999999999999,99.08817166695236,0,-1
2023-06-30 12:34:00,2023-06-30 12:34:59,0.2841,0.2844,0.2839,0.2845,0.28368984375,0.284225,0.2839,0.2845,True,0.0004747783596565756,0.0001694988641976501,0,0.28265716490908355,0.2827092906562293,23.512821502280914,23.512821502280914,0.27994809141300825,0.2799691591823124,99.99999999999999,99.54408583347622,0,2
2023-06-30 12:35:00,2023-06-30 12:35:59,0.2845,0.2849,0.2843,0.2849,0.283957421875,0.28464999999999996,0.2843,0.2849,True,0.000483722762538248,0.00022020557031052934,0,0.2826832277826564,0.28274649581243977,28.095008595656424,28.095008595656424,0.2799948765730778,0.2800182222750257,99.99999999999999,100.00000000000006,0,2
2023-06-30 12:36:00,2023-06-30 12:36:59,0.2848,0.2852,0.2847,0.2854,0.28430371093749995,0.285025,0.2847,0.2854,True,0.0004991711366426573,0.0002623745101282107,0,0.28271486179754807,0.28279142065540863,31.844072846529258,31.844072846529258,0.2800449275524502,0.28006978225238865,99.99999999999999,100.00000000000006,0,2
2023-06-30 12:37:00,2023-06-30 12:37:59,0.2852,0.2849,0.2846,0.2852,0.28466435546874996,0.284975,0.2846,0.2852,True,0.0005063731983110381,0.00025555899964698555,0,0.2827531412264783,0.28284177197667976,29.459364976248423,29.459364976248423,0.2800939829996895,0.2801178441205241,98.50655971208535,99.50218657069517,0,2
2023-06-30 12:38:00,2023-06-30 12:38:59,0.2849,0.2849,0.2846,0.285,0.284819677734375,0.28485,0.2846,0.285,True,0.0004987751127173894,0.0002375337344233836,0,0.282797456601579,0.2828951925059366,27.869559729394524,27.869559729394524,0.2801413065519314,0.2801654277611159,93.23839261197168,97.2483174413524,0,2
2023-06-30 12:39:00,2023-06-30 12:39:59,0.2848,0.2851,0.2847,0.2852,0.2848348388671875,0.28495000000000004,0.2847,0.2852,True,0.0004988626046661473,0.00022639679276089856,0,0.2828463245537578,0.28295134902892993,27.957292664373966,27.957292664373966,0.2801891542479321,0.2802145279823983,89.03945359048912,93.59480197151544,0,2
2023-06-30 12:40:00,2023-06-30 12:40:59,0.2851,0.2855,0.285,0.2858,0.2848924194335938,0.28535,0.285,0.2858,True,0.000520372418618567,0.00023355804739752777,0,0.28289883679134387,0.28301201875095094,29.809727762672722,29.809727762672722,0.28024050594695765,0.2802671197437675,90.15926354610156,90.8123699161875,0,2
2023-06-30 12:41:00,2023-06-30 12:41:59,0.2855,0.2859,0.2853,0.286,0.2851212097167969,0.28567499999999996,0.2853,0.286,True,0.0005332029601458106,0.0002518468011109019,0,0.2829554277711474,0.28307805533311875,32.29757601785039,32.29757601785039,0.2802945805146496,0.280323168303531,95.42743064621523,91.54204926093536,0,2
2023-06-30 12:42:00,2023-06-30 12:42:59,0.286,0.2857,0.2853,0.286,0.28539810485839845,0.28575,0.2853,0.286,True,0.0005451170344211083,0.00023495466030376718,0,0.2830167415521331,0.2831483787806017,30.455381553242034,30.455381553242034,0.2803488632955984,0.28037666911643117,99.6263696676978,95.07102128667158,0,2
2023-06-30 12:43:00,2023-06-30 12:43:59,0.2856,0.2861,0.2856,0.2863,0.2855740524291992,0.28590000000000004,0.2856,0.2863,True,0.0005561801033910276,0.00023683467456892112,0,0.2830825601663674,0.28322262397317843,30.962388900760146,30.962388900760146,0.28040409848668696,0.28043361768243685,99.99999999999999,98.3512667713044,0,2
2023-06-30 12:44:00,2023-06-30 12:44:59,0.2861,0.286,0.286,0.2864,0.2857370262145996,0.286125,0.286,0.2864,True,0.0005450243817202407,0.00021609466980021638,0,0.28315259206977295,0.283300991121549,29.579094827622043,29.579094827622043,0.28046102287985425,0.2804890045711688,99.99999999999999,99.87545655589933,0,2
2023-06-30 12:45:00,2023-06-30 12:45:59,0.286,0.2861,0.2857,0.2864,0.28593101310729985,0.28605,0.2857,0.2864,True,0.000556094068740222,0.00019502279225420776,0,0.28322679159566094,0.2833815512529656,29.20009325657537,29.20009325657537,0.28051663459249254,0.2805448353714557,96.07063530426144,98.6902117680872,0,1
2023-06-30 12:46:00,2023-06-30 12:46:59,0.286,0.2868,0.2859,0.2868,0.28599050655364994,0.286375,0.2859,0.2868,True,0.0005806587781159213,0.00021550688568040387,0,0.28330417142431324,0.2834655150528084,31.61488327746352,31.61488327746352,0.2805749267856021,0.2806070758155208,95.76804440598511,97.27955990341557,0,2
2023-06-30 12:47:00,2023-06-30 12:47:59,0.2868,0.2874,0.2868,0.2877,0.28618275327682496,0.287175,0.2868,0.2877,True,0.0006034688653933563,0.0002547295016373484,0,0.28338484323856084,0.2835570713545522,34.47325876103146,34.47325876103146,0.2806405991558946,0.2806746671009385,95.76804440598511,95.86890803874394,0,2
2023-06-30 12:48:00,2023-06-30 12:48:59,0.2874,0.2873,0.2872,0.2879,0.2866788766384125,0.28745,0.2872,0.2879,True,0.0006103639464366863,0.00025589024572773844,0,0.2834709572965565,0.2836558639052935,34.804478078784285,34.804478078784285,0.28070835438817426,0.2807405908113769,99.69740910172364,97.077832637898,0,2
2023-06-30 12:49:00,2023-06-30 12:49:59,0.2872,0.2873,0.2871,0.2877,0.28706443831920625,0.287325,0.2871,0.2877,True,0.0006096236645483508,0.0002388300723203396,0,0.283563410600925,0.28375881815086657,35.025290957286174,35.025290957286174,0.28077419165794365,0.2808058585644975,92.44504453415622,95.97016601395505,0,2
2023-06-30 12:50:00,2023-06-30 12:50:59,0.2873,0.2874,0.287,0.2878,0.28719471915960315,0.287375,0.287,0.2878,True,0.0006232219742234702,0.0002172227011452588,0,0.28366111437589575,0.2838646856056085,35.51219745738079,35.51219745738079,0.28083987134293925,0.2808714719121145,85.43931254442678,92.52725539343561,0,1
2023-06-30 12:51:00,2023-06-30 12:51:59,0.2875,0.2872,0.2871,0.2876,0.28728485957980154,0.28735,0.2871,0.2876,True,0.0006144204046360796,0.0001727194764030405,0,0.2837628999907521,0.2839719487605041,31.68400936199825,31.68400936199825,0.280904648742512,0.28093444234084963,76.7825145303089,84.88895720296404,0,1
2023-06-30 12:52:00,2023-06-30 12:52:59,0.2873,0.2878,0.287,0.2879,0.28731742978990077,0.2875,0.287,0.2879,True,0.0006348189471620748,0.00016998663727949307,0,0.28386742437562806,0.28408060398015256,32.088329686343215,32.088329686343215,0.2809702741281586,0.28100275634740834,77.04403307580615,79.75528671684735,0,2
2023-06-30 12:53:00,2023-06-30 12:53:59,0.2877,0.2873,0.2871,0.288,0.28740871489495035,0.287525,0.2871,0.288,True,0.0006537604509362091,0.0001186762294108658,0,0.2839740141778903,0.2841897812183996,25.323766144983125,25.323766144983125,0.28103549528111227,0.28106541548823016,74.67306159722116,76.16653640111214,0,1
2023-06-30 12:54:00,2023-06-30 12:54:59,0.2872,0.2867,0.2865,0.2873,0.28746685744747513,0.286925,0.2865,0.28746685744747513,True,0.0006642061330121957,3.121176891185602e-05,0,0.28408189769814496,0.28429450373552106,15.288798082532082,0.0,0.28109409731811613,0.28112148100576023,49.99652627800572,67.23787365034441,0,1
2023-06-30 12:55:00,2023-06-30 12:55:59,0.2866,0.2871,0.2866,0.2874,0.28719592872373756,0.286925,0.2866,0.2874,True,0.0006739056949398938,-7.17994701049233e-06,0,0.284188200716833,0.28439500051153593,11.825028702144508,0.0,0.2811521162502742,0.2811809687569467,23.956629865018922,49.54207258008199,0,1
2023-06-30 12:56:00,2023-06-30 12:56:59,0.2871,0.2869,0.2868,0.2872,0.2870604643618688,0.28700000000000003,0.2868,0.2872,True,0.0006543410024441879,-5.325205642310203e-05,0,0.28429160061418446,0.28449199539686126,7.761938699154719,0.0,0.2812103041482814,0.2812378745404597,1.4585733058606891,25.1372431496285,0,1
2023-06-30 12:57:00,2023-06-30 12:57:59,0.287,0.2865,0.2865,0.2872,0.2870302321809344,0.28679999999999994,0.2865,0.2872,True,0.0006576023594124627,-0.00011584857523466415,0,0.28439179800552283,0.2845841955182624,1.9590391687655853,0.0,0.2812659230124776,0.28129023399776854,1.4585733058606891,8.957925492246822,0,1
2023-06-30 12:58:00,2023-06-30 12:58:59,0.2865,0.2861,0.2861,0.2869,0.28691511609046716,0.2864,0.2861,0.28691511609046716,True,0.0006677736194544272,-0.00018612903409431542,0,0.2844879967618926,0.28466924367203617,-4.37492325671645,-4.37492325671645,0.28131700835563705,0.2813380923659499,1.4585733058606645,1.4585733058607364,0,1
2023-06-30 12:59:00,2023-06-30 12:59:59,0.2861,0.2845,0.2842,0.2862,0.2866575580452336,0.28525,0.2842,0.2866575580452336,True,0.000762932646636254,-0.0003402037763928314,-1,0.2845786202169644,0.2847401872876348,-13.739073839098012,-13.739073839098012,0.2813561426008546,0.2813695541334529,-1.0362081563168127e-14,0.97238220390717,0,-2
2023-06-30 13:00:00,2023-06-30 13:00:59,0.2846,0.2858,0.2845,0.286,0.28595377902261676,0.285225,0.2845,0.286,True,0.0008155803147336645,-0.00034212386898061116,0,0.2846594037522996,0.28479936802590106,-11.36849782246086,-11.36849782246086,0.2813946386943785,0.281413638171926,-1.0362081563168127e-14,0.48619110195360354,0,-2
2023-06-30 13:01:00,2023-06-30 13:01:59,0.2859,0.2859,0.2857,0.2866,0.2855893895113084,0.286025,0.2857,0.2866,True,0.0008216102922526894,-0.00032731225920004246,0,0.28472938588910035,0.2848543705760908,-9.257509654737724,-9.257509654737724,0.28144071194120057,0.2814582785881257,7.894170266250506,2.6313900887502175,0,-2
2023-06-30 13:02:00,2023-06-30 13:02:59,0.2858,0.2853,0.2851,0.2859,0.2858071947556542,0.285525,0.2851,0.2859,True,0.0008200666999489235,-0.000349813715332844,0,0.2847918782325956,0.2849022757017044,-10.373081034968848,-10.373081034968848,0.2814813516233777,0.28149650467182596,12.082935380680842,6.6590352156438355,0,-2
2023-06-30 13:03:00,2023-06-30 13:03:59,0.2854,0.2855,0.2849,0.2856,0.2856660973778271,0.28535,0.2849,0.2856660973778271,True,0.0008114905070954314,-0.0003400006740659807,0,0.28484707696715,0.28494306360882243,-9.800374339274391,-9.800374339274391,0.2815198456370754,0.28153634044623566,14.929751438279839,11.635619028403786,0,-2
2023-06-30 13:04:00,2023-06-30 13:04:59,0.2855,0.2852,0.2851,0.2859,0.28550804868891355,0.285425,0.2851,0.2859,True,0.0008106697565886126,-0.00034346651768153756,0,0.2848950702879862,0.284978482811107,-10.823897445013827,-10.823897445013827,0.2815587028944179,0.28157279477015373,10.647567829276902,12.553418216079251,0,-2
2023-06-30 13:05:00,2023-06-30 13:05:59,0.2852,0.2855,0.2852,0.2857,0.28546652434445674,0.2854,0.2852,0.2857,True,0.0007884790596894261,-0.00031365833876050334,0,0.2849367765495466,0.28500926065433885,-9.221429663105951,-9.221429663105951,0.281596924756165,0.28161187143910743,9.857872211471284,11.811730493009398,-1,-2
2023-06-30 13:06:00,2023-06-30 13:06:59,0.2854,0.2857,0.2854,0.286,0.28543326217222836,0.28562499999999996,0.2854,0.286,True,0.0007750162697116091,-0.0002700208596877388,0,0.2849730186019427,0.2850377168934916,-6.65519266970017,-6.65519266970017,0.2816370051068499,0.2816525493352357,12.86142344476641,11.122287828504922,0,-1
2023-06-30 13:07:00,2023-06-30 13:07:59,0.2857,0.2857,0.2853,0.2857,0.28552913108611416,0.2856,0.2853,0.2857,True,0.0007482293933036378,-0.00023267498380640666,0,0.2850053677477172,0.28506397855077664,-4.944368007429652,-4.944368007429652,0.28167643789185637,0.2816928224761786,17.709472476995654,13.476256044411173,0,-1
2023-06-30 13:08:00,2023-06-30 13:08:59,0.2856,0.2853,0.2849,0.2858,0.2855645655430571,0.2854,0.2849,0.2858,True,0.0007590701509248073,-0.0002281222695034336,0,0.2850346731492469,0.28508696000273326,-6.8365403819563895,-6.8365403819563895,0.2817134882610916,0.28172871478984846,19.773944303715137,16.781613408492458,0,-2
2023-06-30 13:09:00,2023-06-30 13:09:59,0.2852,0.2853,0.2849,0.2853,0.28548228277152854,0.28517499999999996,0.2849,0.28548228277152854,True,0.0007334222830016076,-0.00021717472966386274,0,0.2850608165759901,0.2851056575094865,-8.097988631640881,-8.097988631640881,0.2817479311639663,0.28176424996606886,16.193758786415604,17.892391855708855,0,-2
2023-06-30 13:10:00,2023-06-30 13:10:59,0.2853,0.2853,0.2851,0.2857,0.28532864138576425,0.28535,0.2851,0.2857,True,0.0007238921199300635,-0.0002022296905645967,0,0.2850832370427383,0.28512205463737983,-8.938954131430535,-8.938954131430535,0.2817837726449218,0.2817994315584463,14.469983077506194,16.812562055879035,0,-2
2023-06-30 13:11:00,2023-06-30 13:11:59,0.2854,0.2857,0.2853,0.2859,0.28533932069288215,0.28557499999999997,0.2853,0.2859,True,0.0007150426827922011,-0.00015761240522506597,0,0.28510264584005907,0.28513807189836354,-4.551127587620691,-4.551127587620691,0.28182149630019626,0.2818382431847304,26.71623354275042,19.126658468890795,0,-1
2023-06-30 13:12:00,2023-06-30 13:12:59,0.2858,0.2859,0.2854,0.2859,0.2854571603464411,0.28575,0.2854,0.2859,True,0.0006996824911641868,-0.00010927128875161336,0,0.28512035886921133,0.28515488087812013,0.3288548948993082,0.0,0.28186058588924906,0.2818786586754296,57.779385102489165,32.98853390758199,0,-1
2023-06-30 13:13:00,2023-06-30 13:13:59,0.2858,0.2859,0.2856,0.286,0.2856035801732205,0.285825,0.2856,0.286,True,0.0006782765989381702,-7.422890253972977e-05,0,0.28513761987366576,0.28517271243591735,3.5821765499126386,0.0,0.2819000327958237,0.28191867202194276,84.37645845525509,56.290692366831614,0,-1
2023-06-30 13:14:00,2023-06-30 13:14:59,0.2859,0.286,0.2857,0.286,0.28571429008661026,0.2859,0.2857,0.286,True,0.0006512568418711557,-4.237955126967525e-05,0,0.2851551661547916,0.28519174131290753,6.874552202374296,0.0,0.281939833464522,0.28195928225058015,100.0,80.71861451924813,0,-1
2023-06-30 13:15:00,2023-06-30 13:15:59,0.2859,0.2862,0.2859,0.2863,0.2858071450433051,0.286075,0.2859,0.2863,True,0.0006333099245946454,-7.0982317475799805e-06,0,0.28517345373384956,0.2852127829754922,11.12211839272846,0.0,0.2819809794001984,0.2820014784470918,100.0,94.79215281841842,1,-1
2023-06-30 13:16:00,2023-06-30 13:16:59,0.2862,0.2862,0.2861,0.2864,0.2859410725216526,0.286225,0.2861,0.2864,True,0.0006095020728378827,1.5115204301327517e-05,0,0.28519311835467087,0.2852362941096678,13.953829186297902,0.0,0.28202320846089296,0.28204325478095155,100.0,100.00000000000006,0,-1
2023-06-30 13:17:00,2023-06-30 13:17:59,0.2863,0.2865,0.2862,0.2866,0.2860830362608263,0.2864,0.2862,0.2866,True,0.000594537639063749,4.842926638943146e-05,0,0.2852147062321693,0.2852627888509164,18.544357701671004,0.0,0.2820667586254612,0.2820876005045242,100.0,100.00000000000006,0,-1
2023-06-30 13:18:00,2023-06-30 13:18:59,0.2865,0.2862,0.286,0.2865,0.28624151813041315,0.2863,0.286,0.2865,True,0.0005877849505591955,4.62025642942212e-05,0,0.2852387475415429,0.28529076471854836,15.320288141081662,0.0,0.282108880430183,0.2821285199024891,96.21111067594752,98.73703689198256,0,-1
2023-06-30 13:19:00,2023-06-30 13:19:59,0.2861,0.2861,0.286,0.2864,0.2862707590652066,0.28615,0.286,0.2864,True,0.0005743717398049681,3.473649750787295e-05,0,0.28526475613004565,0.28531868558367507,11.435284413622753,0.0,0.2821490905751563,0.2821680371173897,86.85462763634949,94.35524610409907,0,-2
2023-06-30 13:20:00,2023-06-30 13:20:59,0.2862,0.2864,0.2862,0.2866,0.2862103795326033,0.28635,0.2862,0.2866,True,0.0005690594726760419,4.518356038920373e-05,0,0.2852917208568604,0.28534774379080796,12.575279042145318,0.0,0.2821908906689358,0.28221014620079876,83.09955255065267,88.72176362098328,0,-1
2023-06-30 13:21:00,2023-06-30 13:21:59,0.2863,0.287,0.2863,0.2872,0.28628018976630165,0.28669999999999995,0.2863,0.2872,True,0.0005926980817706112,8.982674010115591e-05,0,0.2853197323238342,0.2853798994373101,17.633845976382418,0.0,0.2822357574284489,0.28225780643760673,86.88844187470515,85.6142073539025,0,-1
2023-06-30 13:22:00,2023-06-30 13:22:59,0.287,0.2867,0.2867,0.2871,0.2864900948831508,0.286875,0.2867,0.2871,True,0.0005789339330727113,9.271342688705391e-05,0,0.2853498158805722,0.2854154737837857,16.32990053583292,0.0,0.2822819190460763,0.2823020073685758,96.24492491430318,88.74430644655372,0,-1
2023-06-30 13:23:00,2023-06-30 13:23:59,0.2868,0.2862,0.2861,0.2868,0.2866825474415754,0.286475,0.2861,0.2868,True,0.0005875815092818018,5.4608001816230315e-05,0,0.28538264483217896,0.2854507511935578,9.828096902121139,0.0,0.2823236412446228,0.28234079336490836,86.53372319512887,89.88902999471246,0,-2
2023-06-30 13:24:00,2023-06-30 13:24:59,0.2862,0.2861,0.286,0.2864,0.28657877372078766,0.286175,0.286,0.28657877372078766,True,0.0005741828300473881,1.905019289619007e-05,0,0.2854166980128684,0.2854834944633883,4.559659778325873,0.0,0.28236196322228824,0.28237819840605355,59.927687862021685,80.90211199048463,0,-2
2023-06-30 13:25:00,2023-06-30 13:25:59,0.2861,0.2864,0.286,0.2864,0.28637688686039386,0.286225,0.286,0.2864,True,0.0005617411993297185,1.4133437932283097e-05,0,0.28545009623812834,0.28551436098654204,4.35427127844337,0.0,0.2824004013991809,0.28241821633236147,30.248539614905695,58.90331689068547,0,-2
2023-06-30 13:26:00,2023-06-30 13:26:59,0.2864,0.2862,0.286,0.2865,0.28630094343019696,0.286275,0.286,0.2865,True,0.0005573311136633101,-5.060974680263131e-06,0,0.2854822286123352,0.28554388120983776,1.9845138884653934,0.0,0.2824389546190895,0.2824558460205967,14.288079679534706,34.821435718820744,0,-2
2023-06-30 13:27:00,2023-06-30 13:27:59,0.2862,0.2861,0.2859,0.2863,0.28628797171509845,0.286125,0.2859,0.2863,True,0.0005460931769730745,-2.5759134406862303e-05,0,0.2855130549110865,0.285571109782142,-0.6873059092809441,-0.0,0.2824756316875563,0.28249210625919774,7.560781679308568,17.36580032458304,0,-2
2023-06-30 13:28:00,2023-06-30 13:28:59,0.2862,0.2862,0.2861,0.2863,0.28620648585754926,0.2862,0.2861,0.2863,True,0.0005213722357607105,-3.2743866101215874e-05,0,0.2855420823466142,0.28559686188430167,-1.0338325488798148,-0.0,0.28251269007872487,0.28252900072428033,6.9553738051815825,9.601411721341671,0,-2
2023-06-30 13:29:00,2023-06-30 13:29:59,0.2861,0.286,0.2858,0.2862,0.28620324292877464,0.28602500000000003,0.2858,0.28620324292877464,True,0.000512702790349232,-5.106681577357811e-05,0,0.2855694721154579,0.2856200741782195,-3.7695906077968573,-3.7695906077968573,0.2825476384361505,0.2825635380305064,3.0487772120903682,5.854977565526892,0,-2
2023-06-30 13:30:00,2023-06-30 13:30:59,0.286,0.286,0.2859,0.2862,0.2861141214643873,0.286025,0.2859,0.2862,True,0.000497509733895717,-6.209994730317522e-05,0,0.2855947731468387,0.2856411276022253,-5.593429313741552,-5.593429313741552,0.2825822390487261,0.28259773168194413,3.0487772120903682,4.350976076454159,0,-2
2023-06-30 13:31:00,2023-06-30 13:31:59,0.286,0.2854,0.2854,0.286,0.28606956073219364,0.28569999999999995,0.2854,0.28606956073219364,True,0.0005048304671888793,-0.00010896609263043498,0,0.28561795037453197,0.28565810703826267,-12.272047720412665,-12.272047720412665,0.28261326154575367,0.28262561494879046,1.0658141036401503e-14,2.0325181413936346,-1,-2
2023-06-30 13:32:00,2023-06-30 13:32:59,0.2855,0.2852,0.2851,0.2857,0.28588478036609677,0.285375,0.2851,0.28588478036609677,True,0.0005116282909611014,-0.00014928870877367755,0,0.2856380287063973,0.28566953265230743,-17.849962607094696,-17.849962607094696,0.28264074153037305,0.2826512307204443,1.0658141036401503e-14,1.0162590706968486,0,-2
2023-06-30 13:33:00,2023-06-30 13:33:59,0.2851,0.2852,0.2851,0.2855,0.2856298901830484,0.285225,0.2851,0.2856298901830484,True,0.0005036548416067339,-0.0001696123074318224,0,0.2856537806793524,0.28567547815185684,-21.568572531549382,-21.568572531549382,0.2826664555449962,0.2826765916087981,1.0658141036401503e-14,6.276460832547552e-14,0,-2
2023-06-30 13:34:00,2023-06-30 13:34:59,0.2852,0.2849,0.2847,0.2852,0.2854274450915242,0.28500000000000003,0.2847,0.2854274450915242,True,0.0005033937814919673,-0.00019638795148651508,0,0.2856646294156046,0.28567552458699536,-25.659531910174646,-25.659531910174646,0.28268967489280716,0.28269871507537725,1.0658141036401503e-14,6.276460832547552e-14,0,-2
2023-06-30 13:35:00,2023-06-30 13:35:59,0.2849,0.2853,0.2848,0.2856,0.2852137225457621,0.28515,0.2848,0.2856,True,0.0005245799399568284,-0.00017781223523760203,0,0.2856700770013,0.28567195548816277,-20.860938390018703,-20.860938390018703,0.2827141557396449,0.28272459850746307,3.767829509541604,1.2559431698472605,0,-1
2023-06-30 13:36:00,2023-06-30 13:36:59,0.2853,0.2853,0.2852,0.2857,0.28518186127288103,0.285375,0.2852,0.2857,True,0.0005228242299599121,-0.00015788775373377274,0,0.2856710162447314,0.28566710808110135,-17.66187604324807,-17.66187604324807,0.28274063180193704,0.28275022439296094,15.938761943392484,6.568863817644751,0,-1
2023-06-30 13:37:00,2023-06-30 13:37:59,0.2854,0.2851,0.285,0.2854,0.28527843063644054,0.28522499999999995,0.285,0.2854,True,0.000514051070677062,-0.00015144233255104985,0,0.2856690621629164,0.2856602583518293,-17.62610641532418,-17.62610641532418,0.2827653518835098,0.2827736052447723,26.646456418915392,15.451015957283213,0,-2
2023-06-30 13:38:00,2023-06-30 13:38:59,0.285,0.2853,0.285,0.2854,0.28525171531822024,0.28517499999999996,0.285,0.2854,True,0.0005059045656287013,-0.00012632509853101526,0,0.28566466025737286,0.28565153612345334,-13.929612277833677,-13.929612277833677,0.28278932848168387,0.2827987435010432,32.36733489809307,24.9841844201337,0,-1
2023-06-30 13:39:00,2023-06-30 13:39:59,0.2853,0.2858,0.2853,0.2858,0.2852133576591101,0.28554999999999997,0.2853,0.2858,True,0.0005054828109409369,-6.948600484314609e-05,0,0.2856580981904131,0.2856439724059261,-5.273778660344206,-5.273778660344206,0.28281679785002534,0.28282860674978905,43.09318048183449,34.035657266281035,0,-1
2023-06-30 13:40:00,2023-06-30 13:40:59,0.2858,0.2854,0.2851,0.2859,0.285381678829555,0.28554999999999997,0.2851,0.2859,True,0.000526519753016582,-5.6290556286874466e-05,0,0.2856510352981696,0.2856373726872834,-4.461575424889347,-0.0,0.2828439938913186,0.2828541927522787,57.04289226225726,44.16780254739499,0,-1
2023-06-30 13:41:00,2023-06-30 13:41:59,0.2854,0.2854,0.2852,0.2855,0.2854658394147775,0.285375,0.2852,0.2855,True,0.0005103397706582523,-4.4384034671204696e-05,0,0.2856442039927265,0.28563037652672396,-3.920106601252776,-0.0,0.28286917803170347,0.2828795241676789,66.69757181069569,55.61121485159587,0,-1
2023-06-30 13:42:00,2023-06-30 13:42:59,0.2854,0.2856,0.2854,0.2857,0.28542041970738874,0.285525,0.2854,0.2857,True,0.0004953155013255216,-2.0058672856737412e-05,0,0.28563729025972523,0.28562414540527686,-0.9662093094224176,-0.0,0.2828956041209403,0.2829065935789458,74.07425638434894,65.93824015243403,0,-1
2023-06-30 13:43:00,2023-06-30 13:43:59,0.2856,0.2854,0.2854,0.2857,0.28547270985369433,0.285525,0.2854,0.2857,True,0.000481364394087986,-1.6192132361973917e-05,0,0.28563071783250105,0.2856185593566228,-1.746602361969103,-0.0,0.2829217672640155,0.28293140359308566,79.69031271965089,73.48738030489858,0,-1
2023-06-30 13:44:00,2023-06-30 13:44:59,0.2854,0.2853,0.2851,0.2855,0.2854988549268471,0.285325,0.2851,0.2855,True,0.0004755526516531267,-1.884286692654404e-05,0,0.2856246385945619,0.2856121472918565,-3.55308877954441,-0.0,0.28294568002755766,0.28295497171653755,84.80292511639362,79.52249807346455,0,-1
2023-06-30 13:45:00,2023-06-30 13:45:59,0.2853,0.2853,0.2852,0.2856,0.2854119274634236,0.28535,0.2852,0.2856,True,0.00047015603367790416,-1.870030003158895e-05,0,0.2856183929432092,0.2856053004189661,-4.757413057927941,-0.0,0.282969603609373,0.28297830533129836,80.25247817843524,81.58190533815998,0,-1
2023-06-30 13:46:00,2023-06-30 13:46:59,0.2853,0.2852,0.2851,0.2854,0.2853809637317118,0.28525,0.2851,0.2854,True,0.0004580020312723372,-2.358479095154395e-05,0,0.28561184668108763,0.28559747208906455,-7.078703677131621,-7.078703677131621,0.2829922941207225,0.2830004117459123,71.09762033105973,78.71767454196294,0,-2
2023-06-30 13:47:00,2023-06-30 13:47:59,0.2851,0.2851,0.2851,0.2853,0.28531548186585587,0.28515,0.2851,0.28531548186585587,True,0.00043957331475288295,-3.146161918325674e-05,0,0.2856046593850761,0.28558823865547783,-10.070266781033972,-10.070266781033972,0.2830137638309641,0.28302130317132607,63.460261982463386,71.60345349731952,0,-2
2023-06-30 13:48:00,2023-06-30 13:48:59,0.2851,0.2848,0.2847,0.2853,0.28523274093292794,0.284975,0.2847,0.2853,True,0.0004510323636991048,-5.4582351382082e-05,0,0.285596449020277,0.28557676163894574,-15.340275106283364,-15.340275106283364,0.2830332786187157,0.2830390016472333,38.50157949512914,57.68648726955082,0,-2
2023-06-30 13:49:00,2023-06-30 13:49:59,0.2849,0.2846,0.2845,0.2849,0.28510387046646396,0.284725,0.2845,0.28510387046646396,True,0.0004473871948634553,-7.957440355503385e-05,0,0.2855866053296114,0.28556188171245517,-20.36542172511007,-20.36542172511007,0.28305011166728566,0.28305453396915137,17.382974751257034,39.78160540961659,0,-2
2023-06-30 13:50:00,2023-06-30 13:50:59,0.2846,0.2838,0.2836,0.2847,0.284914435233232,0.284175,0.2836,0.284914435233232,True,0.0004940023952303506,-0.00014566716898752752,0,0.2855742435210333,0.2855406511582373,-26.81243905407773,-26.81243905407773,0.28306130458601914,0.28306195154159763,0.7643331659529456,18.882962470779777,0,-2
2023-06-30 13:51:00,2023-06-30 13:51:59,0.2838,0.2835,0.2834,0.284,0.28454471761661604,0.28367499999999995,0.2834,0.28454471761661604,True,0.0005015736527138962,-0.0002008418352075825,0,0.2855574473396353,0.2855111358425959,-31.714074594525542,-31.714074594525542,0.2830674110080488,0.283066310232726,2.5461114698070258e-14,6.04910263907007,0,-2
2023-06-30 13:52:00,2023-06-30 13:52:59,0.2836,0.2828,0.2825,0.2836,0.28410985880830797,0.283125,0.2825,0.28410985880830797,True,0.0005443183918057641,-0.00027358105253881163,0,0.2855342915911156,0.28547152679757054,-35.91498472137252,-35.91498472137252,0.28306798403284433,0.283063660379664,2.5461114698070258e-14,0.25477772198440024,0,-2
2023-06-30 13:53:00,2023-06-30 13:53:59,0.2829,0.2834,0.2828,0.2835,0.283617429404154,0.28315,0.2828,0.283617429404154,True,0.0005554385066767794,-0.0002648209273572313,0,0.28550290919434307,0.28542441417517445,-30.74816796979713,-30.74816796979713,0.2830688001121195,0.28306700704255294,0.7643144162125127,0.2547714720709226,0,-2
2023-06-30 13:54:00,2023-06-30 13:54:59,0.2834,0.2831,0.2829,0.2835,0.283383714702077,0.28322499999999995,0.2829,0.2835,True,0.0005586214704855801,-0.00026504421912266736,0,0.28546366168475873,0.2853722317559969,-28.605246380299683,-28.605246380299683,0.2830703543398596,0.28306733533068673,3.9145435508368354,1.5596193223498593,0,-2
2023-06-30 13:55:00,2023-06-30 13:55:59,0.283,0.2831,0.2829,0.2834,0.2833043573510385,0.2831,0.2829,0.2834,True,0.000554434222593753,-0.0002500613857751774,0,0.2854179467203778,0.28531555824411614,-27.176631987301384,-27.176631987301384,0.28307064932155257,0.28306766035227193,6.051095374924763,3.5766511139914385,0,-2
2023-06-30 13:56:00,2023-06-30 13:56:59,0.2831,0.2828,0.2827,0.2831,0.2832021786755192,0.282925,0.2827,0.2832021786755192,True,0.0005434032066942001,-0.00024608319077318774,0,0.28536675248224697,0.2852545370178216,-27.591338988376776,-27.591338988376776,0.2830692000745719,0.2830649970651847,6.053997592768607,5.3398788395101375,0,-2
2023-06-30 13:57:00,2023-06-30 13:57:59,0.2829,0.2827,0.2825,0.2829,0.2830635893377596,0.28275,0.2825,0.2830635893377596,True,0.0005331601205017581,-0.00023528238998596167,0,0.28531064475003426,0.2851893107897933,-28.299730077934008,-28.299730077934008,0.2830660239544269,0.2830613652535908,2.903768458144285,5.00295380861262,0,-2
2023-06-30 13:58:00,2023-06-30 13:58:59,0.2828,0.2827,0.2826,0.2831,0.2829067946688798,0.28280000000000005,0.2826,0.2831,True,0.0005307915404659183,-0.0002133142222447966,0,0.2852499777699138,0.28512156450879134,-28.771990804305496,-28.771990804305496,0.28306337694990524,0.28305776957942574,2.748670571076944,3.9021455406633474,0,-1
2023-06-30 13:59:00,2023-06-30 13:59:59,0.2827,0.2827,0.2826,0.2829,0.2828533973344399,0.282725,0.2826,0.2829,True,0.000514306430432636,-0.00018476406769041157,0,0.28518577113935256,0.28505178440413426,-29.086831288553153,-29.086831288553153,0.2830600100150803,0.28305420968311307,3.3738856570191467,3.008774895413527,0,-1
2023-06-30 14:00:00,2023-06-30 14:00:59,0.2827,0.283,0.2825,0.2832,0.28278919866721997,0.28285,0.2825,0.2832,True,0.0005275702568303073,-0.00013236721665359403,0,0.28511877777174344,0.2849817394544702,-22.988833699247053,-22.988833699247053,0.28305792036318894,0.2830536702832811,11.04834721140648,5.723634479834259,0,-1
2023-06-30 14:01:00,2023-06-30 14:01:59,0.2829,0.2837,0.2829,0.2838,0.28281959933361,0.283325,0.2829,0.2838,True,0.0005541723813424291,-3.9260576849144244e-05,0,0.28505025861310684,0.28491522557846044,-10.832271575029111,-0.0,0.28306057787201294,0.283060101424741,41.21906665619809,18.547099841541307,0,-1
2023-06-30 14:02:00,2023-06-30 14:02:59,0.2838,0.2832,0.2831,0.2838,0.283072299666805,0.283475,0.2831,0.2838,True,0.0005645886398179683,-6.235725886744102e-06,0,0.28498274209578367,0.28485297725701564,-8.123331527659644,-0.0,0.2830647014752765,0.28306149345036546,73.15996826953288,41.80912737904588,0,-1
2023-06-30 14:03:00,2023-06-30 14:03:59,0.2832,0.2826,0.2826,0.2833,0.28327364983340253,0.282925,0.2826,0.2833,True,0.0005742608798309691,-2.038530114000024e-05,0,0.28491785967639965,0.2847907407414561,-10.55121381530033,-0.0,0.2830633114108459,0.283056901475735,88.25079144355084,67.54327545642734,0,-2
2023-06-30 14:04:00,2023-06-30 14:04:59,0.2827,0.2825,0.2824,0.2827,0.28309932491670126,0.28257499999999997,0.2824,0.28309932491670126,True,0.0005546708169859015,-3.008030359449355e-05,0,0.2848543002089279,0.2847265391572234,-12.757589016375036,-0.0,0.2830584525908375,0.2830513601675187,73.57072691229445,78.32716220845946,0,-2
2023-06-30 14:05:00,2023-06-30 14:05:59,0.2824,0.2826,0.2824,0.2831,0.2828371624583506,0.282625,0.2824,0.2831,True,0.0005650514729154824,-2.2696606131607363e-05,0,0.28479041968307567,0.28466157400492204,-12.937864483272897,-0.0,0.28305413962973464,0.2830468690215732,59.48754535708465,73.76968790431003,0,-1
2023-06-30 14:06:00,2023-06-30 14:06:59,0.2827,0.2825,0.2825,0.2828,0.28273108122917534,0.28262499999999996,0.2825,0.2828,True,0.0005461192248500924,-1.827974933286242e-05,0,0.28472599684399885,0.2845964534201433,-13.849540071646153,-0.0,0.2830498695836676,0.2830414275387715,55.97241240680199,63.01022822539375,0,-1
2023-06-30 14:07:00,2023-06-30 14:07:59,0.2825,0.2825,0.2824,0.2828,0.2826780406145877,0.28254999999999997,0.2824,0.2828,True,0.0005356821373608009,-9.092366355628384e-06,0,0.28466122513207104,0.28453114267898716,-14.457323797228327,-0.0,0.28304489575696445,0.2830360402000772,56.49469284015461,57.31821686801381,0,-1
2023-06-30 14:08:00,2023-06-30 14:08:59,0.2824,0.2821,0.2819,0.2825,0.2826140203072938,0.282225,0.2819,0.2826140203072938,True,0.0005402762704064572,-2.4646913662151708e-05,0,0.2845961839055291,0.28446390048189174,-17.96893465333585,-17.96893465333585,0.2830367375902285,0.28302672636724063,50.2010694491943,54.222724898717026,0,-2
2023-06-30 14:09:00,2023-06-30 14:09:59,0.282,0.2821,0.2818,0.2822,0.2824195101536469,0.282025,0.2818,0.2824195101536469,True,0.0005302565368059968,-2.8030697585492586e-05,0,0.2845300421937104,0.28439422677624104,-20.31000855740753,-20.31000855740753,0.28302667054952974,0.28301750520935764,41.16464969979754,49.28680399638221,0,-1
2023-06-30 14:10:00,2023-06-30 14:10:59,0.2821,0.2824,0.2819,0.2825,0.28222225507682347,0.282225,0.2819,0.2825,True,0.0005352382127484248,-2.77659243907275e-06,0,0.2844621344849757,0.28432448897521423,-16.203164469671478,-0.0,0.28301869372814137,0.28301136087891626,41.54147632321524,44.302398490735754,0,-1
2023-06-30 14:11:00,2023-06-30 14:11:59,0.2823,0.2826,0.2823,0.2826,0.28222362753841174,0.28245,0.2823,0.2826,True,0.0005184354832663961,3.300631723393587e-05,0,0.28439331173009497,0.28425672292620535,-10.49750334207451,-0.0,0.28301303508408027,0.28300726773584245,55.09139731346889,45.93250777882728,0,-1
2023-06-30 14:12:00,2023-06-30 14:12:59,0.2826,0.2828,0.2826,0.2829,0.28233681376920583,0.282725,0.2826,0.2829,True,0.0005028329487473654,7.393595386087095e-05,0,0.2843250173281502,0.2841928609910426,-4.1481813945493045,-0.0,0.28301016906334314,0.28300520537031165,78.21099861807635,58.28129075158688,0,-1
2023-06-30 14:13:00,2023-06-30 14:13:59,0.2829,0.2824,0.2824,0.2829,0.2825309068846029,0.28264999999999996,0.2824,0.2829,True,0.0005026305952654109,7.50918809574409e-05,0,0.2842589391595964,0.2841319963731972,-5.221357357908069,-0.0,0.2830065852915686,0.28299918342632846,91.20766110280896,74.83668567811812,0,-1
2023-06-30 14:14:00,2023-06-30 14:14:59,0.2824,0.2825,0.2824,0.2825,0.28259045344230144,0.28245,0.2824,0.28259045344230144,True,0.00047387126703216646,8.464410380892504e-05,0,0.2841954677663968,0.2840725369476675,-4.494761619589575,-0.0,0.28300104712946345,0.2829942164270615,90.31781957495194,86.5788264319458,0,-1
2023-06-30 14:15:00,2023-06-30 14:15:59,0.2824,0.2826,0.2824,0.2827,0.28252022672115074,0.28252499999999997,0.2824,0.2827,True,0.00046145189081558475,9.90577191284786e-05,0,0.2841340023570322,0.28401510637458205,-2.5431739171843333,-0.0,0.2829963103421056,0.28299029387554847,86.05062604242211,89.19203557339438,0,-1
2023-06-30 14:16:00,2023-06-30 14:16:59,0.2825,0.2821,0.282,0.2826,0.2825226133605754,0.2823,0.282,0.2826,True,0.0004713481843287605,7.46626475532586e-05,0,0.28407455436580714,0.28395812342682125,-6.9327858169069145,-0.0,0.2829893818809901,0.2829814352300206,77.45652075314091,84.60832212350503,0,-2
2023-06-30 14:17:00,2023-06-30 14:17:59,0.282,0.2815,0.2814,0.282,0.2824113066802877,0.28172499999999995,0.2814,0.2824113066802877,True,0.0004876804568767086,1.9292819750189568e-05,0,0.2840163388963142,0.2838979387497552,-13.55897643859123,-0.0,0.2829768009667514,0.2829666945809657,61.71597404558772,75.07437361371696,0,-2
2023-06-30 14:18:00,2023-06-30 14:18:59,0.2816,0.2817,0.2816,0.282,0.2820681533401438,0.281725,0.2816,0.2820681533401438,True,0.000488560424242658,1.208500483619113e-06,0,0.28395713882303475,0.2838356462595797,-15.041223926317045,-0.0,0.28296434523573893,0.28295409065478694,42.52589538679355,60.56613006184076,0,-2
2023-06-30 14:19:00,2023-06-30 14:19:59,0.2818,0.2814,0.2814,0.2818,0.2818965766700719,0.28159999999999996,0.2814,0.2818965766700719,True,0.00048223467965389757,-2.6245334440452698e-05,0,0.2838963925413072,0.28377126403311503,-17.853642095266366,-0.0,0.282950769661254,0.2829386270661821,27.104238748923592,43.78203606043498,0,-2
2023-06-30 14:20:00,2023-06-30 14:20:59,0.2815,0.2817,0.2813,0.2819,0.28174828833503596,0.28159999999999996,0.2813,0.2819,True,0.000490646488250047,-1.7338520230623e-05,0,0.28383382828721115,0.2837056782731155,-15.55728633967398,-0.0,0.2829373291671122,0.28292630241875744,24.580294071824472,31.40347606918056,0,-1
2023-06-30 14:21:00,2023-06-30 14:21:59,0.2818,0.2816,0.2815,0.2822,0.28167414416751796,0.281775,0.2815,0.2822,True,0.0005056003105179032,-1.2723594695936234e-05,0,0.28376975328016335,0.28364079563686806,-14.85625067035965,-0.0,0.2829257637027628,0.28291310537976483,31.6227375631055,27.769090127951213,0,-1
2023-06-30 14:22:00,2023-06-30 14:22:59,0.2815,0.2816,0.2814,0.2819,0.281724572083759,0.28159999999999996,0.2814,0.2819,True,0.000505200288338053,-4.212791239443072e-06,0,0.28370527445851573,0.28357571105267415,-14.388893557483428,-0.0,0.28291257202412834,0.28290003965459304,36.87632867879499,31.026453437908344,0,-1
2023-06-30 14:23:00,2023-06-30 14:23:59,0.2817,0.2815,0.2815,0.2818,0.2816622860418795,0.28162499999999996,0.2815,0.2818,True,0.0004905431248853365,-4.155659816965432e-07,0,0.283640492755595,0.28351108554949117,-15.10200915396834,-0.0,0.2828997603621967,0.28288610891176125,38.06888796187703,35.522651401259196,0,-1
2023-06-30 14:24:00,2023-06-30 14:24:59,0.2815,0.282,0.2814,0.2822,0.2816436430209397,0.281775,0.2814,0.2822,True,0.0005126471873935284,4.130723463057135e-05,0,0.2835757891525431,0.2834482940432151,-8.13929714788825,-0.0,0.28288856871680174,0.28287729190766414,40.50552486312973,38.48358050126728,0,-1
2023-06-30 14:25:00,2023-06-30 14:25:59,0.282,0.2825,0.282,0.2825,0.28170932151046985,0.28225,0.282,0.2825,True,0.0005117438168654192,0.00010560937171456733,0,0.2835120415978791,0.28339063627725697,0.732078467424202,0.0,0.2828822147992216,0.28287353775932916,61.233150615866016,46.60252114695762,0,-1
2023-06-30 14:26:00,2023-06-30 14:26:59,0.2824,0.2828,0.2823,0.2828,0.28197966075523495,0.28257499999999997,0.2823,0.2828,True,0.0005109049728036036,0.00016773599712719323,0,0.2834513389375681,0.28333964578037224,8.445836161860605,8.445836161860605,0.28287915793554774,0.2828728060403309,86.02180820120975,62.58682789340185,0,-1
2023-06-30 14:27:00,2023-06-30 14:27:59,0.2828,0.2829,0.2826,0.283,0.2822773303776175,0.282825,0.2826,0.283,True,0.0005029831890319144,0.00021167858855155968,0,0.28339549235897016,0.28329596958621855,14.146639427101917,14.146639427101917,0.2828786190506169,0.28287307662699424,100.00000000000001,82.41831960569196,0,2
2023-06-30 14:28:00,2023-06-30 14:28:59,0.2829,0.2829,0.2828,0.2831,0.28255116518880874,0.282925,0.2828,0.2831,True,0.0004884843898153506,0.00023468897211944412,0,0.28334573097259436,0.28325903776553,17.947174937262787,17.947174937262787,0.2828790805526008,0.282873344521253,100.00000000000001,95.34060273373662,0,2
2023-06-30 14:29:00,2023-06-30 14:29:59,0.2828,0.283,0.2827,0.283,0.28273808259440436,0.282875,0.2827,0.283,True,0.0004750212191142518,0.00024960690045234255,0,0.2833023843690622,0.2832273261758934,21.169688214914743,21.169688214914743,0.28287903995008734,0.2828746047747729,98.79509743403499,99.59836581134503,0,2
2023-06-30 14:30:00,2023-06-30 14:30:59,0.283,0.2831,0.2828,0.2832,0.2828065412972022,0.28302499999999997,0.2828,0.2832,True,0.0004696625606060918,0.00025821550274014883,0,0.2832648552724778,0.2832009712456245,24.005084076883165,24.005084076883165,0.28288049228889245,0.28287684751333236,98.79509743403499,99.19673162269002,1,2
2023-06-30 14:31:00,2023-06-30 14:31:59,0.2831,0.2828,0.2827,0.2833,0.2829157706486011,0.282975,0.2827,0.2833,True,0.00047897237770565596,0.00023450827616341557,0,0.28323291325905114,0.28317867142062286,19.283480908383495,19.283480908383495,0.28288143266412735,0.28287608286145843,97.53132535141623,98.3738400731621,0,2
2023-06-30 14:32:00,2023-06-30 14:32:59,0.2827,0.2825,0.2824,0.2828,0.2829453853243005,0.28259999999999996,0.2824,0.2829453853243005,True,0.00047333149358382416,0.00019058941240192794,0,0.283205792339837,0.2831571443102314,11.547481396127964,11.547481396127964,0.28287863233911115,0.282872340743434,88.89217988999816,95.07286755848315,0,1
2023-06-30 14:33:00,2023-06-30 14:33:59,0.2825,0.2822,0.2821,0.2825,0.2827726926621502,0.282325,0.2821,0.2827726926621502,True,0.000468093529756405,0.00013526380744185832,0,0.2831814683250342,0.28313448646990447,3.0678024336412335,3.0678024336412335,0.2828731235596175,0.28286565078578785,73.81886305218893,86.74745609786781,-1,1
2023-06-30 14:34:00,2023-06-30 14:34:59,0.2822,0.2821,0.2821,0.2823,0.28254884633107513,0.282175,0.2821,0.28254884633107513,True,0.00044894399191666023,8.854084870930516e-05,0,0.28315797739746934,0.2831100646953081,-3.543840558018239,-0.0,0.28286617705653677,0.28285803237000884,55.78487238335936,72.83197177518218,0,1
2023-06-30 14:35:00,2023-06-30 14:35:59,0.2821,0.282,0.282,0.2821,0.28236192316553754,0.28205,0.282,0.28236192316553754,True,0.00042401942106547343,4.933297311549798e-05,0,0.28313402104638874,0.2830835640892687,-8.917887598515023,-0.0,0.28285805589179513,0.28284949473448634,44.03454711368047,57.87942751640963,0,1
2023-06-30 14:36:00,2023-06-30 14:36:59,0.282,0.2817,0.2815,0.282,0.2822059615827688,0.2818,0.2815,0.2822059615827688,True,0.00042944660527508254,2.949353078746824e-06,0,0.2831087925678287,0.2830538933610883,-14.916975037094275,-0.0,0.2828475279724738,0.2828380569759342,32.59339411045283,44.137604535830924,0,1
2023-06-30 14:37:00,2023-06-30 14:37:59,0.2817,0.2817,0.2817,0.282,0.2820029807913844,0.281775,0.2817,0.2820029807913844,True,0.00042020041918400285,-2.5424462225722127e-05,0,0.2830813429644585,0.28302175881961467,-18.916366662813772,-18.916366662813772,0.2828368560523497,0.2828267330259249,20.1881755052627,32.27203890979871,0,-2
2023-06-30 14:38:00,2023-06-30 14:38:59,0.2818,0.2819,0.2816,0.2819,0.2818889903956922,0.2818,0.2816,0.2819,True,0.00041161467495657173,-2.7124666008468054e-05,0,0.2830515508920366,0.2829880765043233,-16.798308330859363,-16.798308330859363,0.2828265390767044,0.2828175118017864,9.406962876432647,20.729510830716105,0,-2
2023-06-30 14:39:00,2023-06-30 14:39:59,0.2818,0.2817,0.2817,0.2819,0.2818444951978461,0.281775,0.2817,0.2819,True,0.00039649934103110074,-3.888751398278351e-05,0,0.28301981369817997,0.2829532351857366,-17.669467749020967,-17.669467749020967,0.2828160760013143,0.2828063922813706,2.946689612003963,10.847275997899816,0,-2
2023-06-30 14:40:00,2023-06-30 14:40:59,0.2817,0.2819,0.2816,0.282,0.2818097475989231,0.2818,0.2816,0.282,True,0.00039674938810030467,-2.9135980351520786e-05,0,0.2829865244419583,0.2829178919507894,-14.084927466294985,-0.0,0.282805965792346,0.28279737345270023,2.7556757856256033,5.036442758020785,0,-1
2023-06-30 14:41:00,2023-06-30 14:41:59,0.282,0.2816,0.2816,0.282,0.2818048737994615,0.2818,0.2816,0.282,True,0.00039698157466456547,-4.015070970589873e-05,0,0.2829522081963739,0.2828823960457398,-15.210037510737045,-0.0,0.28279595618247194,0.2827854592889918,3.237266528500825,2.9798773087101775,0,-2
2023-06-30 14:42:00,2023-06-30 14:42:59,0.2816,0.2818,0.2816,0.2818,0.2818024368997307,0.2817,0.2816,0.2818024368997307,True,0.0003829114621885235,-2.974565844862491e-05,0,0.28291730212105687,0.28284633737575565,-12.278262751031995,-0.0,0.2827850511458304,0.2827756537239272,2.8786763006330545,2.9572062049198746,0,-1
2023-06-30 14:43:00,2023-06-30 14:43:59,0.2818,0.2817,0.2817,0.2818,0.2817512184498654,0.28175,0.2817,0.2818,True,0.0003627035006036282,-2.6482093116107796e-05,0,0.28288181974840626,0.2828104260909774,-11.62335190415478,-0.0,0.28277475212945397,0.2827649507017986,3.8729215042816256,3.3296214444718824,0,-2
2023-06-30 14:44:00,2023-06-30 14:44:59,0.2818,0.2818,0.2818,0.282,0.28175060922493267,0.28185,0.2818,0.282,True,0.0003582246791319381,-1.422472268929444e-05,0,0.28284612291969186,0.28277556333955867,-9.237862997607131,-0.0,0.28276555061572806,0.2827553492022782,10.062292400785868,5.6046300685668955,0,-1
2023-06-30 14:45:00,2023-06-30 14:45:59,0.2818,0.2815,0.2815,0.2819,0.2818003046124663,0.28167499999999995,0.2815,0.2819,True,0.0003612086306225148,-2.4108260257086126e-05,0,0.2828108431296253,0.2827405646152715,-11.573956046470151,-0.0,0.2827546993658203,0.2827428581654396,13.169468249481213,9.034894051516282,0,-2
2023-06-30 14:46:00,2023-06-30 14:46:59,0.2815,0.2818,0.2815,0.2819,0.28173765230623316,0.28167499999999995,0.2815,0.2819,True,0.00036397944272090736,-6.680604392237657e-06,0,0.2827757038724484,0.2827056989670572,-7.900223086543917,-0.0,0.28274395608854846,0.28273347649215164,15.4668845456374,12.899548398634876,0,-1
2023-06-30 14:47:00,2023-06-30 14:47:59,0.2819,0.2818,0.2818,0.2821,0.2817063261531165,0.2819,0.2818,0.2821,True,0.0003594094825265584,7.061586439906394e-06,0,0.2827407014197528,0.2826727210452758,-5.451067779926426,-0.0,0.28273555851552806,0.28272418816884665,41.171508832149975,23.26928720908958,0,-1
2023-06-30 14:48:00,2023-06-30 14:48:59,0.2818,0.2818,0.2817,0.2819,0.2818031630765583,0.2818,0.2817,0.2819,True,0.00034802309091751694,1.7792485864182148e-05,0,0.2827067112325143,0.2826407695010583,-3.8182975755147694,-0.0,0.28272624947557257,0.2827149922666691,62.27815285647669,39.63884874475474,0,2
2023-06-30 14:49:00,2023-06-30 14:49:59,0.2817,0.282,0.2815,0.282,0.28180158153827917,0.2818,0.2815,0.282,True,0.0003588785844234086,3.9779934484349805e-05,0,0.2826737403667863,0.28260984525268773,0.8829562792542376,0.0,0.2827170330628803,0.28270787791575697,81.76097307937748,61.73687825600143,0,2
2023-06-30 14:50:00,2023-06-30 14:50:59,0.282,0.2814,0.2814,0.282,0.28180079076913955,0.28169999999999995,0.2814,0.282,True,0.00037610154267887866,1.3135805488236334e-05,0,0.282641792809737,0.2825792558684461,-4.736492174545738,-0.0,0.28270691333091136,0.28269486420515244,63.27396438274886,69.1043634395344,0,1
2023-06-30 14:51:00,2023-06-30 14:51:59,0.2815,0.2814,0.2812,0.2815,0.28175039538456975,0.2814,0.2812,0.28175039538456975,True,0.00037066571820181356,-2.6324492125637646e-06,0,0.28261052433909156,0.2825470816817554,-8.482791143745722,-0.0,0.28269390921816595,0.28268197998420563,39.0601445097268,61.3650273239511,0,-2
2023-06-30 14:52:00,2023-06-30 14:52:59,0.2813,0.2817,0.2812,0.2817,0.2815751976922849,0.281475,0.2812,0.2817,True,0.00037990388118739834,9.914570657039337e-06,0,0.2825788030104235,0.2825143950978479,-5.729666042048493,-0.0,0.28268178076823397,0.2826722090390892,22.967600397328813,41.767236429934876,0,2
2023-06-30 14:53:00,2023-06-30 14:53:59,0.2817,0.2817,0.2816,0.2819,0.2815250988461424,0.281725,0.2816,0.2819,True,0.0003741964611025818,1.9617331119073877e-05,0,0.2825465990541357,0.2824832446306011,-3.894249307583671,-0.0,0.2826722605615849,0.28266253531730723,40.44622154209407,34.15798881638327,0,2
2023-06-30 14:54:00,2023-06-30 14:54:59,0.2818,0.2817,0.2816,0.2818,0.2816250494230712,0.281725,0.2816,0.2818,True,0.0003617538567381101,2.7013528366002636e-05,0,0.28251492184236837,0.28245351728413676,-2.670638151273785,-0.0,0.28266283508336015,0.2826529578514634,72.77116732356404,45.39499642099569,0,2
2023-06-30 14:55:00,2023-06-30 14:55:59,0.2816,0.2818,0.2816,0.282,0.2816750247115356,0.28175,0.2816,0.282,True,0.00036448572411395625,3.939942686056986e-05,0,0.28248421956325254,0.28242528585847004,0.1690549347272139,0.0,0.28265375214720734,0.2826444707086628,97.98322489627328,70.40020458731051,0,2
2023-06-30 14:56:00,2023-06-30 14:56:59,0.2818,0.282,0.2817,0.2821,0.2817125123557678,0.2819,0.2817,0.2821,True,0.00036702245810581733,6.124803565488141e-05,0,0.2824547527108613,0.28239945503889047,5.372048181154291,5.372048181154291,0.2826462521258421,0.28263805806479547,98.99161244813665,89.91533488932471,0,2
2023-06-30 14:57:00,2023-06-30 14:57:59,0.282,0.2817,0.2817,0.2821,0.2818062561778839,0.281875,0.2817,0.2821,True,0.0003693779968125455,5.384790730831289e-05,0,0.2824271038748759,0.2823755199336716,2.5224422107437405,0.0,0.2826385779753362,0.282628724153703,98.45349560598562,98.47611098346523,0,1
2023-06-30 14:58:00,2023-06-30 14:58:59,0.2818,0.2817,0.2817,0.2819,0.28184062808894195,0.281775,0.2817,0.2819,True,0.00035727956846879066,4.835333931179503e-05,0,0.28240131190427376,0.28235255545163024,0.6227048971367068,0.0,0.2826299851596612,0.28261948311734775,90.76718468090563,96.07076424500936,0,1
2023-06-30 14:59:00,2023-06-30 14:59:59,0.2818,0.2817,0.2817,0.2818,0.281807814044471,0.28175,0.2817,0.281807814044471,True,0.00033890245643530484,4.42585250772732e-05,0,0.28237693367795197,0.28233034118222455,-0.6437866452679799,-0.0,0.2826212290884208,0.282610334031603,81.55904132500042,90.25990720396395,0,2
2023-06-30 15:00:00,2023-06-30 15:00:59,0.2818,0.2818,0.2817,0.2821,0.2817789070222355,0.28185,0.2817,0.2821,True,0.00034326656668992676,4.803742734260213e-05,0,0.28235363743008823,0.28230955608036157,1.0351907420499415,0.0,0.282613555167143,0.28260227100641294,81.09287659967373,84.47303420185999,0,2
2023-06-30 15:01:00,2023-06-30 15:01:59,0.2817,0.282,0.2817,0.282,0.2818144535111178,0.28185,0.2817,0.282,True,0.0003401760976406439,6.351597776181532e-05,0,0.2823315967552249,0.28229003878005876,6.025750115392967,6.025750115392967,0.2826059576032908,0.2825962782600805,86.76651840541264,83.13947877669564,0,2
2023-06-30 15:02:00,2023-06-30 15:02:59,0.282,0.2823,0.2819,0.2823,0.28183222675555886,0.282125,0.2819,0.2823,True,0.00034444923352345587,9.261719684173716e-05,0,0.28231081776764183,0.28227354033072904,12.914157147950931,12.914157147950931,0.2826011719554969,0.2825933302176916,95.97466176131785,87.94468558880146,0,2
2023-06-30 15:03:00,2023-06-30 15:03:59,0.2823,0.2828,0.2822,0.2829,0.2819786133777794,0.28254999999999997,0.2822,0.2829,True,0.00036984571684320745,0.00014278237684913495,1,0.2822921790491854,0.28226244779288123,20.505345171497595,20.505345171497595,0.28260066278181034,0.282595386633436,97.98733088065892,93.57617034912987,1,2
2023-06-30 15:04:00,2023-06-30 15:04:59,0.2828,0.283,0.2827,0.2831,0.2822643066888897,0.28290000000000004,0.2827,0.2831,True,0.0003719995942115506,0.0001835091955508062,0,0.2822773134210333,0.2822580888459796,26.311852953986048,26.311852953986048,0.2826036412615933,0.2825994126370834,100.0,97.98733088065899,0,2
2023-06-30 15:05:00,2023-06-30 15:05:59,0.283,0.283,0.2828,0.2831,0.28258215334444486,0.282975,0.2828,0.2831,True,0.0003668567660535843,0.00020229138113097816,0,0.2822677011335064,0.2822595757893556,30.182858142311673,30.182858142311673,0.2826073363734183,0.282603398580993,100.0,99.32911029355303,0,2
2023-06-30 15:06:00,2023-06-30 15:06:59,0.2831,0.2831,0.2829,0.2832,0.2827785766722224,0.28307499999999997,0.2829,0.2832,True,0.00036208128276404416,0.00021256927903649835,0,0.282263638461431,0.28226634114759264,33.17069484184921,33.17069484184921,0.282611989742837,0.2826083398886448,100.0,100.00000000000006,0,2
2023-06-30 15:07:00,2023-06-30 15:07:59,0.283,0.2831,0.2829,0.2833,0.2829267883361112,0.28307499999999997,0.2829,0.2833,True,0.00036478976256661323,0.00020968324324311974,0,0.28226498980451176,0.28227721582141835,35.16258597487425,35.16258597487425,0.28261659681007245,0.2826132320290563,100.0,100.00000000000006,0,2
2023-06-30 15:08:00,2023-06-30 15:08:59,0.2831,0.283,0.2829,0.2834,0.2830008941680556,0.2831,0.2829,0.2834,True,0.000374447636668998,0.0001912164156070075,0,0.282271102812965,0.2822914227030656,32.71228999031389,32.71228999031389,0.28262140679206177,0.28261708046657813,100.0,100.00000000000006,0,2
2023-06-30 15:09:00,2023-06-30 15:09:59,0.2831,0.2828,0.2828,0.2831,0.2830504470840278,0.28295000000000003,0.2828,0.2831,True,0.00036912994833549975,0.00015633591903154115,0,0.2822812627580153,0.28230712642152844,25.014483307814814,25.014483307814814,0.28262467637622035,0.28261890056143807,92.83828696812442,97.61276232270819,0,1
2023-06-30 15:10:00,2023-06-30 15:10:59,0.2828,0.2829,0.2826,0.283,0.28300022354201393,0.282825,0.2826,0.28300022354201393,True,0.00037133495202581806,0.00013272573239372546,0,0.28229419458977184,0.28232304323300067,21.53857640741778,21.53857640741778,0.2826266696461087,0.282621697570777,80.22215456440442,91.02014717750967,0,1
2023-06-30 15:11:00,2023-06-30 15:11:59,0.2829,0.2824,0.2824,0.2829,0.28291261177100696,0.28264999999999996,0.2824,0.28291261177100696,True,0.00038052531259540257,7.61026431198989e-05,0,0.28230861891138626,0.28233781792173784,10.078492060017886,10.078492060017886,0.2826269017889335,0.2826194916247991,60.714868473291745,77.92510333527359,0,1
2023-06-30 15:12:00,2023-06-30 15:12:59,0.2825,0.2832,0.2825,0.2833,0.28278130588550343,0.282875,0.2825,0.2833,True,0.0004176306474100175,8.969657077350073e-05,0,0.28232321841656205,0.2823531357784161,11.846891226706411,11.846891226706411,0.2826293704278496,0.28262526782753744,53.8447898494064,64.92727096236759,0,2
2023-06-30 15:13:00,2023-06-30 15:13:59,0.2831,0.2827,0.2826,0.2832,0.2828281529427517,0.28290000000000004,0.2826,0.2832,True,0.0004306570297378727,5.8788309238568665e-05,0,0.28233817709748904,0.28236894770483395,7.534027861667354,0.0,0.28263206325941326,0.28262601143124355,51.13643283610359,55.232030386267304,0,1
2023-06-30 15:14:00,2023-06-30 15:14:59,0.2826,0.2825,0.2824,0.2828,0.2828640764713759,0.28257499999999997,0.2824,0.2828640764713759,True,0.00042846724189945406,2.097118560456744e-05,0,0.2823535624011615,0.28238281028357576,2.8997186058440434,0.0,0.28263149546578725,0.28262475758615657,42.263677152982126,49.08163327949743,0,1
2023-06-30 15:15:00,2023-06-30 15:15:59,0.2825,0.2821,0.282,0.2827,0.28271953823568796,0.282325,0.282,0.28271953823568796,True,0.00044786243890663834,-3.336334158357036e-05,0,0.28236818634236865,0.2823933277492845,-3.181364649600262,-3.181364649600262,0.28262844575966,0.2826195361176376,22.96213547540971,38.78741515483187,0,1
2023-06-30 15:16:00,2023-06-30 15:16:59,0.2821,0.282,0.2819,0.2822,0.28252226911784395,0.28205,0.2819,0.28252226911784395,True,0.00043730083612759436,-7.531146708707618e-05,0,0.2823807570458266,0.28239925263052496,-7.9068484760500795,-7.9068484760500795,0.2826226900804594,0.28261337157915367,4.953291559099202,23.39303472916374,0,1
2023-06-30 15:17:00,2023-06-30 15:17:59,0.2821,0.2823,0.2821,0.2824,0.282286134558922,0.282225,0.2821,0.2824,True,0.00043463649068990984,-7.981649057337345e-05,0,0.2823900048381758,0.2824027217728359,-7.172141609317755,-7.172141609317755,0.282618732965231,0.28261025345398794,4.426317781065216,10.780581605191436,0,1
2023-06-30 15:18:00,2023-06-30 15:18:59,0.2823,0.2821,0.282,0.2824,0.282255567279461,0.2822,0.282,0.2824,True,0.0004321624556406314,-9.406653767563274e-05,0,0.2823963633055058,0.28240406216602515,-8.47776708844146,-8.47776708844146,0.2826145664680645,0.28260517630519205,8.33264522125061,5.904084853805069,0,1
2023-06-30 15:19:00,2023-06-30 15:19:59,0.2822,0.2822,0.2822,0.2824,0.2822277836397305,0.28225,0.2822,0.2824,True,0.00042272228023772674,-9.32522362373089e-05,0,0.2824002127357655,0.2824040604367109,-7.963585798001382,-7.963585798001382,0.2826109389410191,0.2826011447001653,13.554138554248306,8.771033852188104,0,1
2023-06-30 15:20:00,2023-06-30 15:20:59,0.2823,0.2816,0.2816,0.2823,0.2822388918198653,0.28195000000000003,0.2816,0.2823,True,0.00044252783164931616,-0.0001305826842378117,-1,0.2824021365862382,0.2824009437377365,-12.33876153486704,-12.33876153486704,0.2826043624341433,0.28259118306135766,9.127820773183094,10.338201516227398,-1,-2
2023-06-30 15:21:00,2023-06-30 15:21:59,0.2817,0.2817,0.2814,0.2818,0.28209444590993266,0.28165,0.2814,0.28209444590993266,True,0.00043949012938865155,-0.0001426856232970582,0,0.2824015401619873,0.28239333766607233,-13.79398410139229,-13.79398410139229,0.28259486629051994,0.28258231556820984,5.221493332997701,9.301150886809763,0,-2
2023-06-30 15:22:00,2023-06-30 15:22:59,0.2817,0.2816,0.2814,0.2817,0.28187222295496633,0.2816,0.2814,0.28187222295496633,True,0.0004295265487180352,-0.00015141613788585288,0,0.2823974389140298,0.28238190621228476,-15.52897410991681,-15.52897410991681,0.2825849671234501,0.28257254128394904,6.5133084111342514e-15,4.78310470206033,0,-2
2023-06-30 15:23:00,2023-06-30 15:23:59,0.2816,0.2815,0.2814,0.2818,0.2817361114774832,0.28157499999999996,0.2814,0.2818,True,0.00042741750952389067,-0.00015732708450834858,0,0.2823896725631573,0.28236736991359246,-17.4749228081443,-17.4749228081443,0.2825749176993362,0.28256186923137244,6.5133084111342514e-15,1.740497777665967,0,-2
2023-06-30 15:24:00,2023-06-30 15:24:59,0.2816,0.2816,0.2814,0.2816,0.28165555573874157,0.28155,0.2814,0.28165555573874157,True,0.000411173401700758,-0.00014717855842666787,0,0.28237852123837487,0.28235031735655275,-16.774885494096218,-16.774885494096218,0.2825647195132731,0.28255229839324936,6.5133084111342514e-15,6.878448428122081e-14,0,-2
2023-06-30 15:25:00,2023-06-30 15:25:59,0.2815,0.2813,0.2813,0.2817,0.2816027778693708,0.28145,0.2813,0.2817,True,0.00041037530157927613,-0.0001542910196396662,0,0.2823644192974638,0.28233071462394993,-18.98706808020839,-18.98706808020839,0.28255362777682264,0.2825398377127195,6.5133084111342514e-15,6.878448428122081e-14,0,-2
2023-06-30 15:26:00,2023-06-30 15:26:59,0.2813,0.2813,0.281,0.2814,0.2815263889346854,0.28125,0.281,0.2815263889346854,True,0.00040963420860932467,-0.00015142057026601468,0,0.2823475669607069,0.28230786640309147,-20.46185647094984,-20.46185647094984,0.2825406563561577,0.2825275010190606,6.5133084111342514e-15,6.878448428122081e-14,0,-2
2023-06-30 15:27:00,2023-06-30 15:27:59,0.2813,0.2809,0.2807,0.2813,0.2813881944673427,0.28105,0.2807,0.2813881944673427,True,0.0004232317651372293,-0.00016940609508862034,0,0.2823277166818992,0.28228124753690553,-24.17714894086503,-24.17714894086503,0.2825258239546039,0.28251130697906995,6.5133084111342514e-15,6.878448428122081e-14,0,-2
2023-06-30 15:28:00,2023-06-30 15:28:59,0.2808,0.2804,0.2803,0.2809,0.28121909723367133,0.28059999999999996,0.2803,0.28121909723367133,True,0.00043585806762742646,-0.00020664869379534624,0,0.2823044821094024,0.28224875517030695,-28.592498792671066,-28.592498792671066,0.2825066615271949,0.28249029894942745,6.5133084111342514e-15,6.878448428122081e-14,0,-2
2023-06-30 15:29:00,2023-06-30 15:29:59,0.2804,0.2805,0.2803,0.2806,0.28090954861683565,0.28045,0.2803,0.28090954861683565,True,0.00042615391993975477,-0.00021318922082837075,0,0.2822766186398547,0.2822108323281972,-29.480649584279828,-29.480649584279828,0.28248619723339197,0.2824704949797814,6.5133084111342514e-15,6.878448428122081e-14,0,-2
2023-06-30 15:30:00,2023-06-30 15:30:59,0.2804,0.2806,0.2803,0.281,0.28067977430841784,0.280575,0.2803,0.281,True,0.0004457143542297747,-0.0001992381983152315,0,0.282243725484026,0.2821697518584868,-27.95911916514556,-27.95911916514556,0.2824671803454975,0.2824518830894353,5.437574129907088,1.812524709969096,0,-2
2023-06-30 15:31:00,2023-06-30 15:31:59,0.2807,0.2812,0.2806,0.2812,0.28062738715420893,0.280925,0.2806,0.2812,True,0.00045673475749907576,-0.0001380541330274446,0,0.2822067386712564,0.28212886859428266,-17.961463358718632,-17.961463358718632,0.28245183526743284,0.28243942654128174,24.161944877131457,9.86650633567958,0,-1
2023-06-30 15:32:00,2023-06-30 15:32:59,0.2812,0.2815,0.2811,0.2816,0.2807761935771045,0.28135,0.2811,0.2816,True,0.00045982513196342757,-6.942553341089067e-05,0,0.28216780363276955,0.28209133704600337,-8.457979766826313,-8.457979766826313,0.2824408717324335,0.2824300790135078,55.44742079247363,28.348979933170785,0,-1
2023-06-30 15:33:00,2023-06-30 15:33:59,0.2815,0.2814,0.2814,0.2818,0.28106309678855224,0.28152499999999997,0.2814,0.2818,True,0.00045555190825175495,-2.6380322140179984e-05,0,0.28212957033938646,0.282057902519684,-3.460487428552476,-0.0,0.282431758580867,0.28241982947108485,83.34317999589989,54.31751522183506,0,-1
2023-06-30 15:34:00,2023-06-30 15:34:59,0.2814,0.2814,0.2813,0.2816,0.2812940483942761,0.281425,0.2813,0.2816,True,0.0004444410576623455,5.09201603212826e-06,0,0.2820937364295352,0.28202723689762677,-0.12882586970324894,-0.0,0.2824217410825499,0.2824096819141586,95.82733501920536,78.20597860252637,0,-1
2023-06-30 15:35:00,2023-06-30 15:35:59,0.2814,0.2818,0.2814,0.2819,0.28135952419713806,0.28162499999999996,0.2814,0.2819,True,0.0004484095535436066,5.508935165303398e-05,0,0.282060486663581,0.28200033386483986,6.096279772567151,6.096279772567151,0.28241381331058424,0.28240361542745057,97.87519243719653,92.34856915076733,0,-1
2023-06-30 15:36:00,2023-06-30 15:36:59,0.2818,0.282,0.2818,0.2821,0.28149226209856903,0.281925,0.2818,0.2821,True,0.0004378088711476363,0.00010101465936930261,0,0.28203041026421044,0.281978636047501,11.737564846398918,11.737564846398918,0.2824089494965486,0.2823995993535456,97.87519243719653,97.1925732978662,0,2
2023-06-30 15:37:00,2023-06-30 15:37:59,0.282,0.282,0.2819,0.2821,0.2817086310492845,0.282,0.2819,0.2821,True,0.00042082252320852187,0.00012836611619283268,0,0.2820045231558557,0.28196169978275226,15.498421562286765,15.498421562286765,0.2824048803473292,0.282395623240575,100.0,98.58346162479775,0,2
2023-06-30 15:38:00,2023-06-30 15:38:59,0.282,0.2819,0.2819,0.2821,0.28185431552464224,0.281975,0.2819,0.2821,True,0.000405049485836487,0.0001354142650451598,0,0.281983111469304,0.28194845699604437,15.744637972494928,15.744637972494928,0.2824006029309378,0.2823906916660419,99.48796336212901,99.12105193310857,0,2
2023-06-30 15:39:00,2023-06-30 15:39:59,0.282,0.282,0.2819,0.2821,0.2819146577623211,0.282,0.2819,0.2821,True,0.00039040309399102606,0.00014251245746473294,0,0.2819657842326742,0.28193838449675945,17.037499085925177,17.037499085925177,0.2823966168321225,0.2823868041867778,99.38793790061493,99.62530042091471,0,2
2023-06-30 15:40:00,2023-06-30 15:40:59,0.2821,0.2823,0.2821,0.2824,0.28195732888116054,0.282225,0.2821,0.2824,True,0.00039108858727738215,0.0001628059225431988,1,0.28195208436471686,0.28193242083439446,20.585460136894866,20.585460136894866,0.28239490920195215,0.2823859404635263,99.38793790061493,99.42127972111969,1,2
2023-06-30 15:41:00,2023-06-30 15:41:59,0.2822,0.2822,0.2821,0.2824,0.28209116444058024,0.282225,0.2821,0.2824,True,0.0003845822596147096,0.00016302502314946744,0,0.2819422525995557,0.2819297330052982,20.466766405500678,20.466766405500678,0.28239321856312677,0.28238409030966033,99.89997453848592,99.55861677990534,0,2
2023-06-30 15:42:00,2023-06-30 15:42:59,0.2822,0.2818,0.2818,0.2823,0.28215808222029015,0.282025,0.2818,0.2823,True,0.0003928263839279447,0.0001294180035584361,0,0.281935992802427,0.2819282704914451,13.006835709582752,13.006835709582752,0.282389554696827,0.2823782784657831,95.65418433650889,98.31403225853666,0,1
2023-06-30 15:43:00,2023-06-30 15:43:59,0.2819,0.2821,0.2819,0.2822,0.2820915411101451,0.282025,0.2819,0.2822,True,0.0003933387850759495,0.00012323895366060823,0,0.28193213164693604,0.28192778271130037,11.858450568441675,11.858450568441675,0.28238592728690837,0.2823755095258251,90.79476345525222,95.44964077674909,0,2
2023-06-30 15:44:00,2023-06-30 15:44:59,0.2821,0.2822,0.2821,0.2824,0.2820582705550726,0.2822,0.2821,0.2824,True,0.00038667172899909357,0.0001211548603619841,0,0.28192995717911823,0.28192926637865606,12.187831439974573,12.187831439974573,0.28238407726415304,0.28237376316238405,88.5483663082187,91.66577136666001,0,2
2023-06-30 15:45:00,2023-06-30 15:45:59,0.2823,0.2824,0.2822,0.2824,0.2821291352775363,0.282325,0.2822,0.2824,True,0.0003733380340705853,0.00012847119239991152,0,0.28192961177888715,0.28193314963389043,14.427954687156571,14.427954687156571,0.28238348943067887,0.2823740242254449,92.89418197170981,90.74577057839366,0,2
2023-06-30 15:46:00,2023-06-30 15:46:59,0.2824,0.2824,0.2823,0.2827,0.28222706763876815,0.28245,0.2823,0.2827,True,0.00037524246020840147,0.00012761266420905756,0,0.2819313807063888,0.2819397530912095,15.921370185277894,15.921370185277894,0.2823841512273885,0.28237428269086334,97.7536028529665,93.06538371096508,0,2
2023-06-30 15:47:00,2023-06-30 15:47:59,0.2824,0.283,0.2824,0.283,0.28233853381938406,0.28269999999999995,0.2824,0.283,True,0.0003912965701935149,0.00016244189472905607,0,0.2819355668987992,0.2819501681418864,21.201688134990988,21.201688134990988,0.28238729400124535,0.2823805087337403,100.00000000000001,96.88259494155885,0,2
2023-06-30 15:48:00,2023-06-30 15:48:59,0.283,0.2828,0.2827,0.2831,0.282519266909692,0.28290000000000004,0.2827,0.2831,True,0.0003919182437511218,0.0001636582382539292,0,0.28194286752034275,0.28196488484118853,20.85444974989292,20.85444974989292,0.2823923955534718,0.28238468277619067,100.00000000000001,99.2512009509889,0,2
2023-06-30 15:49:00,2023-06-30 15:49:59,0.2828,0.2828,0.2827,0.2829,0.282709633454846,0.2828,0.2827,0.2829,True,0.0003782097977688973,0.00015653529861921054,0,0.2819538761807656,0.28198220118015066,20.622957493160882,20.622957493160882,0.2823964513191089,0.28238881528588033,92.8384852679269,97.61282842264238,0,2
2023-06-30 15:50:00,2023-06-30 15:50:59,0.2827,0.2827,0.2826,0.2829,0.282754816727423,0.282725,0.2826,0.2829,True,0.00037262338364254513,0.00013722785189896773,0,0.2819680386804581,0.28200093084543887,18.300702246323013,18.300702246323013,0.2823997204602123,0.282391911651195,80.3628462521542,91.06711050669378,0,1
2023-06-30 15:51:00,2023-06-30 15:51:59,0.2827,0.2838,0.2827,0.2839,0.2827399083637115,0.283275,0.2827,0.2839,True,0.00043172171338236185,0.00019297128212088748,0,0.28198448476294846,0.28202441831196634,23.41901722875157,23.41901722875157,0.2824084297093644,0.2824059224805363,80.3628462521542,84.52139259074518,0,2
2023-06-30 15:52:00,2023-06-30 15:52:59,0.2838,0.2836,0.2835,0.2842,0.28300745418185574,0.283775,0.2835,0.2842,True,0.000450884448140767,0.0002052767232094396,0,0.2820044515374574,0.2820549210116031,23.842142921665953,23.842142921665953,0.2824220274236991,0.2824178038488892,87.52436098422731,82.75001782951199,0,2
2023-06-30 15:53:00,2023-06-30 15:53:59,0.2835,0.2837,0.2833,0.2838,0.2833912270909279,0.28357499999999997,0.2833,0.2838,True,0.00045439270184499794,0.00020918196829813218,0,0.28202968627453023,0.2820893653599511,24.63407795001207,24.63407795001207,0.2824334997876424,0.282430562019547,91.60895528649036,86.49872084095738,0,2
2023-06-30 15:54:00,2023-06-30 15:54:59,0.2837,0.2838,0.2836,0.2838,0.28348311354546396,0.283725,0.2836,0.2838,True,0.00043622179457035367,0.00020713937040858798,0,0.28205952581724064,0.2821277058307091,25.69801771477931,25.69801771477931,0.282446350536024,0.28244418826810874,85.48692210349628,88.20674612473806,0,2
2023-06-30 15:55:00,2023-06-30 15:55:59,0.2838,0.2836,0.2834,0.284,0.283604056772732,0.2837,0.2834,0.284,True,0.0004479202378153277,0.00018043340313476117,0,0.28209361582397485,0.2821686791630506,22.785459211571833,22.785459211571833,0.2824588246600437,0.2824556888823564,78.28566422179442,85.12718053726043,0,1
2023-06-30 15:56:00,2023-06-30 15:56:59,0.2835,0.2836,0.2834,0.2837,0.283652028386366,0.28354999999999997,0.2834,0.2837,True,0.0004373545065428059,0.00015240055654793157,0,0.2821311474935127,0.28221041508567934,20.843753542766848,20.843753542766848,0.2824696821261129,0.28246707506263147,72.97794195425463,78.91684275984852,0,1
2023-06-30 15:57:00,2023-06-30 15:57:59,0.2836,0.2834,0.2834,0.2837,0.28360101419318295,0.28352499999999997,0.2834,0.2837,True,0.0004275434703611785,0.00011080535651878537,0,0.282170781289596,0.28225229352160364,15.813102118830216,15.813102118830216,0.28248018280147497,0.28247635789782916,61.36901477134753,70.87754031579894,0,1
2023-06-30 15:58:00,2023-06-30 15:58:59,0.2834,0.2837,0.2834,0.2839,0.28356300709659144,0.28359999999999996,0.2834,0.2839,True,0.0004327189367639515,9.64140269894832e-05,0,0.2822115374055998,0.28229451140840095,15.874406029594482,15.874406029594482,0.2824913252611618,0.28248853344113434,50.311762841340276,61.55290652231423,0,1
2023-06-30 15:59:00,2023-06-30 15:59:59,0.2838,0.2837,0.2835,0.2838,0.2835815035482957,0.2837,0.2835,0.2838,True,0.0004232390127093852,7.952813460792023e-05,0,0.28225302440700034,0.2823373929940036,15.915275303437326,15.915275303437326,0.2825033518754786,0.2825005878347549,46.0306178808813,52.57046516452312,0,1
2023-06-30 16:00:00,2023-06-30 16:00:59,0.2837,0.2841,0.2836,0.2843,0.2836407517741478,0.28392500000000004,0.2836,0.2843,True,0.0004430076546587133,8.908630266128096e-05,0,0.28229520870050195,0.2823820466403426,19.43061430466946,19.43061430466946,0.2825174976279614,0.2825165023836628,51.722440460744004,49.35494039432194,0,2
2023-06-30 16:01:00,2023-06-30 16:01:59,0.284,0.2847,0.284,0.2848,0.28378287588707396,0.284375,0.284,0.2848,True,0.0004685071078973782,0.0001288810617482934,0,0.2823386276704223,0.2824308765496191,24.571165056147578,24.571165056147578,0.28253598023862847,0.28253822872810397,69.98095027245313,55.911336204692894,0,2
2023-06-30 16:02:00,2023-06-30 16:02:59,0.2847,0.2839,0.2838,0.2847,0.284078937943537,0.284275,0.2838,0.2847,True,0.000499328028761852,9.022758101928261e-05,0,0.2823847521100207,0.28248197332862335,17.725312828168597,17.725312828168597,0.2825532839178461,0.2825517786910084,79.68694483760135,67.13011185693291,0,1
2023-06-30 16:03:00,2023-06-30 16:03:59,0.2838,0.2839,0.2837,0.2841,0.2841769689717685,0.283875,0.2837,0.2841769689717685,True,0.0004922331695645777,5.7300206693341625e-05,0,0.282433362719322,0.2825317598264766,13.161411342849277,13.161411342849277,0.28256643532164866,0.2825651938284113,58.39274929030649,69.35354813345374,0,1
2023-06-30 16:04:00,2023-06-30 16:04:59,0.2839,0.2841,0.2839,0.2843,0.28402598448588423,0.28405,0.2839,0.2843,True,0.0004856450860242515,4.317404171086023e-05,0,0.2824825612728993,0.2825813738285499,11.890566953906848,11.890566953906848,0.2825811971592442,0.28258046553161115,30.56748134321214,56.215725157040076,0,1
2023-06-30 16:05:00,2023-06-30 16:05:59,0.2841,0.2843,0.284,0.2846,0.28403799224294213,0.28425,0.284,0.2846,True,0.0004938132941653796,4.176718186361375e-05,0,0.28253196755072457,0.28263188383135857,12.694481540417762,12.694481540417762,0.2825978021626348,0.2825975753273165,16.885976729403414,35.28206912097409,0,1
2023-06-30 16:06:00,2023-06-30 16:06:59,0.2842,0.2844,0.2839,0.2844,0.28414399612147107,0.284225,0.2839,0.2844,True,0.0004942552017249954,4.172157311433484e-05,0,0.2825819256910415,0.2826825811829259,14.04112244343419,14.04112244343419,0.28261399318589214,0.28261550990117407,26.6699578267113,24.7078052997757,0,1
2023-06-30 16:07:00,2023-06-30 16:07:59,0.2845,0.2843,0.2843,0.2845,0.28418449806073554,0.2844,0.2843,0.2845,True,0.0004732369730303513,2.877570004221027e-05,0,0.28263225343698367,0.28273427888384817,13.25767871383266,13.25767871383266,0.28263176439797283,0.28263227099668475,36.13964289825043,26.565192484788465,0,1
2023-06-30 16:08:00,2023-06-30 16:08:59,0.2844,0.2844,0.2843,0.2846,0.28429224903036776,0.284425,0.2843,0.2846,True,0.0004608629035281849,2.1737959439635784e-05,0,0.2826832661604159,0.28278658099223225,13.797207195976007,13.797207195976007,0.2826496075382915,0.28264986034000134,40.4753842266988,34.42832831722026,0,1
2023-06-30 16:09:00,2023-06-30 16:09:59,0.2845,0.2844,0.2844,0.2847,0.2843586245151839,0.2845,0.2844,0.2847,True,0.0004493726961333162,1.1943354127000013e-05,0,0.282734923576324,0.28283951468653645,14.156892850738245,14.156892850738245,0.2826680194035821,0.28266727466497643,48.68009703740933,41.765041387452946,0,1
2023-06-30 16:10:00,2023-06-30 16:10:59,0.2845,0.2845,0.2843,0.2846,0.28442931225759194,0.284475,0.2843,0.2846,True,0.00043870321783808094,7.64375267848312e-06,0,0.28278721913143023,0.2828924109248546,15.648659637473628,15.648659637473628,0.28268599931001415,0.2826855107379617,49.72662483956725,46.29403536789189,0,1
2023-06-30 16:11:00,2023-06-30 16:11:59,0.2845,0.2846,0.2844,0.2848,0.28445215612879593,0.28457499999999997,0.2844,0.2848,True,0.00043593870227821884,7.077403176674745e-06,0,0.2828398150281424,0.2829456008557099,17.832297528588995,17.832297528588995,0.28270479533678017,0.28270456038236014,53.33275648009384,50.57982611902357,0,1
2023-06-30 16:12:00,2023-06-30 16:12:59,0.2847,0.2848,0.2846,0.2849,0.2845135780643979,0.28475,0.2846,0.2849,True,0.0004262287949726294,1.5795731191609844e-05,0,0.28289270794192617,0.28299985775938014,21.275051034726985,21.275051034726985,0.28272514563193657,0.2827254105278093,60.087516911136255,54.38229941026588,0,2
2023-06-30 16:13:00,2023-06-30 16:13:59,0.2848,0.2847,0.2845,0.2848,0.284631789032199,0.2847,0.2845,0.2848,True,0.00041721245247458604,9.528234790293186e-06,0,0.28294628285065315,0.2830542393850184,20.600441964589564,20.600441964589564,0.28274479592415613,0.282745058184249,64.46019191887838,59.29348843670292,0,1
2023-06-30 16:14:00,2023-06-30 16:14:59,0.2847,0.2851,0.2846,0.2852,0.28466589451609947,0.28490000000000004,0.2846,0.2852,True,0.0004302687058692577,2.812349993576164e-05,0,0.28300026111783577,0.28310971830204734,23.775432664491134,23.775432664491134,0.2827662407408312,0.2827684904411221,71.76572607170567,65.43781163390686,0,2
2023-06-30 16:15:00,2023-06-30 16:15:59,0.2852,0.285,0.2849,0.2853,0.28478294725804976,0.2851,0.2849,0.2853,True,0.0004281066554500259,2.7626781866638703e-05,0,0.2830549897099416,0.28316705269262726,23.330280353316454,23.330280353316454,0.28278946222599705,0.2827906945163348,80.35560506597817,72.19384101885417,0,1
2023-06-30 16:16:00,2023-06-30 16:16:59,0.285,0.2852,0.2849,0.2853,0.2849414736290249,0.2851,0.2849,0.2853,True,0.00042609903720359626,3.5335137449894944e-05,0,0.28311102120128445,0.2832254545356902,24.75257364931116,24.75257364931116,0.28281245265160904,0.282814667705227,93.29198513163334,81.80443875643915,0,2
2023-06-30 16:17:00,2023-06-30 16:17:59,0.2853,0.2857,0.2852,0.2859,0.28502073681451245,0.285525,0.2852,0.2859,True,0.00044566339168905213,6.85159734418729e-05,0,0.2831682378684873,0.28328721204482077,28.3856713866265,28.3856713866265,0.28283944317248855,0.2828433774793043,100.00000000000001,91.21586339920394,0,2
2023-06-30 16:18:00,2023-06-30 16:18:59,0.2858,0.2865,0.2856,0.2865,0.2852728684072562,0.2861,0.2856,0.2865,True,0.0004781160065684024,0.00013713536172552587,0,0.28322772495665405,0.2833551328827481,32.76096996592844,32.76096996592844,0.2828718865240061,0.28287976178299284,100.00000000000001,97.76399504387787,0,2
2023-06-30 16:19:00,2023-06-30 16:19:59,0.2865,0.2864,0.2863,0.2867,0.2856864342036281,0.286475,0.2863,0.2867,True,0.0004725362918135173,0.00016364780824258793,0,0.2832914289197011,0.28343001304240106,33.91705795929606,33.91705795929606,0.2829077383993891,0.2829147890289332,100.00000000000001,100.0000000000001,0,2
2023-06-30 16:20:00,2023-06-30 16:20:59,0.2863,0.2862,0.286,0.2864,0.28608071710181404,0.286225,0.286,0.2864,True,0.0004673551281125526,0.00015462215022569255,0,0.2833607209810511,0.2835081433015968,31.190363680198416,31.190363680198416,0.2829407459775046,0.282947477695312,85.4576704945545,95.15255683151827,0,2
2023-06-30 16:21:00,2023-06-30 16:21:59,0.2862,0.2862,0.2859,0.2863,0.286152858550907,0.28615,0.2859,0.2863,True,0.00046254404753308533,0.00013648709473915123,0,0.2834344321413239,0.2835877817505924,29.37256749413332,29.37256749413332,0.28297267885335037,0.2829798411013288,66.39400065917248,83.95055705124243,0,1
2023-06-30 16:22:00,2023-06-30 16:22:59,0.2863,0.2861,0.2861,0.2865,0.2861514292754535,0.28625,0.2861,0.2865,True,0.00045807661556643324,0.00010619678298018321,0,0.28351110694595816,0.28366874730991765,26.12712453217449,26.12712453217449,0.28300528901401356,0.2830108874585295,48.81865727554739,66.8901094764249,0,1
2023-06-30 16:23:00,2023-06-30 16:23:59,0.2862,0.2865,0.2861,0.2865,0.2862007146377268,0.286325,0.2861,0.2865,True,0.00045392828588311344,0.00010352003090527949,0,0.2835899271279379,0.2837507167824573,26.785669306449023,26.785669306449023,0.2830383209641229,0.28304560499625553,47.021399204045224,54.07801904625514,0,2
2023-06-30 16:24:00,2023-06-30 16:24:59,0.2865,0.2864,0.2862,0.2865,0.28626285731886336,0.2864,0.2862,0.2865,True,0.00044293340832003155,8.436174460351592e-05,0,0.2836703219551976,0.28383342882493734,25.215021708849576,25.215021708849576,0.28307177050676846,0.28307898206096943,49.63024026576388,48.49009891511894,0,1
2023-06-30 16:25:00,2023-06-30 16:25:59,0.2864,0.287,0.2863,0.287,0.2863314286594317,0.28667499999999996,0.2863,0.287,True,0.00046129530772574204,0.00010327007638317185,0,0.28375187539006747,0.2839180447978337,27.49339624405185,27.49339624405185,0.28310762353655183,0.2831179971648404,55.053228111334455,50.56828919371463,0,2
2023-06-30 16:26:00,2023-06-30 16:26:59,0.287,0.2864,0.2863,0.287,0.2865032143297158,0.28667499999999996,0.2863,0.287,True,0.0004783456428881875,6.348637805655868e-05,0,0.2838349600939506,0.28400357919297625,20.80571473881423,0.0,0.28314311981977025,0.2831506539094688,59.24046015022759,54.641309509108744,0,1
2023-06-30 16:27:00,2023-06-30 16:27:59,0.2864,0.2863,0.2861,0.2864,0.28658910716485786,0.2863,0.2861,0.28658910716485786,True,0.0004656066683961717,2.1724755491336033e-05,0,0.2839192696434634,0.2840866769126993,15.26347159621261,0.0,0.2831745315628571,0.283181990686489,42.36195559055762,52.21854795070666,0,1
2023-06-30 16:28:00,2023-06-30 16:28:59,0.2863,0.2859,0.2858,0.2863,0.28644455358242893,0.286075,0.2858,0.28644455358242893,True,0.0004680633349393023,-4.0047541577426654e-05,0,0.2840029732780814,0.28416574234272,7.709646453973697,0.0,0.28320339194531624,0.28320903555528015,21.180977795278803,40.927797845354775,0,1
2023-06-30 16:29:00,2023-06-30 16:29:59,0.286,0.2865,0.2859,0.2866,0.2862597767912145,0.28625,0.2859,0.2866,True,0.00048463023958649745,-4.334708989922891e-05,0,0.2840843578104007,0.28424229133587375,7.98848679996653,0.0,0.283233706453323,0.283241781470153,3.4270891619549055,22.323340849263882,0,1
2023-06-30 16:30:00,2023-06-30 16:30:59,0.2864,0.2867,0.2864,0.2867,0.28625488839560725,0.28654999999999997,0.2864,0.2867,True,0.00047144236533032066,-3.605187385762542e-05,0,0.2841633245731372,0.2843183922321243,9.55619672753322,0.0,0.2832667043990611,0.28327619160477835,12.103146869665409,12.237071275633143,0,1
2023-06-30 16:31:00,2023-06-30 16:31:59,0.2867,0.2864,0.2863,0.2867,0.2864024441978036,0.286525,0.2863,0.2867,True,0.0004663393392352986,-5.646121272113015e-05,0,0.28424085840263075,0.2843934466788662,7.413584455268328,0.0,0.28329912525081175,0.28330727427537755,19.80094282163384,11.77705961775149,0,1
2023-06-30 16:32:00,2023-06-30 16:32:59,0.2863,0.2865,0.2862,0.2866,0.2864637220989018,0.2864,0.2862,0.2866,True,0.0004616008150042067,-6.634530376579452e-05,0,0.28431715254074846,0.28446630466229506,6.883685565032835,0.0,0.28332997972592805,0.28333904269054794,19.11777862138776,17.00728943756244,0,1
2023-06-30 16:33:00,2023-06-30 16:33:59,0.2865,0.2865,0.2864,0.2868,0.2864318610494509,0.28654999999999997,0.2864,0.2868,True,0.00045720075678962137,-7.572954837170164e-05,0,0.2843917286015218,0.28453796263098236,6.530419638209175,0.0,0.28336201972865516,0.2833704950020848,17.84698790666375,18.92190311656189,0,1
2023-06-30 16:34:00,2023-06-30 16:34:59,0.2866,0.2866,0.2864,0.2867,0.2864909305247254,0.286575,0.2864,0.2867,True,0.00044597213130465003,-7.738851058611501e-05,0,0.28446484561625207,0.28460835569634,7.421092429924549,0.0,0.28339398968160384,0.28340262938017347,18.192699448141756,18.385821992064525,0,1
2023-06-30 16:35:00,2023-06-30 16:35:59,0.2867,0.2866,0.2863,0.2868,0.2865329652623627,0.2866,0.2863,0.2868,True,0.0004498312647828894,-8.070915149678462e-05,0,0.28453660065629605,0.28467744144970847,8.014874291068125,0.0,0.2834258902817869,0.28343444401320655,24.164348051573203,20.06801180212634,0,1
2023-06-30 16:36:00,2023-06-30 16:36:59,0.2866,0.2868,0.2865,0.2869,0.28656648263118134,0.2867,0.2865,0.2869,True,0.00044627188872696955,-7.110897279473036e-05,0,0.2846070210530023,0.28474571005176214,10.86541518891024,0.0,0.28345846848793826,0.2834679321324781,28.201068899362742,23.519372133026007,0,1
2023-06-30 16:37:00,2023-06-30 16:37:59,0.2868,0.2865,0.2864,0.2868,0.28663324131559065,0.28662499999999996,0.2864,0.2868,True,0.00044296675381790115,-8.775573511289039e-05,0,0.28467636555238224,0.2848123523298678,7.324440744007148,0.0,0.28348997626417766,0.2834981019620057,26.818403438386554,26.39460679644094,0,1
2023-06-30 16:38:00,2023-06-30 16:38:59,0.2866,0.2865,0.2864,0.2867,0.28662912065779533,0.28654999999999997,0.2864,0.2867,True,0.0004327548428309098,-9.990983938226836e-05,0,0.28474435894112504,0.28487674237503247,4.963791114071753,0.0,0.283520424261549,0.28352797159422455,19.993083739678863,25.004185359142827,0,1
2023-06-30 16:39:00,2023-06-30 16:39:59,0.2865,0.2868,0.2864,0.2869,0.28658956032889765,0.28664999999999996,0.2864,0.2869,True,0.00043755806834298774,-8.78790615388656e-05,0,0.28481055065807875,0.2849396035435238,7.718467114449432,0.0,0.28355156431864803,0.28356052909079943,13.786742699405101,20.19940995915695,0,1
2023-06-30 16:40:00,2023-06-30 16:40:59,0.2868,0.2875,0.2867,0.2875,0.2866197801644488,0.28712499999999996,0.2867,0.2875,True,0.00046344677774705774,-3.3180126981076754e-05,0,0.2848750771008013,0.2850040887273376,14.730069351727408,0.0,0.2835871208925918,0.2835997278063139,40.45923400026819,24.746353479784162,0,2
2023-06-30 16:41:00,2023-06-30 16:41:59,0.2875,0.2875,0.2874,0.2879,0.28687239008222437,0.28757499999999997,0.2874,0.2879,True,0.00046605772219369653,-1.296621834760139e-06,0,0.28493958291406946,0.2850724975514563,19.40447084324606,0.0,0.28362680128172024,0.28363853648485804,71.90231346716895,42.04943005561419,0,2
2023-06-30 16:42:00,2023-06-30 16:42:59,0.2876,0.2883,0.2875,0.2884,0.28722369504111217,0.28795000000000004,0.2875,0.2884,True,0.0004970535991798619,6.926376524363383e-05,0,0.2850060402327629,0.28514609902669585,25.424250787263205,25.424250787263205,0.2836698181843897,0.28368491920640176,100.00000000000001,70.78718248914583,0,2
2023-06-30 16:43:00,2023-06-30 16:43:59,0.2882,0.2883,0.288,0.2884,0.2875868475205561,0.288225,0.288,0.2884,True,0.000490121199238444,0.00010669169654278342,0,0.28507606962972937,0.2852251705207407,29.437437416607978,29.437437416607978,0.2837151433765848,0.28373084040832813,100.00000000000001,90.63410448905644,0,2
2023-06-30 16:44:00,2023-06-30 16:44:59,0.2884,0.2881,0.288,0.2885,0.287905923760278,0.28825,0.288,0.2885,True,0.0004908268278642695,0.00010712956695073318,0,0.28515062007523506,0.2853081776111071,28.363372494932705,28.363372494932705,0.2837602663280616,0.28377431463312086,100.00000000000001,100.00000000000013,0,2
2023-06-30 16:45:00,2023-06-30 16:45:59,0.2881,0.2877,0.2876,0.2881,0.288077961880139,0.28787500000000005,0.2876,0.2881,True,0.0004914820544453932,6.974338002633195e-05,0,0.2852293988431711,0.2853911408084206,21.655300273437945,21.655300273437945,0.283801208951663,0.28381337617905994,79.8537240188957,93.28457467296538,0,1
2023-06-30 16:46:00,2023-06-30 16:46:59,0.2876,0.2875,0.2872,0.2877,0.28797648094006956,0.2875,0.2872,0.28797648094006956,True,0.0004920904791278651,2.3181764623129834e-05,0,0.2853102698257959,0.2854709273338635,14.776582344561177,0.0,0.2838380128426912,0.2838500590031489,46.52039068556237,75.4580382348195,0,1
2023-06-30 16:47:00,2023-06-30 16:47:59,0.2875,0.2874,0.2873,0.2878,0.28773824047003477,0.2875,0.2873,0.2878,True,0.0004926554449044462,-2.0402229585944208e-05,0,0.28539059857982974,0.28554766542278776,9.01336308202196,0.0,0.28387445052584853,0.28388538179913747,13.187057352229033,46.5203906855625,0,1
2023-06-30 16:48:00,2023-06-30 16:48:59,0.2874,0.2873,0.2872,0.2875,0.28761912023501734,0.28735,0.2872,0.28761912023501734,True,0.0004788943416969834,-6.0070958385700294e-05,0,0.28546913200130875,0.28562044779178447,3.9570222236057475,0.0,0.2839090331076809,0.2839193580996436,1.4210854715202004e-14,19.902482679263937,0,1
2023-06-30 16:49:00,2023-06-30 16:49:59,0.2873,0.2872,0.2872,0.2873,0.28748456011750867,0.28725,0.2872,0.28748456011750867,True,0.0004518304601471981,-9.532922824264712e-05,0,0.28554478989654664,0.285688930323864,-0.6457480917643466,-0.0,0.2839422765593458,0.2839520013026322,1.4210854715202004e-14,4.395685784076484,0,1
2023-06-30 16:50:00,2023-06-30 16:50:59,0.2873,0.2878,0.287,0.2878,0.28736728005875434,0.287475,0.287,0.2878,True,0.00047669971299382844,-7.799733746180633e-05,0,0.2856168601102053,0.28575510144038035,3.8205854988555714,0.0,0.2839774280363672,0.2839902898468846,4.598169933230961,1.5327233110771268,0,2
2023-06-30 16:51:00,2023-06-30 16:51:59,0.2879,0.2878,0.2876,0.2881,0.28742114002937713,0.28785,0.2876,0.2881,True,0.00047836401920855505,-6.845797900168046e-05,0,0.28568598077529284,0.28582157165773797,6.798141225935517,0.0,0.28401596109073174,0.2840281974105972,15.767844539377478,6.788671490869615,0,1
2023-06-30 16:52:00,2023-06-30 16:52:59,0.2878,0.2879,0.2877,0.2882,0.28763557001468854,0.2879,0.2877,0.2882,True,0.000479909446407944,-5.741611797449684e-05,0,0.2857537762165154,0.2858881643560848,9.815031748112226,0.0,0.2840546082440578,0.28406672280949674,27.742522314416505,16.036178929008447,0,2
2023-06-30 16:53:00,2023-06-30 16:53:59,0.2879,0.2883,0.2878,0.2888,0.28776778500734423,0.2882,0.2878,0.2888,True,0.0005170587716645195,-2.523343089619952e-05,0,0.28582097028630005,0.28595645490688554,15.072542355270073,0.0,0.2840958559232214,0.2841088449705963,39.68102023005812,27.730462361284165,0,2
2023-06-30 16:54:00,2023-06-30 16:54:59,0.2884,0.2882,0.2881,0.2884,0.2879838925036721,0.288275,0.2881,0.2884,True,0.00050155457368848,-1.5072006426102903e-05,0,0.28588871259659276,0.28602612822282036,16.591920619528466,0.0,0.28413743944637343,0.2841495529808391,46.11487779382103,37.84614011276535,0,2
2023-06-30 16:55:00,2023-06-30 16:55:59,0.2882,0.2882,0.2882,0.2884,0.28812944625183606,0.28825,0.2882,0.2884,True,0.0004800149612821585,-1.272247935905262e-05,0,0.28595742040970656,0.2860962406398406,17.604839462367394,0.0,0.28417836044690703,0.2841898559362536,50.83179180302218,45.54256327563391,0,1
2023-06-30 16:56:00,2023-06-30 16:56:59,0.2881,0.2881,0.2879,0.2882,0.28818972312591806,0.288075,0.2879,0.2882,True,0.0004671567497620059,-2.236544353533855e-05,0,0.28602683052477357,0.28616501703238423,15.91459571322683,0.0,0.28421713297977363,0.28422876284236054,44.65309903677792,47.19992287787384,0,1
2023-06-30 16:57:00,2023-06-30 16:57:59,0.2881,0.2881,0.2879,0.2882,0.28813236156295907,0.288075,0.2879,0.2882,True,0.0004552169819218642,-3.2435313138585954e-05,0,0.2860959237785789,0.28623226968426757,14.787766547133131,0.0,0.2842555197162933,0.2842672826150734,37.40754194949679,44.29747759643243,0,1
2023-06-30 16:58:00,2023-06-30 16:58:59,0.2882,0.2882,0.2881,0.2885,0.2881036807814795,0.28825,0.2881,0.2885,True,0.000451272911784585,-3.5418975104010075e-05,0,0.28616409673142323,0.28629906194580684,15.634824842078643,0.0,0.284295265788768,0.28430641413134133,44.61797816792202,42.22620638473237,0,1
2023-06-30 16:59:00,2023-06-30 16:59:59,0.2883,0.2881,0.2874,0.2884,0.28817684039073976,0.28805000000000003,0.2874,0.2884,True,0.0004904677037999718,-4.7343685389924866e-05,0,0.28623157933861504,0.2863636612601521,13.211715951771616,0.0,0.28433262632818324,0.2843441612544126,46.121430574633656,42.71565023068428,0,1
2023-06-30 17:00:00,2023-06-30 17:00:59,0.2881,0.2874,0.2873,0.2883,0.2881134201953699,0.287775,0.2873,0.2883,True,0.0005268628678142596,-0.00010557922329484481,0,0.28629762029938355,0.28642420403930113,1.3255403269332078,0.0,0.28436687880252964,0.28437456761009006,35.763455492005356,42.16762141152048,0,-2
2023-06-30 17:01:00,2023-06-30 17:01:59,0.2874,0.2875,0.2871,0.2877,0.28794421009768495,0.287425,0.2871,0.28794421009768495,True,0.0005320869486846689,-0.0001361119550307118,0,0.28636091216934234,0.2864787363196994,-4.594458329323153,-4.594458329323153,0.2843973078691711,0.2844056664398404,11.861427489339954,31.248771185326458,0,-2
2023-06-30 17:02:00,2023-06-30 17:02:59,0.2875,0.2879,0.2875,0.288,0.28768460504884247,0.28772499999999995,0.2875,0.288,True,0.0005297950237786211,-0.00012656946501845277,0,0.28641982424452084,0.2865302206617646,-2.2326789256392274,-0.0,0.284430419233657,0.28444043592800117,8.13740558067642,18.587429520674046,0,-2
2023-06-30 17:03:00,2023-06-30 17:03:59,0.288,0.2891,0.2879,0.2892,0.2877048025244212,0.28855,0.2879,0.2892,True,0.0005848096649372928,-3.648176879892816e-05,0,0.2864750224531427,0.2865846124805654,7.359868590656056,0.0,0.2844714100870534,0.2844867997496131,32.538864616758374,17.512565895591717,0,-1
2023-06-30 17:04:00,2023-06-30 17:04:59,0.289,0.2892,0.2888,0.2892,0.2881274012622106,0.28905000000000003,0.2888,0.2892,True,0.0005716089745846297,2.6267105838210115e-05,0,0.286529817466854,0.28664435072225886,14.131670603535497,0.0,0.28451696819563993,0.2845336972645423,63.87535900490267,34.850543067445955,0,2
2023-06-30 17:05:00,2023-06-30 17:05:59,0.2891,0.2887,0.2883,0.2892,0.2885887006311053,0.288825,0.2883,0.2892,True,0.0005950654764000143,2.7337556793860908e-05,0,0.2865870840945564,0.2867063446331478,12.83891611854579,0.0,0.28455983418374303,0.28457515301315384,80.77646372308939,59.06356244825028,0,2
2023-06-30 17:06:00,2023-06-30 17:06:59,0.2887,0.2885,0.2883,0.2888,0.28870685031555265,0.28857499999999997,0.2883,0.2888,True,0.0005882750852285847,9.009753486664265e-06,0,0.28664671436385214,0.2867679738382344,10.024956931673202,0.0,0.28459978608241226,0.28461420621700306,74.83610024088081,73.16264098962442,0,1
2023-06-30 17:07:00,2023-06-30 17:07:59,0.2884,0.2882,0.288,0.2885,0.2886409251577763,0.288275,0.288,0.2886409251577763,True,0.0005819697219979715,-2.790858671950663e-05,0,0.28670734410104326,0.286826834746951,5.449050329274378,0.0,0.2846363553751246,0.2846498857571324,54.6998845452716,70.10414950308073,0,-2
2023-06-30 17:08:00,2023-06-30 17:08:59,0.2882,0.2878,0.2877,0.2883,0.2884579625788881,0.28800000000000003,0.2877,0.2884579625788881,True,0.0005832575989981158,-8.200029781478286e-05,0,0.28676708942399715,0.2868812255155841,-0.570807309005744,-0.0,0.28466982447586964,0.28468123017745944,34.93860509912183,54.82486329509154,0,-2
2023-06-30 17:09:00,2023-06-30 17:09:59,0.2878,0.2875,0.2875,0.2881,0.2882289812894441,0.287725,0.2875,0.2882289812894441,True,0.0005844534847839678,-0.00013777549057401926,0,0.2868241574697906,0.28692983694052454,-6.42365500368274,-6.42365500368274,0.28470022423232866,0.2847092776383802,16.47750954524846,35.37199972988075,0,-2
2023-06-30 17:10:00,2023-06-30 17:10:59,0.2876,0.2874,0.2873,0.2877,0.28797699064472204,0.2875,0.2873,0.28797699064472204,True,0.000571278235870828,-0.00017819568814546652,0,0.2868769972051576,0.2869720209821807,-10.917815807786432,-10.917815807786432,0.28472808269767863,0.28473605099521226,5.2772308527133704,18.897781832361343,0,-2
2023-06-30 17:11:00,2023-06-30 17:11:59,0.2873,0.2867,0.2866,0.2873,0.287738495322361,0.286975,0.2866,0.287738495322361,True,0.0005876155047371952,-0.00024772555230349305,0,0.2869245090936692,0.28700525321407006,-17.113302498038323,-17.113302498038323,0.2847504400837714,0.2847555927763544,8.289665250534503e-15,7.251580132654067,0,-2
2023-06-30 17:12:00,2023-06-30 17:12:59,0.2866,0.2868,0.2866,0.2869,0.28735674766118047,0.286725,0.2866,0.28735674766118047,True,0.0005670715401131074,-0.000277692365280464,0,0.28696488115386964,0.2870294943488572,-19.86976631573329,-19.86976631573329,0.2847700874461219,0.2847759351367887,8.289665250534503e-15,1.7590769509045836,-1,-2
2023-06-30 17:13:00,2023-06-30 17:13:59,0.2868,0.2875,0.2868,0.2876,0.28704087383059024,0.287175,0.2868,0.2876,True,0.0005837092872478871,-0.00023913877337613154,0,0.28699718775136346,0.2870495778882601,-14.084676264714915,-14.084676264714915,0.28479401692427,0.28480304025980574,7.043317792729714,2.347772597576698,0,-1
2023-06-30 17:14:00,2023-06-30 17:14:59,0.2876,0.2871,0.287,0.2876,0.2871079369152951,0.287325,0.287,0.2876,True,0.000584872909587327,-0.00023305376052641755,0,0.28702338281981177,0.2870672794886595,-12.95359544747236,-12.95359544747236,0.2848192008354713,0.28482589558060367,16.247797406473868,7.763705066401318,0,-2
2023-06-30 17:15:00,2023-06-30 17:15:59,0.287,0.2872,0.2869,0.2874,0.2872164684576476,0.28712499999999996,0.2869,0.2874,True,0.0005788105589025179,-0.00021356767240893272,0,0.28704533115423564,0.28708161210723365,-11.205780795190257,-11.205780795190257,0.2848421441107402,0.2848495185101499,23.080398199865854,15.457171133023266,0,-2
2023-06-30 17:16:00,2023-06-30 17:16:59,0.2872,0.2868,0.2865,0.2872,0.2871707342288238,0.286925,0.2865,0.2872,True,0.0005874669475523404,-0.00022022929685432466,0,0.28706347163073465,0.2870918217530254,-12.73017757052316,-12.73017757052316,0.2848628690449617,0.2848689262861683,20.577590779251537,19.968595461863874,0,-2
2023-06-30 17:17:00,2023-06-30 17:17:59,0.2868,0.2869,0.2867,0.2871,0.2870478671144119,0.286875,0.2867,0.2871,True,0.0005740764512986026,-0.00020885185224800703,0,0.28707764669188,0.2870983722511494,-12.559341249899866,-12.559341249899866,0.28488289024849445,0.2848891359748631,15.337626143827706,19.665205040981817,0,-2
2023-06-30 17:18:00,2023-06-30 17:18:59,0.287,0.2868,0.2867,0.2871,0.28696143355720594,0.28690000000000004,0.2867,0.2871,True,0.0005616424190629891,-0.00019969572442524395,0,0.28708800947151475,0.28710216845978465,-13.2137555471488,-13.2137555471488,0.2849029609922905,0.2849081495472525,13.576663716204996,16.4972935464282,0,-2
2023-06-30 17:19:00,2023-06-30 17:19:59,0.2868,0.2865,0.2862,0.2868,0.286930716778603,0.28657499999999997,0.2862,0.286930716778603,True,0.0005643822462727748,-0.0002057750892343186,-1,0.2870950889656497,0.28710154030528107,-15.779521287464398,-15.779521287464398,0.2849195981963473,0.28492398885524006,9.754907241475843,12.889732367169634,0,-2
2023-06-30 17:20:00,2023-06-30 17:20:59,0.2866,0.2862,0.2859,0.2867,0.2867528583893015,0.28635,0.2859,0.2867528583893015,True,0.0005812120858247211,-0.00022109575602008354,0,0.2870983146354654,0.2870958893890919,-19.21296561707045,-19.21296561707045,0.284933831050115,0.2849366854835461,5.790392263155521,9.707321073612238,0,-2
2023-06-30 17:21:00,2023-06-30 17:21:59,0.2862,0.2866,0.2861,0.2868,0.2865514291946507,0.286425,0.2861,0.2868,True,0.0005896969368372395,-0.0001933423680958939,0,0.2870971020122787,0.2870868373683592,-15.888054420731855,-15.888054420731855,0.2849486685521039,0.28495323587674465,3.6652815145178206,6.40352700638318,0,-1
2023-06-30 17:22:00,2023-06-30 17:22:59,0.2867,0.2868,0.2865,0.2869,0.2864882145973253,0.286725,0.2865,0.2869,True,0.0005761471556345805,-0.00015238498039155725,0,0.287091969690319,0.28707722805962893,-11.356264681482784,-11.356264681482784,0.28496634349188393,0.2849716116391651,21.251853709335716,10.235842495669806,0,-1
2023-06-30 17:23:00,2023-06-30 17:23:59,0.2868,0.2866,0.2866,0.287,0.28660660729866266,0.28675,0.2866,0.287,True,0.000563565215946393,-0.0001319094853705454,0,0.287084598874974,0.28706741745080266,-10.296529127592038,-10.296529127592038,0.28498409131783536,0.28498781450842714,44.68085517749726,23.199330133783718,0,-1
2023-06-30 17:24:00,2023-06-30 17:24:59,0.2867,0.2864,0.2861,0.2868,0.28667830364933133,0.2865,0.2861,0.2868,True,0.0005733105576645062,-0.00012538010648065206,0,0.28707600816288836,0.28705580040233875,-11.387433271714592,-11.387433271714592,0.2849991749863146,0.2850018661053582,55.001632484986544,40.31144712393996,0,-2
2023-06-30 17:25:00,2023-06-30 17:25:59,0.2864,0.2865,0.2862,0.2866,0.28658915182466566,0.286425,0.2862,0.2866,True,0.0005609312321170422,-0.00010738434359226505,0,0.2870659042826136,0.28704232625679105,-10.593218835284148,-10.593218835284148,0.2850133622998836,0.28501677291028005,47.021356485148466,48.901281382544205,0,-1
2023-06-30 17:26:00,2023-06-30 17:26:59,0.2865,0.2868,0.2865,0.2869,0.2865070759123328,0.28667499999999996,0.2865,0.2869,True,0.0005494361441086829,-6.889357837312819e-05,0,0.2870541152697023,0.28702919771848306,-6.023938923334825,-6.023938923334825,0.2850298960083425,0.2850345164634116,49.375888865165344,50.4662926117669,0,-1
2023-06-30 17:27:00,2023-06-30 17:27:59,0.2868,0.2866,0.2865,0.287,0.28659103795616636,0.286725,0.2865,0.287,True,0.0005459049909580627,-5.305355852897091e-05,0,0.2870416564940927,0.2870167744080932,-5.4764031752139815,-5.4764031752139815,0.2850467627147272,0.28505009341402443,64.89012445414852,53.762456601487564,0,-1
2023-06-30 17:28:00,2023-06-30 17:28:59,0.2866,0.2866,0.2864,0.2868,0.2866580189780832,0.2866,0.2864,0.2868,True,0.0005354832058896304,-3.876821975534777e-05,0,0.28702921545109294,0.2870041339327908,-5.1113793431334145,-5.1113793431334145,0.28506221781209307,0.2850655153701038,80.98617824133048,65.08406385354823,0,-1
2023-06-30 17:29:00,2023-06-30 17:29:59,0.2866,0.2869,0.2865,0.2871,0.2866290094890416,0.286775,0.2865,0.2871,True,0.0005400915483260887,-5.494688819185649e-06,0,0.28701667469194186,0.28699260989523506,-0.6331697812787738,-0.0,0.28507926042092796,0.2850837689485107,88.53597772648538,78.13742680732157,0,-1
2023-06-30 17:30:00,2023-06-30 17:30:59,0.2869,0.2874,0.2869,0.2874,0.2867020047445208,0.28715,0.2869,0.2874,True,0.0005372278663027967,5.2284632622194636e-05,0,0.28700464229358846,0.28698461680292114,6.776269330270097,6.776269330270097,0.28509986479484906,0.28510681602364984,93.0877705462147,87.53664217134364,0,-1
2023-06-30 17:31:00,2023-06-30 17:31:59,0.2874,0.2875,0.2874,0.2877,0.2869260023722604,0.2875,0.2874,0.2877,True,0.0005202830187097414,9.579959009267452e-05,0,0.2869946295482548,0.2869818598619541,12.388154792146736,12.388154792146736,0.2851237467371889,0.28513062879953394,100.00000000000001,93.87458275756681,0,-1
2023-06-30 17:32:00,2023-06-30 17:32:59,0.2874,0.2879,0.2874,0.2879,0.2872130011861302,0.28764999999999996,0.2874,0.2879,True,0.0005188342316590456,0.0001485534878847377,0,0.2869882447051044,0.2869842734548329,18.36518334354558,18.36518334354558,0.28514888358557505,0.2851581847318769,100.00000000000001,97.69592351540501,0,-1
2023-06-30 17:33:00,2023-06-30 17:33:59,0.2879,0.288,0.2878,0.2882,0.2874315005930651,0.287975,0.2878,0.2882,True,0.0005103460722548288,0.0001840981361914093,0,0.2869862590799686,0.2869929711311829,22.814671155471927,22.814671155471927,0.2851770041469126,0.2851864615007139,100.00000000000001,100.00000000000011,1,-1
2023-06-30 17:34:00,2023-06-30 17:34:59,0.2881,0.288,0.2879,0.2882,0.28770325029653254,0.28805000000000003,0.2879,0.2882,True,0.0004953213528080569,0.00019976288448035606,0,0.2869896151055757,0.2870070712150935,25.78099636342283,25.78099636342283,0.2852055911703264,0.28521445690866704,100.00000000000001,100.00000000000011,0,2
2023-06-30 17:35:00,2023-06-30 17:35:59,0.2881,0.2881,0.2879,0.2883,0.2878766251482663,0.2881,0.2879,0.2883,True,0.0004885126847503394,0.0002084023529824618,0,0.28699834316033457,0.2870256709640722,28.322864722933247,28.322864722933247,0.28523439125818384,0.2852431687802226,100.00000000000001,100.00000000000011,0,2
2023-06-30 17:36:00,2023-06-30 17:36:59,0.2882,0.2878,0.2878,0.2882,0.28798831257413315,0.28800000000000003,0.2878,0.2882,True,0.00048219035012531596,0.00018434304837050767,0,0.28701200706220337,0.2870469996105987,23.067589922613152,23.067589922613152,0.28526190975312726,0.28526860988688707,97.08995042398165,99.02998347466065,0,2
2023-06-30 17:37:00,2023-06-30 17:37:59,0.2879,0.288,0.2879,0.2885,0.2879941562870666,0.28807499999999997,0.2879,0.2885,True,0.0004977481822592204,0.00017420794567733105,0,0.28702950333640104,0.2870708449799182,21.644064126879,21.644064126879,0.28528990070085736,0.28529578789796284,95.44193454177218,97.51062832191805,0,2
2023-06-30 17:38:00,2023-06-30 17:38:59,0.2881,0.288,0.2879,0.2882,0.2880345781435333,0.28805000000000003,0.2879,0.2882,True,0.00048362331209784917,0.00015953160435271978,0,0.28705017415815964,0.2870963366516128,20.695046929722906,20.695046929722906,0.28531736437547567,0.2853226954810677,93.00027642752548,95.17738713109321,0,2
2023-06-30 17:39:00,2023-06-30 17:39:59,0.2881,0.2882,0.288,0.2884,0.28804228907176666,0.288175,0.288,0.2884,True,0.00047765021837657505,0.00015603197696125302,0,0.28707325540488626,0.287123807201701,22.0753292061585,22.0753292061585,0.28534579856079434,0.2853513253767785,95.69928128536118,94.71383075155306,0,2
2023-06-30 17:40:00,2023-06-30 17:40:59,0.2882,0.2883,0.2882,0.2884,0.28810864453588336,0.288275,0.2882,0.2884,True,0.0004578180599211038,0.0001528036744575944,0,0.28709853130329366,0.28715333336582394,23.86820830510335,23.86820830510335,0.2853749448437715,0.2853806654227807,97.34729716757066,95.34895162681921,0,2
2023-06-30 17:41:00,2023-06-30 17:41:59,0.2883,0.289,0.2882,0.2892,0.2881918222679417,0.288675,0.2882,0.2892,True,0.0004965453413553107,0.0001907891177497793,1,0.2871259323345588,0.2871870197738327,28.568345380774844,28.568345380774844,0.28540778121348526,0.285416678702156,99.78895528181734,97.61184457824983,0,2
2023-06-30 17:42:00,2023-06-30 17:42:59,0.289,0.2888,0.2887,0.2892,0.28843341113397086,0.288925,0.2887,0.2892,True,0.0004967921026870743,0.00019168926231039084,0,0.28715647605419575,0.2872254657123931,27.659499190538398,27.659499190538398,0.2854427784153411,0.2854503435906917,100.0,99.04541748312944,0,2
2023-06-30 17:43:00,2023-06-30 17:43:59,0.2887,0.2891,0.2887,0.2892,0.28867920556698545,0.288925,0.2887,0.2892,True,0.0004970212382094261,0.0002025449635478796,0,0.2871909708832944,0.28726739508280413,28.654531800682975,28.654531800682975,0.28547742738633275,0.28548665857983907,99.99999999999999,99.92965176060589,0,2
2023-06-30 17:44:00,2023-06-30 17:44:59,0.2892,0.2894,0.2891,0.2895,0.2888021027834927,0.2893,0.2891,0.2895,True,0.0004900911497658925,0.00021901915245297075,0,0.2872291829830493,0.28731435220233664,30.560602796791088,30.560602796791088,0.28551546293472746,0.2855255973004377,99.99999999999999,100.00000000000011,0,2
2023-06-30 17:45:00,2023-06-30 17:45:59,0.2893,0.2894,0.2892,0.2895,0.28905105139174636,0.28935,0.2892,0.2895,True,0.0004765132104968978,0.00021745719730756027,0,0.28727176759269296,0.28736528858150656,31.831316794196496,31.831316794196496,0.2855536175323919,0.2855641485710801,99.99999999999999,100.00000000000011,0,2
2023-06-30 17:46:00,2023-06-30 17:46:59,0.2894,0.2889,0.2888,0.2894,0.2892005256958732,0.28912499999999997,0.2888,0.2894,True,0.00048533369546140435,0.0001696637050603941,0,0.2873185280870998,0.2874174646427638,23.787401093694243,23.787401093694243,0.2855891536763482,0.28559734112261165,84.9553530254631,94.98511767515447,0,1
2023-06-30 17:47:00,2023-06-30 17:47:59,0.2889,0.2892,0.2889,0.2892,0.28916276284793657,0.28905000000000003,0.2889,0.2892,True,0.0004720955743570199,0.00014870607997968376,0,0.2873679963649318,0.28746974415141907,21.03915194047235,21.03915194047235,0.28562358995817555,0.2856331884746255,65.14236929042401,83.36590743862915,0,1
2023-06-30 17:48:00,2023-06-30 17:48:59,0.2892,0.2893,0.2891,0.2894,0.2891063814239683,0.28925,0.2891,0.2894,True,0.00045980303333151615,0.00013208254797269722,0,0.2874188702581755,0.2875231186246045,20.000019155749982,20.000019155749982,0.28565967364018374,0.2856696741614451,50.59342458391578,66.89704896660108,0,1
2023-06-30 17:49:00,2023-06-30 17:49:59,0.2893,0.2893,0.2892,0.2894,0.28917819071198414,0.2893,0.2892,0.2894,True,0.0004412456738078349,0.00011193471464227846,0,0.28747099444139,0.28757733201859026,19.307263965935064,19.307263965935064,0.28569589579301774,0.28570579680660485,52.36279173389883,56.03286186941298,0,1
2023-06-30 17:50:00,2023-06-30 17:50:59,0.2893,0.2889,0.2889,0.2893,0.28923909535599207,0.2891,0.2889,0.2893,True,0.0004382995542501332,6.280158723495752e-05,0,0.28752416322999014,0.2876304617265921,12.403324342896937,12.403324342896937,0.2857297674766693,0.28573757992295706,44.99945945199514,49.31855858993669,0,1
2023-06-30 17:51:00,2023-06-30 17:51:59,0.2889,0.2884,0.2884,0.289,0.2891695476779961,0.28867499999999996,0.2884,0.2891695476779961,True,0.00044984958608940866,-9.825119009953132e-06,0,0.28757731247829116,0.28767945776272674,2.955177466734874,0.0,0.2857590732729213,0.2857640716650172,26.215070825170045,41.192440670354785,0,1
2023-06-30 17:52:00,2023-06-30 17:52:59,0.2885,0.2887,0.2882,0.2888,0.28892227383899804,0.28855,0.2882,0.28892227383899804,True,0.00046057461565445016,-3.950716840412402e-05,0,0.287628385120509,0.2877240055320833,0.5515501776924552,0.0,0.28578684368811613,0.28579328488228073,6.157017316390558,25.790515864518692,0,1
2023-06-30 17:53:00,2023-06-30 17:53:59,0.2887,0.2884,0.2883,0.2888,0.288736136919499,0.28855,0.2883,0.2888,True,0.0004633907145362752,-8.116987471318748e-05,0,0.2876761953262962,0.28776474550465,-3.7247889738862057,-3.7247889738862057,0.2858143377807717,0.28581922234613866,-3.552713678800501e-15,10.790696047186975,0,1
2023-06-30 17:54:00,2023-06-30 17:54:59,0.2885,0.2885,0.2881,0.2885,0.2886430684597495,0.2884,0.2881,0.2886430684597495,True,0.0004588628063551095,-0.00010114677831221479,0,0.2877204704154731,0.28780117889296813,-5.214988648507514,-5.214988648507514,0.2858400657630526,0.2858458967506547,-3.552713678800501e-15,2.052339105463625,0,-2
2023-06-30 17:55:00,2023-06-30 17:55:59,0.2885,0.2888,0.2885,0.2891,0.28852153422987475,0.288725,0.2885,0.2891,True,0.00046894403447260495,-9.232680109409882e-05,0,0.28776082465422065,0.2878362015510576,-2.5049486708587523,-0.0,0.28586877157635554,0.28587529081283725,7.3912908824801375,2.4637636274934844,0,-2
2023-06-30 17:56:00,2023-06-30 17:56:59,0.2888,0.2893,0.2888,0.2894,0.28862326711493735,0.28907499999999997,0.2888,0.2894,True,0.0004783051748674182,-5.141973451897703e-05,0,0.28779851310263915,0.28787227461084974,3.6386474764121246,0.0,0.28590067434674005,0.28590936752116725,21.27048304146634,9.553924641315598,0,2
2023-06-30 17:57:00,2023-06-30 17:57:59,0.2893,0.2888,0.2887,0.2893,0.28884913355746866,0.289025,0.2887,0.2893,True,0.0004869976623768876,-6.009150420658834e-05,0,0.28783539385674445,0.28790858410656367,2.2621416237509493,0.0,0.2859317621641854,0.2859381300333944,33.763110219094614,20.808294714347138,0,1
2023-06-30 17:58:00,2023-06-30 17:58:59,0.2888,0.2884,0.2883,0.2888,0.2889370667787343,0.28857499999999997,0.2883,0.2889370667787343,True,0.00048792640077853847,-9.347291306064135e-05,0,0.28787198898165406,0.28794174314962784,-1.8395387488400345,-0.0,0.2859580630381736,0.2859626262519676,27.801467247523252,27.611686836028174,0,-2
2023-06-30 17:59:00,2023-06-30 17:59:59,0.2884,0.2882,0.2882,0.2886,0.2887560333893672,0.28835,0.2882,0.2887560333893672,True,0.00048164594358007226,-0.00012746420836909052,0,0.287906866065641,0.2879706505735866,-5.9558496724820955,-5.9558496724820955,0.285981863405953,0.2859848886773212,13.92227508853705,25.162284185051746,0,-2
2023-06-30 18:00:00,2023-06-30 18:00:59,0.2883,0.2893,0.2882,0.2893,0.2885530166946836,0.288775,0.2882,0.2893,True,0.0005258140904672092,-7.097271217817205e-05,0,0.2879387583196138,0.2879989282842259,-0.003771717448067591,-0.0,0.28600965580987386,0.2860178748596364,10.915218050193658,17.54632012875143,0,-1
2023-06-30 18:01:00,2023-06-30 18:01:59,0.2893,0.2894,0.2888,0.2895,0.2886640083473418,0.28925,0.2888,0.2895,True,0.0005382559411481213,-2.697322904731596e-05,0,0.28796884330191985,0.28802977520711875,4.503473412572106,0.0,0.2860418980406214,0.2860515278461077,27.39013573026848,17.409209622999835,0,-1
2023-06-30 18:02:00,2023-06-30 18:02:59,0.2894,0.2904,0.2894,0.2905,0.2889570041736709,0.289925,0.2894,0.2905,True,0.0005783805167803976,6.873262187317389e-05,0,0.28799930925451933,0.2880670644640302,11.61277290691325,11.61277290691325,0.28608053587106297,0.2860947962257484,54.34447632179592,30.8832767007528,0,2
2023-06-30 18:03:00,2023-06-30 18:03:59,0.2905,0.2911,0.2903,0.2913,0.28944100208683543,0.2908,0.2903,0.2913,True,0.0006084961941532265,0.0001728875799324966,0,0.28803318685927476,0.2881151734023942,18.13184587176481,18.13184587176481,0.28612749571314194,0.28614459924837776,78.19223951584438,53.30895052263637,0,2
2023-06-30 18:04:00,2023-06-30 18:04:59,0.2912,0.2913,0.2906,0.2913,0.2901205010434177,0.2911,0.2906,0.2913,True,0.0006150321802851374,0.0002432608196250869,0,0.28807418013083447,0.28817352899261633,22.919784960979015,22.919784960979015,0.28617697336773756,0.2861958967682944,93.6210072581941,75.38590769861158,0,2
2023-06-30 18:05:00,2023-06-30 18:05:59,0.2912,0.2912,0.2907,0.2916,0.29061025052170886,0.291175,0.2907,0.2916,True,0.0006353870245504855,0.00026766494032275513,0,0.2881238545617254,0.2882400660422587,24.997249109627703,24.997249109627703,0.28622670497601876,0.28624568884025164,100.0,90.60441559134627,0,2
2023-06-30 18:06:00,2023-06-30 18:06:59,0.2912,0.2933,0.291,0.2934,0.29089262526085446,0.29222499999999996,0.291,0.2934,True,0.0007614308085111661,0.00041167306203021884,0,0.28818196030199206,0.2883197920141572,29.893539502570746,29.893539502570746,0.28628638950362056,0.2863158809910949,100.0,97.87366908606481,0,2
2023-06-30 18:07:00,2023-06-30 18:07:59,0.2933,0.2924,0.2923,0.2935,0.2915588126304272,0.292875,0.2923,0.2935,True,0.0007927571793317957,0.0004201567559677181,0,0.2882508761580746,0.2884138144035993,26.99153624486773,26.99153624486773,0.2863519478170174,0.28637641948869597,100.0,100.00000000000011,0,2
2023-06-30 18:08:00,2023-06-30 18:08:59,0.2923,0.2917,0.2916,0.2924,0.2922169063152136,0.29200000000000004,0.2916,0.2924,True,0.0007932745236652365,0.00035366717360128623,0,0.28833234528083695,0.2885124439390016,21.226227571834883,21.226227571834883,0.28640814734122616,0.2864293904390572,88.33250950988788,96.11083650329607,0,1
2023-06-30 18:09:00,2023-06-30 18:09:59,0.2916,0.2914,0.2912,0.2917,0.2921084531576068,0.291475,0.2912,0.2921084531576068,True,0.0007723263434034339,0.00026854147519424904,0,0.28842239460991925,0.28861042195099756,15.857312200870027,0.0,0.2864585637855921,0.2864788492406586,70.86610822791148,86.39953924593323,0,1
2023-06-30 18:10:00,2023-06-30 18:10:59,0.2914,0.2917,0.2913,0.2919,0.29179172657880337,0.291575,0.2913,0.2919,True,0.0007600173188746165,0.00021589334948750034,0,0.2885164082804584,0.28870790088702186,13.538281305503531,0.0,0.2865094735986708,0.28653080098950773,53.98257671351274,71.06039815043748,0,1
2023-06-30 18:11:00,2023-06-30 18:11:59,0.2917,0.2919,0.2917,0.2919,0.2916833632894017,0.2918,0.2917,0.2919,True,0.0007200160818121423,0.0001793971403468797,0,0.2886121545837401,0.2888058618271369,12.857234584137792,0.0,0.28656211565241535,0.28658422585528376,50.094400928266964,58.314361956563836,0,1
2023-06-30 18:12:00,2023-06-30 18:12:59,0.2919,0.2918,0.2916,0.292,0.2917416816447008,0.291825,0.2916,0.292,True,0.000697157790254129,0.00013411792315923417,0,0.2887090082054385,0.28890370166282175,11.655021104099745,0.0,0.28661448266084905,0.28663612410547995,52.156531736294966,52.07783645935833,0,1
2023-06-30 18:13:00,2023-06-30 18:13:59,0.2917,0.2918,0.2916,0.292,0.2917833408223504,0.291775,0.2916,0.292,True,0.0006759322338074023,9.183134166608335e-05,0,0.2888063549341301,0.2890004318136417,10.853545450741052,0.0,0.2866658310920844,0.28668750595517667,48.98688506272037,50.412605909094204,0,1
2023-06-30 18:14:00,2023-06-30 18:14:59,0.2918,0.2925,0.2918,0.2926,0.2917791704111752,0.292175,0.2918,0.2926,True,0.0006847942171068752,0.0001012282432495946,0,0.2889033933738859,0.28909836905544584,13.972559960037103,0.0,0.28672064869315816,0.2867453417168167,42.939845984171946,48.02775426106253,0,2
2023-06-30 18:15:00,2023-06-30 18:15:59,0.2925,0.2918,0.2918,0.293,0.2919770852055876,0.292275,0.2918,0.293,True,0.0007215946301706682,4.745292648458037e-05,0,0.28900088121466583,0.2891972708011856,10.341419027561649,0.0,0.2867759158703407,0.2867956368241121,33.834635923215195,41.92045565670261,0,1
2023-06-30 18:16:00,2023-06-30 18:16:59,0.2919,0.2929,0.2917,0.2934,0.29212604260279385,0.29247500000000004,0.2917,0.2934,True,0.000791480728015619,7.860033595387698e-05,0,0.2890990760079257,0.28929762554919564,12.84927216378064,0.0,0.28683262317511343,0.28685637675621045,31.76737192460803,36.18061794399849,0,2
2023-06-30 18:17:00,2023-06-30 18:17:59,0.293,0.2923,0.2922,0.293,0.29230052130139694,0.29262499999999997,0.2922,0.293,True,0.0007920892474430725,4.655467683944113e-05,0,0.28919835077856065,0.28939946487533597,10.653030851582898,0.0,0.2868902587654108,0.2869105421616213,33.025130983578286,32.87571294380061,0,1
2023-06-30 18:18:00,2023-06-30 18:18:59,0.2922,0.2924,0.2922,0.2925,0.29246276065069843,0.292325,0.2922,0.2925,True,0.0007569400154828507,2.3015541463193654e-05,0,0.2892989078269483,0.2894997159751594,9.670991193312993,0.0,0.28694433579262063,0.28696516363264996,28.333973598276046,31.04215883548756,0,1
2023-06-30 18:19:00,2023-06-30 18:19:59,0.2925,0.2943,0.2923,0.2945,0.2923938803253492,0.2934,0.2923,0.2945,True,0.0008600157286626456,0.00012942398826114483,0,0.28939931190105384,0.2896054044673006,15.076281894761138,0.0,0.28700857125737067,0.28703814707909125,33.52733632203667,31.628813634630443,0,2
2023-06-30 18:20:00,2023-06-30 18:20:59,0.2944,0.2945,0.294,0.2949,0.2928969401626746,0.29445,0.294,0.2949,True,0.000862871748043886,0.00019828726977876433,0,0.2895023581841772,0.2897218528378385,19.093761215321152,19.093761215321152,0.2870826153244615,0.2871123943718366,45.19377323440827,35.685027718240434,0,2
2023-06-30 18:21:00,2023-06-30 18:21:59,0.2945,0.2971,0.294,0.2983,0.29367347008133726,0.295975,0.294,0.2983,True,0.001108380908897896,0.00040403232605140996,0,0.28961210551100786,0.28985643669843125,25.168449244512857,25.168449244512857,0.2871710967640191,0.28721177353231586,74.39441115461568,51.03850690368697,0,2
2023-06-30 18:22:00,2023-06-30 18:22:59,0.2971,0.2964,0.2958,0.2982,0.2948242350406686,0.296875,0.2958,0.2982,True,0.00120063941540519,0.00046209274792317337,0,0.28973427110471955,0.29001055032659306,25.556111718297956,25.556111718297956,0.28726765301512336,0.2873031986712978,91.32149061743554,70.30322500215327,0,2
2023-06-30 18:23:00,2023-06-30 18:23:59,0.2963,0.2977,0.2962,0.2985,0.29584961752033434,0.297175,0.2962,0.2985,True,0.0012791651714476743,0.0005584521582485745,0,0.2898724107156563,0.29018104081376267,27.542313513549274,27.542313513549274,0.28736623358213703,0.28740664943078736,100.0,88.57196725735052,0,2
2023-06-30 18:24:00,2023-06-30 18:24:59,0.2976,0.2977,0.2976,0.2985,0.2965123087601672,0.29784999999999995,0.2976,0.2985,True,0.0012520819449156984,0.0005851920803869033,0,0.29002672576470945,0.29036788638898703,28.866448043716815,28.866448043716815,0.28747054966589686,0.287509070829486,100.0,97.10716353914529,0,2
2023-06-30 18:25:00,2023-06-30 18:25:59,0.2977,0.298,0.2969,0.2982,0.2971811543800836,0.2977,0.2969,0.2982,True,0.0012555046631360072,0.000585336317200746,0,0.29019730607684824,0.2905652973211861,30.16719836803702,30.16719836803702,0.28757233524136055,0.2876134581844165,97.00007408384518,99.00002469461516,0,2
2023-06-30 18:26:00,2023-06-30 18:26:59,0.298,0.2988,0.2979,0.299,0.2974405771900418,0.298425,0.2979,0.299,True,0.0012443971871977204,0.0006016092165156989,0,0.29038130169901716,0.29077464625531063,32.058822096867786,32.058822096867786,0.28768032195537685,0.28772476705820343,96.29494654023404,97.76500687469319,0,2
2023-06-30 18:27:00,2023-06-30 18:27:59,0.2988,0.2986,0.2984,0.2996,0.2979327885950209,0.29884999999999995,0.2984,0.2996,True,0.0012412259595407388,0.0005580255222024559,0,0.2905779739771639,0.29099487365795546,31.866591350577096,31.866591350577096,0.2877914630304477,0.28783297833125615,96.29494654023404,96.52998905477119,0,2
2023-06-30 18:28:00,2023-06-30 18:28:59,0.2986,0.2965,0.2965,0.2987,0.29839139429751044,0.297575,0.2965,0.2987,True,0.0013097098195735456,0.000346502750329495,0,0.29078642381755965,0.29121340690526615,21.139569509938525,21.139569509938525,0.2878888116570104,0.2879192173528357,76.26141203595675,89.61710170547506,0,1
2023-06-30 18:29:00,2023-06-30 18:29:59,0.2965,0.2964,0.2957,0.2975,0.2979831971487552,0.29652500000000004,0.2957,0.2979831971487552,True,0.0013447305467468615,0.00017247630296677577,0,0.2909999153614129,0.291421902845051,13.626968894590306,0.0,0.2879747438793287,0.28800360324982244,43.63320624623456,72.0631882741419,0,1
2023-06-30 18:30:00,2023-06-30 18:30:59,0.2964,0.2969,0.2963,0.2976,0.2972540985743776,0.29679999999999995,0.2963,0.2976,True,0.0013415355076935118,7.136707275597455e-05,0,0.29121090910323194,0.2916229526306102,10.601311410861165,0.0,0.28806255737306674,0.2880921246105207,12.04267063764519,43.979096306612284,0,1
2023-06-30 18:31:00,2023-06-30 18:31:59,0.2969,0.2959,0.2959,0.297,0.2970270492871888,0.296425,0.2959,0.2970270492871888,True,0.0013242829714296886,-8.103300684226492e-05,0,0.29141693086692105,0.29181418769244427,4.63164131978467,0.0,0.28814576575741435,0.28816981491290355,1.742797724743961,19.139558202874685,0,1
2023-06-30 18:32:00,2023-06-30 18:32:59,0.296,0.2958,0.2947,0.2964,0.29672602464359443,0.295725,0.2947,0.29672602464359443,True,0.0013511199020418523,-0.0001979051536431138,0,0.29161555927968263,0.29199158073294523,0.2900918177895804,0.0,0.28822118102350974,0.2882457371525762,1.742797724743961,5.176088695711152,0,1
2023-06-30 18:33:00,2023-06-30 18:33:59,0.2958,0.2951,0.2947,0.296,0.2962255123217972,0.2954,0.2947,0.2962255123217972,True,0.001347468480467432,-0.00032737983011183174,0,0.2918035700063139,0.2921546289021702,-5.0447429612601695,-5.0447429612601695,0.2882926120581017,0.28831393877294853,-1.4802973661668755e-15,1.1618651498294212,0,1
2023-06-30 18:34:00,2023-06-30 18:34:59,0.2952,0.2954,0.295,0.2959,0.29581275616089864,0.295375,0.295,0.2959,True,0.0013155064461483307,-0.00039008335280992434,0,0.29197909945424205,0.2923050930429345,-6.783493128824588,-6.783493128824588,0.28836308357991164,0.2883844468448595,-1.4802973661668755e-15,0.5809325749147671,0,1
2023-06-30 18:35:00,2023-06-30 18:35:59,0.2955,0.2945,0.2941,0.2955,0.29559387808044935,0.29489999999999994,0.2941,0.29559387808044935,True,0.0013215416999948792,-0.0004884508638832424,0,0.2921420962485883,0.2924413583404286,-10.989714828289607,-10.989714828289607,0.2884281275243901,0.288445298120035,-1.4802973661668755e-15,1.1297136066130204e-13,0,-2
2023-06-30 18:36:00,2023-06-30 18:36:59,0.2945,0.2956,0.294,0.2957,0.29524693904022464,0.29495,0.294,0.2957,True,0.001348574435709533,-0.00046751940675766467,0,0.2922917272945084,0.29256585291708054,-7.9578838621507515,-7.9578838621507515,0.2884930217778788,0.28851648918351724,0.3322283728677701,0.11074279095603684,0,-2
2023-06-30 18:37:00,2023-06-30 18:37:59,0.2956,0.2963,0.2954,0.2963,0.2950984695201123,0.2959,0.2954,0.2963,True,0.0013165334045874245,-0.0003970625688278851,0,0.2924287901057945,0.29268674416753493,-3.14259747742409,-3.14259747742409,0.2885667230537208,0.288593937052338,6.509670032541866,2.280632801803326,0,-1
2023-06-30 18:38:00,2023-06-30 18:38:59,0.2964,0.2967,0.2964,0.2975,0.29549923476005613,0.29674999999999996,0.2964,0.2975,True,0.0013082095899740356,-0.000317672587511681,0,0.2925577671366647,0.2928098009553367,1.5138653886138655,0.0,0.2886481486949773,0.2886745943951008,17.0102106140089,7.950703006472961,0,-1
2023-06-30 18:39:00,2023-06-30 18:39:59,0.2967,0.2969,0.2965,0.2971,0.29612461738002804,0.2968,0.2965,0.2971,True,0.001257623190690175,-0.0002492671402650841,0,0.2926837840460007,0.29293406143866374,5.355305834959793,0.0,0.288729261643286,0.28875643922699035,27.419406795673652,16.979762480741588,0,-1
2023-06-30 18:40:00,2023-06-30 18:40:59,0.2968,0.2958,0.2954,0.2969,0.296462308690014,0.296225,0.2954,0.2969,True,0.0012749358199265913,-0.00027977068591736516,0,0.2928089227423322,0.2930544719293884,2.2124494145449987,0.0,0.28880384610454685,0.28882652440881135,27.44894397118577,23.959520460289557,0,-2
2023-06-30 18:41:00,2023-06-30 18:41:59,0.2957,0.2954,0.2952,0.2959,0.296343654345007,0.29555,0.2952,0.296343654345007,True,0.001233868975646119,-0.00032439560789068343,0,0.2929316973358603,0.2931663939320042,-1.5040747330693662,-0.0,0.28887097201395434,0.2888919321261366,19.28505761778786,24.717802794882545,0,-2
2023-06-30 18:42:00,2023-06-30 18:42:59,0.2954,0.2967,0.2954,0.2968,0.2959468271725035,0.29607500000000003,0.2954,0.2968,True,0.0012457354773856828,-0.00025904580996353966,0,0.29304904563393225,0.29327446704259197,1.7606868869477665,0.0,0.2889426538844623,0.288969624343787,19.942928915978715,22.225643501650897,0,-1
2023-06-30 18:43:00,2023-06-30 18:43:59,0.2967,0.2964,0.2962,0.297,0.29601091358625176,0.296575,0.2962,0.297,True,0.0012138972290009888,-0.00023481941538733243,0,0.29316175633826214,0.29338219892868017,2.48220744415012,0.0,0.28901859762690546,0.28904355842991847,32.03188302988979,23.753289854552236,0,-2
2023-06-30 18:44:00,2023-06-30 18:44:59,0.2964,0.2961,0.2959,0.2964,0.29629295679312584,0.2962,0.2959,0.2964,True,0.0011629045697866324,-0.00023788489699465526,0,0.2932719776334712,0.2934863501122132,1.4811595078044348,0.0,0.28909005436693624,0.2891137717788745,43.693169040888186,31.88932699558568,0,-2
2023-06-30 18:45:00,2023-06-30 18:45:59,0.296,0.2969,0.2958,0.297,0.29624647839656293,0.296425,0.2958,0.297,True,0.0011655542433732999,-0.00018264082321829602,0,0.2933791638728422,0.2935885113348424,4.329418066607509,0.0,0.2891630389005986,0.2891912466865474,50.35981428016433,42.028288783647554,0,-1
2023-06-30 18:46:00,2023-06-30 18:46:59,0.297,0.295,0.2946,0.297,0.2963357391982815,0.2959,0.2946,0.297,True,0.001253728940275208,-0.0002770228511132281,0,0.2934838376038423,0.2936848028543062,-1.2355691184450492,-0.0,0.2892300733393986,0.28924904522697975,38.04972998767427,44.034237769575704,0,-2
2023-06-30 18:47:00,2023-06-30 18:47:59,0.2949,0.2952,0.2946,0.2953,0.29611786959914077,0.29500000000000004,0.2946,0.29611786959914077,True,0.0012141768731126956,-0.0003194528914875854,0,0.29358432022907427,0.2937696374958442,-4.010093184628012,-4.010093184628012,0.28928748554497674,0.2893082587073083,24.05178974860674,37.48711133881522,0,-2
2023-06-30 18:48:00,2023-06-30 18:48:59,0.2952,0.295,0.2942,0.2955,0.2955589347995704,0.294975,0.2942,0.2955589347995704,True,0.0012203070964617866,-0.0003532963750293957,0,0.29367697886245925,0.29384469847437356,-6.550405705458644,-6.550405705458644,0.2893440777286088,0.2893648929490266,5.985848656607215,22.695789464296183,0,-2
2023-06-30 18:49:00,2023-06-30 18:49:59,0.2951,0.2953,0.295,0.2954,0.2952669673997852,0.2952,0.295,0.2954,True,0.0011617137324288027,-0.00034520635868852943,0,0.2937608386684164,0.2939130933204241,-6.509395465825001,-6.509395465825001,0.28940234561190625,0.2894239487405786,3.7610530850015897,11.266230496738624,0,-2
2023-06-30 18:50:00,2023-06-30 18:50:59,0.2952,0.2962,0.2951,0.2963,0.2952334836998926,0.2957,0.2951,0.2963,True,0.0011644484658267476,-0.0002686618168573117,0,0.2938369659944203,0.2939792011438469,-2.097585614144755,-0.0,0.2894650088396485,0.2894913721361947,15.545742670365913,8.430881470658349,0,-1
2023-06-30 18:51:00,2023-06-30 18:51:59,0.2962,0.296,0.2958,0.2963,0.2954667418499463,0.29607500000000003,0.2958,0.2963,True,0.0011169878611248369,-0.00022628596235559138,0,0.2939080835691336,0.2940456277070985,-0.2629724408567995,-0.0,0.28953077989597037,0.28955613460250124,32.96629161291411,17.424362456093984,0,-1
2023-06-30 18:52:00,2023-06-30 18:52:59,0.296,0.2967,0.296,0.2968,0.2957708709249732,0.296375,0.296,0.2968,True,0.001094345871044493,-0.0001458200673949533,0,0.29397685563811604,0.2941139077786321,4.024431825884115,0.0,0.2895988815885478,0.2896272178402873,50.980009993233125,33.16401475883783,0,-1
2023-06-30 18:53:00,2023-06-30 18:53:59,0.2966,0.2964,0.2964,0.2967,0.2960729354624866,0.296525,0.2964,0.2967,True,0.0010376068802556023,-0.00011267390471561924,0,0.2940453817083741,0.29418420781588667,4.960455295857386,0.0,0.28966779818965677,0.2896946087075481,70.49233822956238,51.47954661190332,0,-1
2023-06-30 18:54:00,2023-06-30 18:54:59,0.2965,0.2967,0.2963,0.2967,0.2962989677312433,0.29655,0.2963,0.2967,True,0.0009920635316659173,-7.028277804017901e-05,0,0.29411479476213037,0.2942557873799283,7.01679584548431,0.0,0.28973627780966016,0.28976431409354264,84.86424998840559,68.77886607040047,0,-1
2023-06-30 18:55:00,2023-06-30 18:55:59,0.2967,0.2966,0.2965,0.297,0.29642448386562165,0.29669999999999996,0.2965,0.297,True,0.0009569161365469232,-5.113159824322606e-05,0,0.2941852910710293,0.2943289123719959,7.607431014424755,0.0,0.2898055685777232,0.2898323308687313,96.42281185641832,83.92646669146221,0,-1
2023-06-30 18:56:00,2023-06-30 18:56:59,0.2967,0.2965,0.2958,0.2971,0.2965622419328108,0.296525,0.2958,0.2971,True,0.0009814221267935692,-4.778212425856428e-05,0,0.2942571017215126,0.2944015516890989,7.14028954941228,0.0,0.28987242859187523,0.28989867583521156,93.39593057344649,91.56099747275691,0,-1
2023-06-30 18:57:00,2023-06-30 18:57:59,0.2964,0.2956,0.2956,0.2965,0.2965436209664054,0.296025,0.2956,0.2965436209664054,True,0.0009756062605940294,-0.00010957845257923379,0,0.2943293267053057,0.29446987971618954,0.8000690201382881,0.0,0.2899336482078765,0.28995540542889103,76.25750878190168,88.6920837372556,0,-2
2023-06-30 18:58:00,2023-06-30 18:58:59,0.2957,0.2957,0.2956,0.2958,0.2962843104832027,0.2957,0.2956,0.2962843104832027,True,0.000920205813408744,-0.00014196867515539906,0,0.29439960321074765,0.2945321147857776,-2.5781612329535193,-0.0,0.28999102484262396,0.29001256557387717,49.49161378414109,73.04835104649653,0,-2
2023-06-30 18:59:00,2023-06-30 18:59:59,0.2958,0.2956,0.2956,0.2959,0.2959921552416014,0.29572499999999996,0.2956,0.2959921552416014,True,0.0008759053981652638,-0.00016737519541185867,0,0.29446585899826266,0.29458929735489914,-5.468019914682529,-5.468019914682529,0.2900480793218018,0.2900681619363262,28.452163279449866,51.40042861516432,0,-2
2023-06-30 19:00:00,2023-06-30 19:00:59,0.2957,0.2962,0.2953,0.2965,0.2958585776208007,0.295925,0.2953,0.2965,True,0.0008990550125820292,-0.0001388525717971608,0,0.29452757817658093,0.29464348193432827,-2.2289315363060282,-0.0,0.29010655614447045,0.29012917525039256,26.47232807045988,34.80536837801706,0,-1
2023-06-30 19:01:00,2023-06-30 19:01:59,0.2961,0.2959,0.2959,0.2965,0.29589178881040035,0.2961,0.2959,0.2965,True,0.0008776939402547407,-0.00013823130100638686,0,0.2945855300554546,0.294696135097657,-2.4529500411264067,-0.0,0.2901661924017394,0.2901865963921797,37.30204879002148,30.742180046643856,0,-2
2023-06-30 19:02:00,2023-06-30 19:02:59,0.2959,0.2956,0.2954,0.2959,0.29599589440520013,0.29569999999999996,0.2954,0.29599589440520013,True,0.0008507158016651164,-0.00015545131897313038,0,0.2946408325765558,0.29474447688423894,-4.746312480077798,-4.746312480077798,0.2902212551639112,0.2902404611046953,31.540602686617984,31.77165984903323,0,-2
2023-06-30 19:03:00,2023-06-30 19:03:59,0.2955,0.2951,0.295,0.2957,0.29584794720260005,0.295325,0.295,0.29584794720260005,True,0.0008399503872604676,-0.00019689362026225368,0,0.29469265473039735,0.2947865197187229,-9.183363618200168,-9.183363618200168,0.29027203869461854,0.29028881472554413,18.86639898576136,29.236350154133728,0,-2
2023-06-30 19:04:00,2023-06-30 19:04:59,0.2952,0.295,0.2947,0.2953,0.2955864736013,0.29505000000000003,0.2947,0.2955864736013,True,0.0008228110738847192,-0.00022438566406556747,0,0.2947395872245601,0.2948214280929137,-12.662772782683213,-12.662772782683213,0.29031958059815466,0.2903356921909616,1.469239930627026,17.292080534335575,-1,-2
2023-06-30 19:05:00,2023-06-30 19:05:59,0.295,0.295,0.2949,0.2952,0.29531823680065006,0.295025,0.2949,0.29531823680065006,True,0.000785467425750098,-0.0002344006158965632,0,0.2947805076587369,0.2948503084211846,-14.982378892338573,-14.982378892338573,0.2903664006917054,0.2903821032139371,5.625129991434126e-15,6.778546305462917,0,-2
2023-06-30 19:06:00,2023-06-30 19:06:59,0.295,0.2953,0.295,0.2953,0.295171618400325,0.29515,0.295,0.2953,True,0.000750791181053664,-0.00021171231840136725,0,0.29481540803996076,0.2948751023096779,-12.47675921161639,-12.47675921161639,0.29041399869477297,0.29043103751031585,3.339029962043122,1.6027566308901704,0,-1
2023-06-30 19:07:00,2023-06-30 19:07:59,0.2953,0.2951,0.2949,0.2955,0.2951608092001625,0.2952,0.2949,0.2955,True,0.000740020382406973,-0.00020283908887280003,0,0.29484525517481935,0.2948968518561268,-12.544049320509849,-12.544049320509849,0.29046162059830755,0.29047749484852164,8.0548555894061,3.7979618504831953,0,-2
2023-06-30 19:08:00,2023-06-30 19:08:59,0.295,0.2949,0.2947,0.2953,0.29518040460008127,0.294975,0.2947,0.2953,True,0.00073001892652076,-0.00020296494773268015,0,0.2948710535154731,0.29491451160637644,-14.183986691174034,-14.183986691174034,0.2905065298460856,0.2905214998749045,8.0548555894061,6.482913713618561,0,-2
2023-06-30 19:09:00,2023-06-30 19:09:59,0.2949,0.2953,0.2948,0.2959,0.2950777023000406,0.295225,0.2948,0.2959,True,0.0007564461460549907,-0.00016742911342596233,0,0.29489278256092477,0.2949305455325155,-9.985622258091396,-9.985622258091396,0.29055347979786583,0.29056904713983084,12.858521776888038,9.6560776519002,0,-1
2023-06-30 19:10:00,2023-06-30 19:10:59,0.2953,0.2954,0.2952,0.2956,0.29515135115002034,0.295375,0.2952,0.2956,True,0.0007309857070510597,-0.00013073046415768211,0,0.29491166404672015,0.29494621858563347,-6.052816193908583,-6.052816193908583,0.2906014551232602,0.2906171163225191,25.89172595463951,15.601701106978004,0,-1
2023-06-30 19:11:00,2023-06-30 19:11:59,0.2954,0.2953,0.2953,0.2955,0.29526317557501014,0.295375,0.2953,0.2955,True,0.0006930581565474111,-0.00010842856209914039,0,0.2949289413161768,0.2949614999870719,-4.697323213096695,-4.697323213096695,0.2906489530822327,0.2906637121800065,43.64075575975395,27.463667830427283,0,-1
2023-06-30 19:12:00,2023-06-30 19:12:59,0.2953,0.2958,0.2953,0.2959,0.29531908778750504,0.295575,0.2953,0.2959,True,0.0006864111453654525,-5.511602435000059e-05,0,0.2949452206516244,0.2949777404044166,1.5007868510013793,0.0,0.2906979684744493,0.29071481952149897,62.330542089398726,43.95434126793085,0,-1
2023-06-30 19:13:00,2023-06-30 19:13:59,0.2957,0.2963,0.2956,0.2964,0.29544704389375254,0.29600000000000004,0.2956,0.2964,True,0.0006945246349822075,1.594219988024899e-05,0,0.2949614805280205,0.29499754038716713,8.861379430416541,8.861379430416541,0.29075072500704185,0.29077039345660843,77.9148456176176,61.29538115559021,0,-1
2023-06-30 19:14:00,2023-06-30 19:14:59,0.2962,0.2963,0.2961,0.2964,0.2957235219468763,0.29625,0.2961,0.2964,True,0.0006663443039120514,6.097144203758825e-05,0,0.29497951045759385,0.29502172225772255,13.768441150026646,13.768441150026646,0.29080544416120063,0.2908254144172392,93.4991491458365,77.91484561761773,1,-1
2023-06-30 19:15:00,2023-06-30 19:15:59,0.2963,0.2963,0.2957,0.2965,0.2959867609734381,0.2962,0.2957,0.2965,True,0.0006758911393469025,8.70508841912042e-05,0,0.29500061635765823,0.295048845052841,17.03981562976672,17.03981562976672,0.290859121333726,0.29087988790562486,98.36745241185189,89.92714905843546,0,-1
2023-06-30 19:16:00,2023-06-30 19:16:59,0.2963,0.2962,0.296,0.2965,0.29609338048671907,0.29625,0.296,0.2965,True,0.0006633274865364095,9.270852006749121e-05,0,0.29502473070524965,0.29507844022050483,17.139591076709223,17.139591076709223,0.29091276191747,0.29093282434437484,97.93540120814998,96.60066758861292,0,-1
2023-06-30 19:17:00,2023-06-30 19:17:59,0.2962,0.2959,0.2959,0.2962,0.29617169024335954,0.29605000000000004,0.2959,0.2962,True,0.0006373755232123819,7.104317016013857e-05,0,0.29505158546287724,0.29510840663744425,11.953995639848756,11.953995639848756,0.2909638787143111,0.29098224897776415,90.55252352990856,95.61845904997028,0,-2
2023-06-30 19:18:00,2023-06-30 19:18:59,0.2958,0.2957,0.2955,0.2959,0.2961108451216798,0.295725,0.2955,0.2961108451216798,True,0.0006204201286972126,3.9426557529450583e-05,0,0.2950799960501607,0.29513622989443467,5.78585455023908,5.78585455023908,0.29101125305546227,0.2910291917740053,74.5573086074467,87.68174444850189,0,-2
2023-06-30 19:19:00,2023-06-30 19:19:59,0.2957,0.2962,0.2956,0.2963,0.29591792256083993,0.29595000000000005,0.2956,0.2963,True,0.0006261044052188427,5.073130041120157e-05,0,0.29510811297229766,0.2951637186686728,7.726966927991228,7.726966927991228,0.29106039481610446,0.2910806426021247,63.76251870177881,76.29078361304484,0,-1
2023-06-30 19:20:00,2023-06-30 19:20:59,0.2963,0.2967,0.2962,0.2967,0.29593396128042,0.296475,0.2962,0.2967,True,0.0006170969477032111,8.919562705339033e-05,0,0.2951359158204852,0.2951943575583823,12.580627886882603,12.580627886882603,0.29111427148460095,0.2911365566060836,71.14539638002024,69.82174122974874,0,-1
2023-06-30 19:21:00,2023-06-30 19:21:59,0.2967,0.296,0.296,0.2967,0.29620448064021,0.29635,0.296,0.2967,True,0.0006230185942958413,6.106114644568032e-05,0,0.2951651366894337,0.29522640870785594,8.142322552332182,8.142322552332182,0.2911663682857492,0.2911849490776649,84.86936711613937,73.25909406597962,0,-2
2023-06-30 19:22:00,2023-06-30 19:22:59,0.296,0.2957,0.2956,0.2961,0.296277240320105,0.29585,0.2956,0.296277240320105,True,0.0006142315518461384,1.8460558734793007e-05,0,0.29519577269864483,0.29525592130267064,2.872264938201809,0.0,0.29121297158638854,0.29122987495748914,73.6558295376537,76.55686434460459,0,-2
2023-06-30 19:23:00,2023-06-30 19:23:59,0.2958,0.2956,0.2954,0.2958,0.2960636201600525,0.29564999999999997,0.2954,0.2960636201600525,True,0.0005989292981428435,-1.7895984583559787e-05,0,0.29522584700065774,0.2952818605750708,-1.3931371936254209,-0.0,0.29125712112284236,0.29127335878875793,40.32249620432037,66.28256428603795,0,-2
2023-06-30 19:24:00,2023-06-30 19:24:59,0.2956,0.2957,0.2954,0.2957,0.29585681008002623,0.2956,0.2954,0.29585681008002623,True,0.0005775772054183563,-3.483972381158792e-05,0,0.29525385378786423,0.29530446552143674,-3.0360681121643154,-3.0360681121643154,0.2913003338479882,0.29131740496996433,10.892954645477863,41.62376012915079,0,-2
2023-06-30 19:25:00,2023-06-30 19:25:59,0.2957,0.2954,0.2953,0.2958,0.2957284050400131,0.29555,0.2953,0.2958,True,0.0005720359764599022,-6.584344186030193e-05,0,0.29527915965465046,0.29532394718232224,-6.721444969798213,-6.721444969798213,0.2913426190833316,0.2913580278060841,-7.105427357601002e-15,17.071816949932884,0,-2
2023-06-30 19:26:00,2023-06-30 19:26:59,0.2954,0.2956,0.2952,0.2958,0.2956392025200065,0.2955,0.2952,0.2958,True,0.0005740334067127656,-7.015214917400255e-05,0,0.29530155341848635,0.29534049314049915,-6.516662670095066,-6.516662670095066,0.2913839860576268,0.29140023648463054,-7.105427357601002e-15,3.6309848818260897,-1,-2
2023-06-30 19:27:00,2023-06-30 19:27:59,0.2956,0.2954,0.2954,0.2959,0.29556960126000326,0.295575,0.2954,0.2959,True,0.0005687453062332824,-8.432229999564764e-05,0,0.2953210232794927,0.29535512885617876,-8.283052441255258,-8.283052441255258,0.29142568768889415,0.2914400351265745,3.139299672818948,1.0464332242731182,0,-2
2023-06-30 19:28:00,2023-06-30 19:28:59,0.2954,0.2951,0.2951,0.2954,0.2955723006300016,0.29525,0.2951,0.2955723006300016,True,0.0005495492129309066,-0.00011095143886884207,0,0.29533807606783574,0.2953659303623061,-11.875142165550592,-11.875142165550592,0.2914637405477111,0.2914764526875041,3.139299672818948,2.0928664485461033,0,-2
2023-06-30 19:29:00,2023-06-30 19:29:59,0.2952,0.2952,0.295,0.2952,0.2954111503150008,0.29515,0.295,0.2954111503150008,True,0.0005245814120072728,-0.00011683038428981219,0,0.2953520032150709,0.2953729529521229,-12.646332661629486,-12.646332661629486,0.29150041974624136,0.291513502909519,3.139299672818948,3.1392996728190883,0,-2
2023-06-30 19:30:00,2023-06-30 19:30:59,0.2952,0.2952,0.2949,0.2964,0.2952805751575004,0.295425,0.2949,0.2964,True,0.0005942541682924676,-0.0001156961411549684,0,0.2953624780835969,0.29537883898457135,-13.160459659015423,-13.160459659015423,0.29153947029603,0.29155018447260833,9.18524017440855,5.154613173348955,0,-2
2023-06-30 19:31:00,2023-06-30 19:31:59,0.2952,0.2956,0.2951,0.2956,0.29535278757875016,0.29537499999999994,0.2951,0.2956,True,0.0005875217277001484,-8.246111904370324e-05,0,0.2953706585340841,0.2953834467597953,-7.322177055683639,-7.322177055683639,0.29157763477069637,0.2915904811445227,17.02113508915107,9.781891645459662,0,-1
2023-06-30 19:32:00,2023-06-30 19:32:59,0.2957,0.2959,0.2956,0.296,0.29536389378937505,0.2958,0.2956,0.296,True,0.0005741273185787101,-3.6686657772171563e-05,0,0.2953770526469397,0.2953899324918512,-0.29038429296488744,-0.0,0.29161964835506754,0.2916333619291543,37.64320949262777,21.28319491872927,0,-1
2023-06-30 19:33:00,2023-06-30 19:33:59,0.296,0.2956,0.2956,0.296,0.29558194689468753,0.29579999999999995,0.2956,0.296,True,0.0005616896529659458,-2.594320567576616e-05,0,0.29538349256939544,0.29539785225350856,0.17842940777495642,0.0,0.2916612438938231,0.2916728309646851,49.08004372169421,34.58146276782449,0,-1
2023-06-30 19:34:00,2023-06-30 19:34:59,0.2956,0.2953,0.2953,0.2957,0.29569097344734374,0.295475,0.2953,0.2957,True,0.0005501403920398077,-3.8288376208437676e-05,0,0.295390672411452,0.29540461685314273,-2.786478851806713,-0.0,0.2916991917157751,0.29170892219886735,53.5845984558467,46.769283890056364,0,-2
2023-06-30 19:35:00,2023-06-30 19:35:59,0.2953,0.295,0.2949,0.2954,0.2955829867236719,0.29515,0.2949,0.2955829867236719,True,0.0005465589354655358,-6.494426346809258e-05,0,0.29539764463229734,0.2954081957276187,-7.343815192766371,-7.343815192766371,0.29173352811661313,0.29174166924166467,37.40284370240362,46.689161959981654,0,-2
2023-06-30 19:36:00,2023-06-30 19:36:59,0.2951,0.2947,0.2945,0.2952,0.29536649336183596,0.294875,0.2945,0.29536649336183596,True,0.0005575190115037142,-9.954964078611237e-05,0,0.295402920179958,0.2954073551109361,-12.435925767660542,-12.435925767660542,0.2917647865433135,0.2917711053686133,16.780769298928625,35.922737152393125,0,-2
2023-06-30 19:37:00,2023-06-30 19:37:59,0.2947,0.2941,0.2939,0.2947,0.295120746680918,0.29435,0.2939,0.295120746680918,True,0.0005748390821105934,-0.00015814979450587117,-1,0.295405137645447,0.2953994387069891,-18.62325189471357,-18.62325189471357,0.29179051006029544,0.2917942784495226,4.440319650033612,19.541310883788764,0,-2
2023-06-30 19:38:00,2023-06-30 19:38:59,0.2941,0.2948,0.2941,0.2949,0.29473537334045896,0.294475,0.2941,0.2949,True,0.0005909220048169814,-0.00014023121750452496,0,0.29540228817621805,0.2953868634338508,-14.650937084320276,-14.650937084320276,0.29181722140297905,0.2918241861266418,4.205349918503894,8.475479622488853,0,-1
2023-06-30 19:39:00,2023-06-30 19:39:59,0.2948,0.2946,0.2943,0.2949,0.2946051866702295,0.29464999999999997,0.2943,0.2949,True,0.000591570433044339,-0.0001351307830084351,0,0.2953945758050344,0.2953719071660877,-13.348254638607997,-13.348254638607997,0.2918454082546907,0.2918518061651827,14.1789062595553,7.608191942697746,0,-2
2023-06-30 19:40:00,2023-06-30 19:40:59,0.2945,0.2954,0.2945,0.2954,0.29462759333511473,0.29495,0.2945,0.2954,True,0.0006136011163983157,-6.975461887594067e-05,0,0.29538324148556105,0.29535723725945373,-6.219797497649651,-6.219797497649651,0.291876299714843,0.2918871115764744,33.306752269269836,17.23033614910982,0,-1
2023-06-30 19:41:00,2023-06-30 19:41:59,0.2955,0.2954,0.2953,0.2957,0.29478879666755736,0.295475,0.2953,0.2957,True,0.0005983438937984367,-2.3086864472042983e-05,0,0.2953702393725074,0.29534649551643005,-1.4674927370107511,-0.0,0.2919121076778794,0.29192206569014134,61.61417053580743,36.36660968821101,0,-1
2023-06-30 19:42:00,2023-06-30 19:42:59,0.2955,0.2953,0.2952,0.2955,0.2951318983337787,0.295375,0.2952,0.2955,True,0.0005770336156699747,2.5705933862514823e-06,0,0.2953583674444687,0.295338234037676,0.6808587573457245,0.0,0.2919465643179005,0.2919556769768066,81.67233339976677,58.86441873494815,0,-1
2023-06-30 19:43:00,2023-06-30 19:43:59,0.2952,0.2951,0.2949,0.2952,0.29525344916688934,0.29510000000000003,0.2949,0.29525344916688934,True,0.0005643883574078344,6.630944115560886e-06,0,0.2953483007410723,0.2953300951785014,0.05488873962154628,0.0,0.29197794178737413,0.2919869637730573,86.00995498279808,76.4321529727909,0,-1
2023-06-30 19:44:00,2023-06-30 19:44:59,0.295,0.295,0.2948,0.2951,0.2951767245834447,0.294975,0.2948,0.2951767245834447,True,0.0005455034747358439,3.392119314629937e-06,0,0.29533919795978686,0.29532125106688023,-1.3894435591146461,-0.0,0.29200776326212663,0.2920169442330269,74.11480427321307,80.59903088525944,0,-1
2023-06-30 19:45:00,2023-06-30 19:45:59,0.2951,0.2953,0.295,0.2953,0.29507586229172234,0.29517499999999997,0.295,0.2953,True,0.0005279675122547138,2.3002603987552132e-05,0,0.2953302245133335,0.2953132845977522,0.99822423583948,0.0,0.2920392780555383,0.2920496114545888,70.15205212661084,76.75893712754079,0,-1
2023-06-30 19:46:00,2023-06-30 19:46:59,0.2953,0.2956,0.2952,0.2957,0.29512543114586115,0.29545,0.2952,0.2957,True,0.0005259698328079485,5.646784069173464e-05,0,0.2953217545555428,0.29530795055363424,5.270429400285593,5.270429400285593,0.292073215587324,0.29208493870379687,79.71353164608678,74.66012934863703,0,-1
2023-06-30 19:47:00,2023-06-30 19:47:59,0.2956,0.2957,0.2954,0.2958,0.29528771557293054,0.29562499999999997,0.2954,0.2958,True,0.0005169719876073816,8.358159977039261e-05,0,0.2953148525545885,0.295305926319561,8.936320241174109,8.936320241174109,0.2921085567257586,0.2921209094629631,92.42924750396361,80.76494375888721,0,-1
2023-06-30 19:48:00,2023-06-30 19:48:59,0.2957,0.2953,0.2953,0.2957,0.2954563577864653,0.2955,0.2953,0.2957,True,0.0005086168456354265,7.094940764220149e-05,0,0.2953103894370747,0.2953056641776779,5.956719408149866,5.956719408149866,0.2921423024299799,0.29215254220462517,96.51618959830273,89.5529895827845,0,-1
2023-06-30 19:49:00,2023-06-30 19:49:59,0.2954,0.295,0.295,0.2955,0.29547817889323263,0.29522499999999996,0.295,0.2955,True,0.0005080013566614675,3.992870808217327e-05,0,0.2953080268073763,0.2953049043494874,0.9541065560353914,0.0,0.2921729760376418,0.292180875118012,87.03299053728433,91.99280921318369,0,-2
2023-06-30 19:50:00,2023-06-30 19:50:59,0.2951,0.2948,0.2947,0.2951,0.2953515894466163,0.294925,0.2947,0.2953515894466163,True,0.0005002869740427881,5.203994786297781e-06,0,0.2953064655784318,0.29530169958355706,-4.1072891202701385,-0.0,0.29220035936065036,0.2922069360621114,70.78863344338555,84.779271192991,0,-2
2023-06-30 19:51:00,2023-06-30 19:51:59,0.2949,0.2946,0.2944,0.2949,0.29513829472330816,0.29469999999999996,0.2944,0.29513829472330816,True,0.0005002664758968747,-3.03649043357608e-05,0,0.29530408258099444,0.29529504814977275,-9.05268737714242,-9.05268737714242,0.29222523140681306,0.2922307476435829,50.67457564805696,69.49873320957575,0,-2
2023-06-30 19:52:00,2023-06-30 19:52:59,0.2946,0.2946,0.2945,0.2949,0.29491914736165403,0.29464999999999997,0.2945,0.29491914736165403,True,0.0004931045847613845,-5.1118763387533967e-05,0,0.2952995653653836,0.2952853857128841,-12.349619548390606,-12.349619548390606,0.29224935845749156,0.29225432229389553,30.910267881793843,50.79115899107891,0,-2
2023-06-30 19:53:00,2023-06-30 19:53:59,0.2947,0.2949,0.2945,0.295,0.294784573680827,0.294775,0.2945,0.295,True,0.0004935971144212856,-4.070755181868408e-05,0,0.29529247553913385,0.29527427661960204,-9.455830010709896,-9.455830010709896,0.29227448921910854,0.29228064744520005,19.444033233831917,33.676292254561034,0,-1
2023-06-30 19:54:00,2023-06-30 19:54:59,0.2949,0.2947,0.2946,0.2951,0.2947797868404135,0.294825,0.2946,0.2951,True,0.0004940544633911939,-4.483386318959341e-05,0,0.29528337607936794,0.295262447836935,-9.851908076209753,-9.851908076209753,0.2922998674358338,0.2923047206049493,17.30496502930808,22.553088714978074,0,-2
2023-06-30 19:55:00,2023-06-30 19:55:59,0.2946,0.2951,0.2945,0.2952,0.29480239342020675,0.29484999999999995,0.2945,0.2952,True,0.0005087648588632538,-1.6957809920855867e-05,0,0.2952729119581515,0.29525030512236916,-4.7502795042785095,-0.0,0.2923252418892086,0.2923325343302732,22.622982903913098,19.790660389017827,0,-1
2023-06-30 19:56:00,2023-06-30 19:56:59,0.2951,0.2951,0.295,0.2952,0.29482619671010335,0.29510000000000003,0.295,0.2952,True,0.0004867102260873095,2.9562886414715947e-06,0,0.29526160854026035,0.29523971382481307,-1.3491937896576829,-0.0,0.29235285142264933,0.2923600713021113,37.66854950450389,25.865499145908483,0,-1
2023-06-30 19:57:00,2023-06-30 19:57:59,0.2952,0.2948,0.2947,0.2954,0.2949630983550517,0.295025,0.2947,0.2954,True,0.0005019452099382144,-3.747617796777701e-06,0,0.29525066118253673,0.29522990205658406,-3.2001047449768905,-0.0,0.29237943996570753,0.2923843491996027,47.21609365308993,35.83587535383577,0,-2
2023-06-30 19:58:00,2023-06-30 19:58:59,0.2948,0.2953,0.2948,0.2957,0.2949940491775258,0.29515,0.2948,0.2957,True,0.0005303776949426286,2.750337382971234e-05,0,0.2952402816195604,0.29522162896937404,1.4125399736452238,0.0,0.29240700772724276,0.29241336065035295,61.35173348660908,48.7454588814011,0,-1
2023-06-30 19:59:00,2023-06-30 19:59:59,0.2952,0.2948,0.2947,0.2953,0.2950720245887629,0.29500000000000004,0.2947,0.2953,True,0.0005353507167324401,1.3273931154276033e-05,0,0.29523095529446725,0.29521359489920784,-0.9701068749737516,-0.0,0.2924328086453796,0.29243710830557335,57.09176963053577,55.21986559007839,0,-2
2023-06-30 20:00:00,2023-06-30 20:00:59,0.2948,0.2955,0.2948,0.2957,0.2950360122943815,0.2952,0.2948,0.2957,True,0.0005613970941086953,5.2542910942212924e-05,0,0.29522227509683757,0.2952071763437994,3.239172641062545,3.239172641062545,0.29246034288771416,0.29246758483984625,65.42125382744744,61.28825231486422,0,-1
2023-06-30 20:01:00,2023-06-30 20:01:59,0.2956,0.2952,0.2952,0.2956,0.29511800614719075,0.2954,0.2952,0.2956,True,0.0005498687302437853,5.5979948592066225e-05,0,0.2952147257203185,0.29520344594533,3.203021891535627,3.203021891535627,0.2924895932072394,0.29249477305039506,75.52148916771635,66.01150420856665,0,-1
2023-06-30 20:02:00,2023-06-30 20:02:59,0.2952,0.2948,0.2947,0.2953,0.29525900307359537,0.29500000000000004,0.2947,0.2953,True,0.0005534495352263713,2.914768408571948e-05,0,0.29520908583282424,0.2951991131208381,-0.029865066982779354,-0.0,0.29251457237930667,0.2925177106319832,74.87651636972606,71.93975312163009,0,-2
2023-06-30 20:03:00,2023-06-30 20:03:59,0.2947,0.2953,0.2947,0.2957,0.29512950153679773,0.29510000000000003,0.2947,0.2957,True,0.0005853459969959163,4.561680069941673e-05,0,0.2952040994768312,0.29519502183623236,1.839186830381756,0.0,0.29254029802727377,0.29254539510330674,69.17457162461069,73.19085905401784,0,-1
2023-06-30 20:04:00,2023-06-30 20:04:59,0.2952,0.2948,0.2948,0.2953,0.2951147507683989,0.295025,0.2948,0.2953,True,0.0005792498543533509,2.0696251053427402e-05,0,0.2951995606565318,0.29519063420848113,-0.6958487262192534,-0.0,0.29256502142998747,0.2925678289828758,52.73968823979224,65.59692541137646,0,-2
2023-06-30 20:05:00,2023-06-30 20:05:59,0.2947,0.2948,0.2946,0.2949,0.29506987538419943,0.29475,0.2946,0.29506987538419943,True,0.0005593034361852559,4.386821448841953e-06,0,0.2951950974325065,0.295184156579027,-2.3858724306199264,-0.0,0.2925867625102861,0.2925900396397626,42.95711193504767,54.95712393315032,0,-2
2023-06-30 20:06:00,2023-06-30 20:06:59,0.2947,0.2952,0.2947,0.2957,0.2949099376920997,0.29507500000000003,0.2947,0.2957,True,0.0005907817621720235,2.179841393254476e-05,0,0.2951896270057668,0.295178307765587,0.02602713974768278,0.0,0.2926115210922733,0.2926160093945908,40.95477325101887,45.55052447528638,0,-1
2023-06-30 20:07:00,2023-06-30 20:07:59,0.2953,0.2948,0.2946,0.2955,0.2949924688460499,0.29505000000000003,0.2946,0.2955,True,0.000612868779159737,5.337202399480456e-06,0,0.2951839673856769,0.29517282262591066,-1.7659282968371173,-0.0,0.292635784563992,0.2926377406443959,40.57012123462243,41.49400214022978,0,-2
2023-06-30 20:08:00,2023-06-30 20:08:59,0.2948,0.2944,0.2943,0.2948,0.29502123442302497,0.294575,0.2943,0.29502123442302497,True,0.0006048067235054701,-3.229345284929666e-05,0,0.2951783950057938,0.29516440243789166,-5.675846859618623,-5.675846859618623,0.29265508023997217,0.29265527556335713,34.58932600136716,38.704740162336286,0,-2
2023-06-30 20:09:00,2023-06-30 20:09:59,0.2944,0.295,0.2943,0.295,0.2947981172115125,0.29467499999999996,0.2943,0.295,True,0.0006116062432550779,-1.3297109304994789e-05,0,0.2951713987218427,0.2951544153434623,-3.0502629308829867,-0.0,0.29267517894405204,0.2926786061547665,21.413577477433865,32.19100823780794,0,-1
2023-06-30 20:10:00,2023-06-30 20:10:59,0.295,0.2941,0.2941,0.295,0.2947365586057562,0.29455,0.2941,0.295,True,0.0006322057973082875,-6.137800790943248e-05,0,0.2951629070326525,0.29514240550175236,-6.658218392056,-6.658218392056,0.29269383387993214,0.2926927493771071,5.184574324985892,20.395825934595766,0,-2
2023-06-30 20:11:00,2023-06-30 20:11:59,0.2942,0.294,0.2936,0.2942,0.2946432793028781,0.29400000000000004,0.2936,0.2946432793028781,True,0.0006299053832148376,-9.571031087525901e-05,0,0.29515265626720244,0.2951251119522637,-9.538457025898964,-9.538457025898964,0.29270683055774377,0.2927057568459916,5.184574324985892,10.594242042468677,0,-2
2023-06-30 20:12:00,2023-06-30 20:12:59,0.2939,0.2941,0.2938,0.2942,0.2943216396514391,0.294,0.2938,0.2943216396514391,True,0.0006134835701280643,-0.00010574172810181906,0,0.29513888410973305,0.2951037771546233,-10.475011715377391,-10.475011715377391,0.29271969791537816,0.29271962991220063,0.2847947796704459,3.5513144765475375,0,-2
2023-06-30 20:13:00,2023-06-30 20:13:59,0.294,0.2941,0.2939,0.2942,0.2941608198257195,0.29405,0.2939,0.2942,True,0.0005910918865474899,-0.00010629599193310118,0,0.29512133063217816,0.2950797500864665,-11.09938150836301,-11.09938150836301,0.29273293475204104,0.2927333649379499,1.8899115908144228,2.453093565157048,0,-2
2023-06-30 20:14:00,2023-06-30 20:14:59,0.294,0.294,0.2939,0.2943,0.2941054099128597,0.29405,0.2939,0.2943,True,0.0005774424660798128,-0.00010738169904309943,0,0.2951005403593223,0.2950537682260379,-12.282431922909652,-12.282431922909652,0.2927460398788864,0.29274596827190064,3.779823181628848,1.9848431840380332,0,-2
2023-06-30 20:15:00,2023-06-30 20:15:59,0.2941,0.2945,0.294,0.2949,0.2940777049564298,0.294375,0.294,0.2949,True,0.0006004822899312556,-6.74440802653399e-05,0,0.2950771542926801,0.29502865545272594,-7.290542542116427,-7.290542542116427,0.2927622484373055,0.2927634213239215,23.16210328893847,9.610612687127375,0,-1
2023-06-30 20:16:00,2023-06-30 20:16:59,0.2946,0.2947,0.2942,0.2947,0.29422635247821494,0.29455,0.2942,0.2947,True,0.0005933049835075945,-2.3238058850220023e-05,0,0.295052904872703,0.2950055999042507,-2.1638410280053364,-0.0,0.2927800370100686,0.2927826907634845,48.63219931244717,25.191375261004954,0,-1
2023-06-30 20:17:00,2023-06-30 20:17:59,0.2946,0.2952,0.2946,0.2953,0.29438817623910746,0.294925,0.2946,0.2953,True,0.0006009260561141973,4.235222364955954e-05,0,0.2950292523884768,0.29498689510773757,4.815811108130433,4.815811108130433,0.2928013799253913,0.29280674359170855,80.07562105496608,50.62330788545071,0,-1
2023-06-30 20:18:00,2023-06-30 20:18:59,0.2953,0.2951,0.2951,0.2954,0.29465658811955375,0.29522499999999996,0.2951,0.2954,True,0.0005794313378203275,7.761121210378411e-05,0,0.29500807374810717,0.2949738023426767,8.14700017886868,8.14700017886868,0.29282549554802423,0.29282956206343286,94.02667428098978,74.2448315494678,0,-1
2023-06-30 20:19:00,2023-06-30 20:19:59,0.2951,0.2951,0.295,0.2952,0.29494079405977686,0.29510000000000003,0.295,0.2952,True,0.0005523290994045923,9.840746449822906e-05,0,0.29499093804539195,0.2949643601668043,10.367792892694176,10.367792892694176,0.2928481274331185,0.29285215348568727,96.52654517354644,90.20961350316757,0,-1
2023-06-30 20:20:00,2023-06-30 20:20:59,0.2951,0.2953,0.295,0.2954,0.29502039702988847,0.2952,0.295,0.2954,True,0.0005414484494471221,0.00012247302646816387,0,0.2949776491060981,0.2949585430151873,13.518900332067084,13.518900332067084,0.29287152915020187,0.2928765101674217,95.21630827388948,95.2565092428087,1,2
2023-06-30 20:21:00,2023-06-30 20:21:59,0.2954,0.2949,0.2947,0.2954,0.29511019851494424,0.29510000000000003,0.2947,0.2954,True,0.0005527735602008976,0.00010622898943605635,0,0.29496809606064267,0.29495493367616,9.69106557634445,9.69106557634445,0.29289370298950335,0.29289664439461155,90.96846321687485,94.2371055547704,0,1
2023-06-30 20:22:00,2023-06-30 20:22:59,0.2948,0.295,0.2948,0.295,0.29510509925747214,0.2949,0.2948,0.29510509925747214,True,0.0005275754487579748,9.876516599439315e-05,0,0.29496151486840133,0.2949517151147223,8.274248843928248,8.274248843928248,0.2929136661438366,0.29291757330610796,84.56586950982445,90.25021366686308,0,2
2023-06-30 20:23:00,2023-06-30 20:23:59,0.2949,0.2951,0.2949,0.2952,0.29500254962873607,0.295025,0.2949,0.2952,True,0.0005113200595609782,9.715188061059695e-05,0,0.29495661499156184,0.2949496839309165,8.495751997569442,8.495751997569442,0.29293467444091287,0.2929392889946044,79.16846193016958,84.90093155228978,0,2
2023-06-30 20:24:00,2023-06-30 20:24:59,0.2951,0.2951,0.295,0.2952,0.295013774814368,0.29510000000000003,0.295,0.2952,True,0.0004890829124494821,9.237782222823607e-05,0,0.2949531494612392,0.29494911609371144,8.643420766663567,8.643420766663567,0.292956219968864,0.2929607886065984,78.59801051113315,80.77744731704256,0,2
2023-06-30 20:25:00,2023-06-30 20:25:59,0.2951,0.2954,0.2951,0.2955,0.29505688740718405,0.29527499999999995,0.2951,0.2955,True,0.00048271984727451996,0.00010619518045949084,0,0.2949511327774753,0.29495090494164977,12.208166787002568,12.208166787002568,0.2929792924069848,0.29298505936673175,87.93407568647103,81.90018270925809,0,2
2023-06-30 20:26:00,2023-06-30 20:26:59,0.2954,0.2951,0.295,0.2955,0.295165943703592,0.29525,0.295,0.2955,True,0.0004839541438977686,9.009585044126843e-05,0,0.29495101885956254,0.29495436542438924,9.197764897911092,9.197764897911092,0.2930018865123879,0.2930061035521374,93.18701273936186,86.57303297898885,0,1
2023-06-30 20:27:00,2023-06-30 20:27:59,0.2951,0.2953,0.295,0.2955,0.29520797185179604,0.29522499999999996,0.295,0.2955,True,0.0004851002764764994,8.951591173448115e-05,0,0.2949526921419759,0.2949589467277852,9.643657252496482,9.643657252496482,0.29302400704460296,0.2930289283924146,95.61690026730207,92.24599623104514,0,2
2023-06-30 20:28:00,2023-06-30 20:28:59,0.2954,0.2951,0.2951,0.2956,0.295216485925898,0.2953,0.2951,0.2956,True,0.00048616454244246375,7.142105280244761e-05,0,0.29495581943488053,0.29496489360831285,6.739314869565163,6.739314869565163,0.29304665374067657,0.29304953607010203,95.83649896727032,94.8801373246449,0,1
2023-06-30 20:29:00,2023-06-30 20:29:59,0.2951,0.2955,0.2951,0.2955,0.295258242962949,0.2953,0.2951,0.2955,True,0.00048000993226800286,8.384093535389809e-05,0,0.2949603565215967,0.29497187481539505,9.313856182318787,9.313856182318787,0.2930690750964907,0.29307391879577266,96.86815877057388,96.10718600171556,0,2
2023-06-30 20:30:00,2023-06-30 20:30:59,0.2956,0.2954,0.2952,0.2956,0.2952791214814745,0.29545,0.2952,0.2956,True,0.0004742949371059995,8.100930757376889e-05,0,0.29496611566849584,0.2949806516160626,9.388305179598625,9.388305179598625,0.29309276589155053,0.2930970638823819,99.25656771868474,97.32040848550979,0,2
2023-06-30 20:31:00,2023-06-30 20:31:59,0.2954,0.2962,0.2954,0.2963,0.29536456074073725,0.295825,0.2954,0.2963,True,0.000504702441598429,0.000130026271410125,0,0.2949733836422792,0.29499335478080035,15.14522127564608,15.14522127564608,0.29311995230058985,0.2931279388686268,99.57695237688255,98.56722628871387,0,2
2023-06-30 20:32:00,2023-06-30 20:32:59,0.2962,0.2953,0.2953,0.2966,0.2955947803703686,0.29585,0.2953,0.2966,True,0.0005615094100556819,9.358045892522674e-05,0,0.2949833692115398,0.2950092335689503,9.692974882752864,9.692974882752864,0.29314711695431533,0.2931495514171977,99.99999999999996,99.61117336518923,0,1
2023-06-30 20:33:00,2023-06-30 20:33:59,0.2953,0.2958,0.2951,0.2958,0.2957223901851843,0.2955,0.2951,0.2958,True,0.0005714015950517069,9.936390351979993e-05,0,0.2949963013902451,0.29502510223015965,9.388450411047735,9.388450411047735,0.2931705287259142,0.2931759240399121,79.6076456569419,93.06153267794161,0,2
2023-06-30 20:34:00,2023-06-30 20:34:59,0.2957,0.2959,0.2956,0.2964,0.29561119509259215,0.2959,0.2956,0.2964,True,0.0005877300525480152,0.00010459939247941621,0,0.2950107018102024,0.29504359846785166,9.800001166377491,9.800001166377491,0.2931976876440643,0.2932030292733458,72.13913562996929,83.91559376230386,0,2
2023-06-30 20:35:00,2023-06-30 20:35:59,0.296,0.2963,0.2959,0.2965,0.2957555975462961,0.296175,0.2959,0.2965,True,0.0005886064773660132,0.00012964620263042532,0,0.29502715013902703,0.29506592330357934,12.394279019968572,12.394279019968572,0.2932273126426308,0.29323384490246673,71.86156635637245,74.5361158810947,0,2
2023-06-30 20:36:00,2023-06-30 20:36:59,0.2962,0.296,0.2959,0.2965,0.29596529877314803,0.29615,0.2959,0.2965,True,0.0005894203004112973,0.00011816542047118499,0,0.2950465367213032,0.295090937722764,11.0320908057871,11.0320908057871,0.2932563941088733,0.29326136883378545,90.36950751172277,78.12340316602166,0,2
2023-06-30 20:37:00,2023-06-30 20:37:59,0.296,0.2961,0.2956,0.2962,0.29605764938657403,0.295975,0.2956,0.2962,True,0.000590175993239065,0.00011081954367370925,0,0.29506873722203364,0.29511669735829527,10.847180983652564,10.847180983652564,0.2932834449137601,0.29328961392001646,83.80875087933096,82.01327491580888,0,2
2023-06-30 20:38:00,2023-06-30 20:38:59,0.2962,0.2959,0.2957,0.2963,0.296016324693287,0.29602500000000004,0.2957,0.2963,True,0.0005908777080077023,8.572446620927563e-05,0,0.29509271729016445,0.295143210022576,8.485680140318394,8.485680140318394,0.2933107240688471,0.29331558791086204,70.06898977929706,81.41574939011707,0,1
2023-06-30 20:39:00,2023-06-30 20:39:59,0.2958,0.296,0.2957,0.2962,0.2960206623466435,0.295925,0.2957,0.2962,True,0.0005843864431500093,7.071217519369962e-05,0,0.2951179636563702,0.2951694475402682,7.873948571068567,7.873948571068567,0.2933367367646795,0.2933422984789132,49.8432650074144,67.90700188868095,0,1
2023-06-30 20:40:00,2023-06-30 20:40:59,0.296,0.2959,0.2959,0.2962,0.29597283117332174,0.296,0.2959,0.2962,True,0.000564073125782153,4.906300133978241e-05,0,0.2951437055983192,0.29519580299560205,6.149533453626049,6.149533453626049,0.2933632368963742,0.29336774824529216,45.64317418856453,55.1851429917588,0,1
2023-06-30 20:41:00,2023-06-30 20:41:59,0.2959,0.2958,0.2958,0.296,0.29598641558666083,0.295875,0.2958,0.296,True,0.0005380679025119977,2.4014780425711296e-05,0,0.29516975429696063,0.29522121284468583,3.6436403298267095,0.0,0.293388229564072,0.29339194975528926,28.135914920634246,41.20745137220454,0,1
2023-06-30 20:42:00,2023-06-30 20:42:59,0.2958,0.2959,0.2957,0.2961,0.2959307077933304,0.295875,0.2957,0.2961,True,0.0005282059094754233,1.156866344455981e-05,0,0.29519548357082326,0.29524570387273164,3.424918326190344,0.0,0.2934129735485091,0.29341690547911725,18.72146323866365,30.833517449287616,0,1
2023-06-30 20:43:00,2023-06-30 20:43:59,0.296,0.2964,0.2959,0.2965,0.2959028538966652,0.2962,0.2959,0.2965,True,0.0005333340587986066,3.5238681501653765e-05,1,0.29522059372177745,0.2952715333176409,8.563330096228462,8.563330096228462,0.2934407051549916,0.29344658801166335,25.00255694486317,23.953311701387165,0,2
2023-06-30 20:44:00,2023-06-30 20:44:59,0.2964,0.2964,0.2963,0.2967,0.29605142694833264,0.29645,0.2963,0.2967,True,0.0005238101974558498,4.6852904125471815e-05,0,0.29524606351970917,0.2952999545559647,11.988937942920543,11.988937942920543,0.29347064838728026,0.2934759751956269,56.52714658642419,33.41705558998381,0,2
2023-06-30 20:45:00,2023-06-30 20:45:59,0.2964,0.2963,0.2962,0.2966,0.2962507134741663,0.296375,0.2962,0.2966,True,0.000514966611923286,4.321759365887533e-05,0,0.29527300903783693,0.2953297067517911,12.241487109342202,12.241487109342202,0.29349954740830236,0.29350407494492414,80.66528793247569,54.06499715458782,0,1
2023-06-30 20:46:00,2023-06-30 20:46:59,0.2963,0.2966,0.296,0.2967,0.2963128567370832,0.2964,0.296,0.2967,True,0.0005281832825001965,5.724422333982924e-05,0,0.295301357894814,0.29536047421470213,15.41069560417057,15.41069560417057,0.2935284076330954,0.29353488016935275,86.51247571933719,74.56830341274583,0,2
2023-06-30 20:47:00,2023-06-30 20:47:59,0.2966,0.2962,0.2961,0.2966,0.2964,0.296375,0.2961,0.2966,True,0.0005261701908930396,3.396661099441692e-05,0,0.29533091605475803,0.2953916583804266,10.85471696675932,10.85471696675932,0.29355673193525367,0.29356139877463283,77.20645701668842,81.4614068895006,0,1
2023-06-30 20:48:00,2023-06-30 20:48:59,0.2962,0.296,0.2958,0.2965,0.2963875,0.296125,0.2958,0.2965,True,0.0005385866058292496,1.2746115242369578e-06,0,0.2953612872175923,0.2954212413968002,5.345403210524395,0.0,0.29358228684137055,0.29358566346344245,51.25957197886455,71.65950157163022,0,1
2023-06-30 20:49:00,2023-06-30 20:49:59,0.296,0.296,0.2958,0.2961,0.29625625,0.295975,0.2958,0.29625625,True,0.0005215447054128722,-2.2324068643913794e-05,0,0.29539126430719626,0.29544833168655715,1.6725273730344483,0.0,0.29360609493250117,0.29360968671256243,24.02731463068453,50.83111454207934,0,1
2023-06-30 20:50:00,2023-06-30 20:50:59,0.296,0.2968,0.296,0.2969,0.296115625,0.296425,0.296,0.2969,True,0.0005485772264548107,1.590948337872901e-05,0,0.29541979799687673,0.2954763610454803,7.616105044303595,7.616105044303595,0.2936341437391429,0.2936414311233827,19.62299466967785,31.636627093075816,0,2
2023-06-30 20:51:00,2023-06-30 20:51:59,0.2968,0.297,0.2964,0.297,0.2962703125,0.2968,0.2964,0.297,True,0.0005522502817080378,5.123402606838762e-05,0,0.2954480795211785,0.295507510327751,12.792861836330061,12.792861836330061,0.2936656447964649,0.29367484971916996,51.38671100406871,31.679006768143868,0,2
2023-06-30 20:52:00,2023-06-30 20:52:59,0.297,0.2969,0.2969,0.2973,0.29653515625000004,0.297025,0.2969,0.2973,True,0.0005413752615860359,6.243672933621818e-05,0,0.2954777949244648,0.2955424459696914,14.613314608668702,14.613314608668702,0.29369907121640054,0.2937069407667404,84.72004433740204,51.90991667038304,0,2
2023-06-30 20:53:00,2023-06-30 20:53:59,0.297,0.2972,0.2969,0.2973,0.296780078125,0.29710000000000003,0.2969,0.2973,True,0.0005312770286156056,8.486758039138114e-05,0,0.2955101204470781,0.29558063752333097,17.880389321232286,17.880389321232286,0.2937329113037995,0.29374169757503155,98.43038300105748,78.17904611417624,0,2
2023-06-30 20:54:00,2023-06-30 20:54:59,0.2971,0.297,0.297,0.2972,0.2969400390625,0.297075,0.297,0.2972,True,0.0005076143837144932,7.912639967408268e-05,0,0.2955453789852045,0.2956209589178888,16.725165183494113,16.725165183494113,0.29376616591769206,0.293774118494683,98.58629238156588,93.91223990667531,0,2
2023-06-30 20:55:00,2023-06-30 20:55:59,0.297,0.2969,0.2969,0.2971,0.29700751953125,0.296975,0.2969,0.2971,True,0.00048564192773488493,6.215686220276552e-05,0,0.2955831689515467,0.29566199439718643,14.352975731356466,14.352975731356466,0.2937980946150284,0.29380522179324337,91.41391826449092,96.14353121570493,0,1
2023-06-30 20:56:00,2023-06-30 20:56:59,0.297,0.2974,0.297,0.2974,0.296991259765625,0.2972,0.297,0.2974,True,0.0004866675043252503,7.973112251702722e-05,0,0.29562258167436656,0.29570485427267335,16.935010822521292,16.935010822521292,0.293831944419854,0.29384099073062403,89.98469341441944,93.32830135349225,0,2
2023-06-30 20:57:00,2023-06-30 20:57:59,0.2974,0.2969,0.2968,0.2974,0.2970956298828125,0.297125,0.2968,0.2974,True,0.0004947626825877317,5.014835530792454e-05,0,0.2956637179735199,0.2957483418640246,12.151833872278509,12.151833872278509,0.2938647111420445,0.2938714286338019,85.59624821925563,88.99828663272217,0,1
2023-06-30 20:58:00,2023-06-30 20:58:59,0.2969,0.2973,0.2969,0.2974,0.2971103149414063,0.297125,0.2969,0.2974,True,0.000495136776688608,5.303774294565186e-05,0,0.29570602991877226,0.29579202528936616,12.222611054365942,12.222611054365942,0.2938971518271983,0.293905543771774,86.96646952273272,87.51580371880277,0,2
2023-06-30 20:59:00,2023-06-30 20:59:59,0.2974,0.2978,0.2973,0.2979,0.2971176574707031,0.2976,0.2973,0.2979,True,0.0005026270069251353,8.356219575291488e-05,0,0.29574902760406924,0.2958388221865777,15.233825175774172,15.233825175774172,0.29393399608762416,0.2939442945800151,88.3956943728042,86.98613737159769,0,2
2023-06-30 21:00:00,2023-06-30 21:00:59,0.2978,0.2978,0.2973,0.2983,0.2973588287353516,0.2978,0.2973,0.2983,True,0.0005381536492876257,9.616093616708241e-05,0,0.29579392489532347,0.29588912147829943,17.241301256713,17.241301256713,0.2939724637882448,0.29398265980807464,94.19784718640206,89.85333702731316,0,2
2023-06-30 21:01:00,2023-06-30 21:01:59,0.2977,0.2976,0.2973,0.2978,0.29757941436767577,0.2976,0.2973,0.2978,True,0.0005354283886242238,8.273321387875757e-05,0,0.29584152318681145,0.2959404609105243,15.734411702196127,15.734411702196127,0.29400855867592396,0.29401865324282017,91.05033658044341,91.21462604655005,0,1
2023-06-30 21:02:00,2023-06-30 21:02:59,0.2976,0.2977,0.2975,0.2978,0.29758970718383787,0.29764999999999997,0.2975,0.2978,True,0.0005186120751510666,7.351781798861732e-05,0,0.29589099204866787,0.29599261006275257,15.563053637453308,15.563053637453308,0.2940447919229297,0.294055283558812,83.005710816856,89.41796486123398,0,1
2023-06-30 21:03:00,2023-06-30 21:03:59,0.2977,0.2972,0.2971,0.2978,0.2976198535919189,0.29745,0.2971,0.2978,True,0.0005315683554974214,2.617668629876298e-05,0,0.2959418010557102,0.296043666701898,9.211665253769667,0.0,0.29407867459036324,0.2940865742696696,55.97759962139878,76.67788233956622,0,1
2023-06-30 21:04:00,2023-06-30 21:04:59,0.2971,0.2968,0.2967,0.2973,0.29753492679595944,0.296975,0.2967,0.29753492679595944,True,0.0005364563301047477,-3.687397509148421e-05,0,0.2959927338788041,0.2960902538898228,1.629625141261286,0.0,0.29410749374866807,0.2941135735306679,31.593929707621967,56.85908004862574,0,1
2023-06-30 21:05:00,2023-06-30 21:05:59,0.2967,0.2973,0.2967,0.2973,0.29725496339797974,0.29700000000000004,0.2967,0.2973,True,0.0005409951636686936,-4.547599419287658e-05,0,0.29604149388431344,0.2961331741363034,1.7564966584630497,0.0,0.29413627490539773,0.29414527926668116,6.970376988758837,31.51396877259336,0,1
2023-06-30 21:06:00,2023-06-30 21:06:59,0.2974,0.2971,0.297,0.2974,0.2971274816989899,0.29722499999999996,0.297,0.2974,True,0.000530924080549502,-6.641483963566969e-05,0,0.29608733401030846,0.29617445663474146,0.019038473600282657,0.0,0.2941670084884286,0.2941746794729828,7.15030890958624,15.23820520198918,0,1
2023-06-30 21:07:00,2023-06-30 21:07:59,0.297,0.2968,0.2968,0.2972,0.2971762408494949,0.29695000000000005,0.2968,0.2972,True,0.0005215723605102526,-0.00010113842000395638,0,0.29613089532252496,0.2962122796883334,-3.607354847552351,-3.607354847552351,0.2941946999462552,0.2942008020652914,7.15030890958624,7.0903316026439365,0,1
2023-06-30 21:08:00,2023-06-30 21:08:59,0.2968,0.2967,0.2966,0.2969,0.2970631204247475,0.29675,0.2966,0.2970631204247475,True,0.0005057457633309505,-0.00012933582592394345,0,0.29617158750542916,0.29624574737760506,-6.805469494315211,-6.805469494315211,0.29422012581743673,0.2942256697064328,6.485154058703455,6.928590625958809,0,-2
2023-06-30 21:09:00,2023-06-30 21:09:59,0.2967,0.2967,0.2965,0.2968,0.2969065602123737,0.296675,0.2965,0.2969065602123737,True,0.0004910496373787414,-0.00014497955091283412,0,0.2962086674415171,0.2962750418542179,-8.937545925490454,-8.937545925490454,0.29424455242621844,0.2942502899083589,-5.921189464667502e-14,4.545154322763376,0,-2
2023-06-30 21:10:00,2023-06-30 21:10:59,0.2967,0.2968,0.2967,0.297,0.29679078010618687,0.2968,0.2967,0.297,True,0.000477403234708829,-0.00014471072139266136,0,0.29624185464786745,0.2963017073728258,-8.68796928131787,-8.68796928131787,0.29426997976526104,0.294275660158027,2.9717324369388485,3.1522954985475793,0,-2
2023-06-30 21:11:00,2023-06-30 21:11:59,0.2968,0.2968,0.2968,0.297,0.2967953900530934,0.29685,0.2968,0.297,True,0.00045758871794391107,-0.00014078688861505302,0,0.29627178101034657,0.2963264631936658,-8.521584851869484,-8.521584851869484,0.29429565160839277,0.29430077796739984,7.133420771080021,3.3683844026731014,0,-2
2023-06-30 21:12:00,2023-06-30 21:12:59,0.2968,0.2972,0.2968,0.2978,0.2968226950265467,0.29715,0.2968,0.2978,True,0.0004963323809479175,-0.0001070177288543136,0,0.29629912210200615,0.29635160396380456,-2.328159208140164,-0.0,0.29432405308492615,0.29432962594782375,17.913948809077617,9.33970067236566,0,-1
2023-06-30 21:13:00,2023-06-30 21:13:59,0.2973,0.2976,0.2971,0.2976,0.29698634751327335,0.2974,0.2971,0.2976,True,0.000496594353737352,-5.529409510046852e-05,0,0.2963253630329053,0.29637859058068017,5.4410325871448535,0.0,0.29435465952189205,0.2943621669831688,30.436935839707314,18.494768473288485,0,-1
2023-06-30 21:14:00,2023-06-30 21:14:59,0.2977,0.2977,0.2975,0.2978,0.2971931737566367,0.297675,0.2975,0.2978,True,0.00048255189989897127,-1.4765782378269184e-05,0,0.2963519768067927,0.2964087320812345,11.35382080352953,11.35382080352953,0.2943876977356046,0.294395379251993,50.880420933687,33.07710186082414,0,2
2023-06-30 21:15:00,2023-06-30 21:15:59,0.2977,0.2976,0.2974,0.298,0.29743408687831835,0.29767499999999997,0.2974,0.298,True,0.0004909410499061869,3.0145957381743087e-06,0,0.29638035444401356,0.2964411506411479,13.2616880205873,13.2616880205873,0.2944204072108722,0.294427266025605,64.7050663238083,48.67414103240103,0,2
2023-06-30 21:16:00,2023-06-30 21:16:59,0.2977,0.2971,0.297,0.2977,0.29755454343915916,0.297375,0.297,0.2977,True,0.0005058738320557474,-2.214405814176168e-05,0,0.2964107525425807,0.2964730812010718,7.0775452971955914,0.0,0.2944498061440974,0.2944538603935094,68.26997464103944,61.285153966178406,0,-2
2023-06-30 21:17:00,2023-06-30 21:17:59,0.297,0.297,0.297,0.2973,0.2974647717195796,0.297075,0.297,0.2974647717195796,True,0.0004911685583374813,-4.646981345963016e-05,0,0.29644191687182625,0.29650235015853454,1.8504387163714995,0.0,0.29447592747599693,0.29447919511596204,51.40250262256834,61.45918119580552,0,-2
2023-06-30 21:18:00,2023-06-30 21:18:59,0.2971,0.2973,0.2969,0.2975,0.29726988585978975,0.2972,0.2969,0.2975,True,0.0004989422327419462,-4.166045707912092e-05,0,0.2964721335151804,0.2965301804344201,2.4794594427404704,0.0,0.29450303267524075,0.294507262826251,38.83631551645311,52.836264260020464,0,-2
2023-06-30 21:19:00,2023-06-30 21:19:59,0.2972,0.2969,0.2969,0.2973,0.2972349429298949,0.297075,0.2969,0.2973,True,0.0004918749304032366,-6.616227230808811e-05,0,0.2965011569748003,0.29655582944796005,-1.6155749298135902,-0.0,0.29452862438991495,0.29453107115633803,27.038465046917782,39.09242772864658,0,-2
2023-06-30 21:20:00,2023-06-30 21:20:59,0.2969,0.2975,0.2969,0.2975,0.2971549714649474,0.2972,0.2969,0.2975,True,0.0004995981496601474,-3.983512715545262e-05,0,0.2965284932113802,0.2965804427917388,1.8756513988015087,0.0,0.2945552052417566,0.294560612736872,31.096154299229173,32.323644954200184,0,-1
2023-06-30 21:21:00,2023-06-30 21:21:59,0.2974,0.2979,0.2974,0.2983,0.2971774857324737,0.29774999999999996,0.2974,0.2983,True,0.0005281982818272806,4.5232130120438055e-06,0,0.2965544680015595,0.29660784545662294,6.942932137013699,0.0,0.29458699424432616,0.2945938404708335,47.37270887930297,35.16910940848347,0,-1
2023-06-30 21:22:00,2023-06-30 21:22:59,0.298,0.2981,0.2977,0.2982,0.29746374286623684,0.298,0.2977,0.2982,True,0.0005261841188396178,4.482600323384351e-05,0,0.29658115672909124,0.29663897142807294,11.495776011233453,11.495776011233453,0.2946209545006015,0.29462872763032766,73.4442648973719,50.637709358634844,0,2
2023-06-30 21:23:00,2023-06-30 21:23:59,0.2981,0.2981,0.2979,0.2982,0.2977318714331184,0.298075,0.2979,0.2982,True,0.0005100281103510753,6.690977221016791e-05,0,0.2966100640785821,0.29667332980746103,14.531005260713286,14.531005260713286,0.2946553231125358,0.2946632676539065,94.98220756874406,71.93306044847314,0,2
2023-06-30 21:24:00,2023-06-30 21:24:59,0.2981,0.2983,0.2981,0.2985,0.2979034357165592,0.29825,0.2981,0.2985,True,0.0005021689596117137,8.982791533792016e-05,0,0.29664169694302156,0.2967111980354358,17.863220014168633,17.863220014168633,0.2946910910417643,0.2946994540454099,99.99999999999993,89.4754908220388,0,2
2023-06-30 21:25:00,2023-06-30 21:25:59,0.2982,0.298,0.2976,0.2982,0.2980767178582796,0.29800000000000004,0.2976,0.2982,True,0.0005162997482108793,7.782415693526014e-05,0,0.29667644748922867,0.29674985450970454,15.270150811225918,15.270150811225918,0.2947240155090104,0.29473229529868944,88.60004533345192,94.52741763406546,0,1
2023-06-30 21:26:00,2023-06-30 21:26:59,0.2981,0.2981,0.2979,0.2984,0.2980383589291398,0.298125,0.2979,0.2984,True,0.0005151354804815309,7.108277599067144e-05,0,0.2967131509994666,0.29678972398423376,14.498674031349765,14.498674031349765,0.29475785615071176,0.29476580479820497,80.43222955148417,89.6774249616455,0,2
2023-06-30 21:27:00,2023-06-30 21:27:59,0.2981,0.2982,0.2979,0.2983,0.29808167946456987,0.29812500000000003,0.2979,0.2983,True,0.0005069115175899937,6.793030390058488e-05,0,0.2967514374918502,0.29683027491540354,14.965678671392638,14.965678671392638,0.29479136006961015,0.2947999758947402,72.2644137695179,80.43222955148481,0,2
2023-06-30 21:28:00,2023-06-30 21:28:59,0.2983,0.2983,0.298,0.2987,0.298103339732285,0.298325,0.298,0.2987,True,0.0005207035520478538,6.712880419412114e-05,0,0.29679085620362683,0.2968724563523595,16.266640841878143,16.266640841878143,0.29482652066593246,0.2948348020052403,80.77494541086996,77.82386291062416,0,2
2023-06-30 21:29:00,2023-06-30 21:29:59,0.2984,0.2983,0.2982,0.2987,0.29821416986614246,0.2984,0.2982,0.2987,True,0.0005192247269015785,6.091652489854146e-05,0,0.29683165627799313,0.2969161466682314,17.13394895553516,17.13394895553516,0.2948620776742316,0.2948692815872777,87.95891810186248,80.3327590940836,0,1
2023-06-30 21:30:00,2023-06-30 21:30:59,0.2982,0.2982,0.298,0.2988,0.29830708493307123,0.2983,0.298,0.2988,True,0.0005392801035514675,4.452833121671362e-05,0,0.29687390147311227,0.29696003906670876,15.154743428509008,15.154743428509008,0.29489628585657757,0.2949024230640212,89.78495878021714,86.17294076431669,0,1
2023-06-30 21:31:00,2023-06-30 21:31:59,0.2981,0.2981,0.2979,0.2984,0.2983035424665356,0.298125,0.2979,0.2984,True,0.0005364743818692198,2.2224194511325987e-05,0,0.2969169702699105,0.29700258873160457,11.429837081739286,11.429837081739286,0.29492841236546735,0.29493423974995137,77.36785610279726,85.03724432829245,0,1
2023-06-30 21:32:00,2023-06-30 21:32:59,0.2981,0.2978,0.2978,0.2982,0.2982142712332678,0.297975,0.2978,0.2982142712332678,True,0.000526726211735705,-1.66539403531166e-05,0,0.2969597795007575,0.2970427601574378,3.5844376287856434,0.0,0.29495872667028855,0.29496275477731504,55.86257094741111,74.33846194347532,0,1
2023-06-30 21:33:00,2023-06-30 21:33:59,0.2978,0.2976,0.2974,0.298,0.2980946356166339,0.29769999999999996,0.2974,0.2980946356166339,True,0.0005319600537545824,-5.761779051859084e-05,0,0.29700126982909764,0.2970788967677769,-4.077460060171589,-4.077460060171589,0.294986003021828,0.2949889960233119,28.87101271768938,54.03381325596607,0,-2
2023-06-30 21:34:00,2023-06-30 21:34:59,0.2975,0.2978,0.2975,0.2979,0.29789731780831696,0.29767499999999997,0.2975,0.2979,True,0.0005225343356292559,-7.056828491117654e-05,0,0.29704008329843723,0.2971114372773387,-4.844111519223546,-4.844111519223546,0.2950127592106655,0.2950169662121347,10.844205086971867,31.85926291735761,0,-2
2023-06-30 21:35:00,2023-06-30 21:35:59,0.2977,0.2959,0.2959,0.2978,0.2977861589041585,0.296825,0.2959,0.2978,True,0.0006209247402271671,-0.0002087106229499191,-1,0.29707576028788796,0.29713509138502225,-15.264229788192637,-15.264229788192637,0.2950307914573255,0.2950257526179841,-8.763360407707903e-14,13.238405934887213,0,-2
2023-06-30 21:36:00,2023-06-30 21:36:59,0.2958,0.293,0.2922,0.2965,0.29730557945207925,0.294375,0.2922,0.29730557945207925,True,0.0008837158302109387,-0.0004898216877883978,0,0.2971054258364551,0.29713477726818976,-24.782526416182613,-24.782526416182613,0.2950242661691929,0.29500559587551656,-8.763360407707903e-14,3.6147350289907254,-1,-2
2023-06-30 21:37:00,2023-06-30 21:37:59,0.2931,0.2915,0.2899,0.2938,0.2958402897260396,0.29207500000000003,0.2899,0.2958402897260396,True,0.001099164699481587,-0.0007539453891033726,0,0.29712010155232244,0.29709981450884354,-31.65607894275398,-31.65607894275398,0.2949949202371612,0.2949707143245164,-8.763360407707903e-14,7.381749532618818e-14,0,-2
2023-06-30 21:38:00,2023-06-30 21:38:59,0.2915,0.2868,0.2852,0.2918,0.2939576448630198,0.288825,0.2852,0.2939576448630198,True,0.0014920815066614731,-0.0012134252648990534,0,0.297109958030583,0.2970155140550266,-36.990393071380446,-36.990393071380446,0.29493352799599537,0.29488941368447147,-8.763360407707903e-14,7.381749532618818e-14,0,-2
2023-06-30 21:39:00,2023-06-30 21:39:59,0.2867,0.288,0.2852,0.2881,0.2913913224315099,0.28700000000000003,0.2852,0.2913913224315099,True,0.0015926471133285117,-0.0013720266480336323,0,0.29706273604280475,0.2968804266373214,-36.29184453305413,-36.29184453305413,0.2948545874189208,0.2948208623045265,-8.763360407707903e-14,7.381749532618818e-14,0,-2
2023-06-30 21:40:00,2023-06-30 21:40:59,0.2879,0.2877,0.2872,0.289,0.28919566121575496,0.28795,0.2872,0.28919566121575496,True,0.0016074580338050445,-0.0014295970960204241,0,0.2969715813400631,0.29671279913942095,-36.016125607420996,-36.016125607420996,0.29478588505654346,0.29475000795323764,4.33387899066868,1.4446263302229962,0,-2
2023-06-30 21:41:00,2023-06-30 21:41:59,0.2878,0.2773,0.2754,0.2879,0.2885728306078775,0.28209999999999996,0.2754,0.2885728306078775,True,0.0023854967456761133,-0.0021095005485227735,0,0.296842190239742,0.29648056548917395,-38.79188425490096,-38.79188425490096,0.29465965734453803,0.29457637603330494,5.6777075746424925,3.337195521770523,0,-2
2023-06-30 21:42:00,2023-06-30 21:42:59,0.2774,0.2829,0.2773,0.2835,0.2853364153039387,0.280275,0.2773,0.2853364153039387,True,0.0026579612638421043,-0.002060648122324519,0,0.296661377864458,0.29618653888982566,-31.742745562951857,-31.742745562951857,0.29451652642568693,0.2944601931872024,6.4483291395466,5.486638568286086,0,-2
2023-06-30 21:43:00,2023-06-30 21:43:59,0.283,0.2813,0.2799,0.2846,0.28280570765196933,0.2822,0.2799,0.2846,True,0.0028038211735676713,-0.002033176048179571,0,0.29642395837714186,0.2958590871494137,-27.997225131247284,-27.997225131247284,0.2943939739239388,0.29432924599130983,8.684233282557612,6.936756665582396,0,-2
2023-06-30 21:44:00,2023-06-30 21:44:59,0.2812,0.2824,0.279,0.2826,0.28250285382598467,0.2813,0.279,0.2826,True,0.002860691089741408,-0.0018322981379593774,0,0.2961415227632778,0.2955013912704313,-23.901937741865357,-23.901937741865357,0.29426368562618815,0.2942105470262222,13.89077594234548,9.674446121483392,0,-1
2023-06-30 21:45:00,2023-06-30 21:45:59,0.2824,0.2796,0.2784,0.2827,0.28190142691299236,0.280775,0.2784,0.2827,True,0.002963498869045595,-0.001792764118853186,0,0.2958214570168546,0.29511873608426553,-23.13760438116371,-23.13760438116371,0.29412946984881316,0.29406516844884684,19.799860847763913,14.124956690889164,0,-2
2023-06-30 21:46:00,2023-06-30 21:46:59,0.2795,0.2766,0.2745,0.28,0.2813382134564962,0.27765,0.2745,0.2813382134564962,True,0.0031446775212566245,-0.0018701061851146778,0,0.29547009655056006,0.29469761485821555,-24.341858353275935,-24.341858353275935,0.29396549502444685,0.29389138567821155,18.646307518107275,17.445648102739053,0,-2
2023-06-30 21:47:00,2023-06-30 21:47:59,0.2766,0.2688,0.2685,0.2776,0.2794941067282481,0.27287500000000003,0.2685,0.2794941067282481,True,0.0035700576983097227,-0.002345629340026396,0,0.2950838557043878,0.29421633680986253,-27.942607806314232,-27.942607806314232,0.2937556393525618,0.29364172014907514,15.15419861870761,17.866788994859764,0,-2
2023-06-30 21:48:00,2023-06-30 21:48:59,0.2687,0.2734,0.2666,0.2736,0.27618455336412406,0.270575,0.2666,0.27618455336412406,True,0.003815053577001886,-0.0022031234255592263,0,0.2946500962571251,0.2936752185055169,-24.567443145292476,-24.567443145292476,0.29352498622467565,0.2934403099983381,11.722460045221888,15.174322060679087,0,-2
2023-06-30 21:49:00,2023-06-30 21:49:59,0.2735,0.2755,0.2722,0.2757,0.27337977668206204,0.274225,0.2722,0.2757,True,0.0037925497500731803,-0.0018352726584361257,0,0.294162657381321,0.2931157430754711,-20.049943150822592,-20.049943150822592,0.29333294656074854,0.29326179945109093,39.63956357453208,22.172074079487356,0,-1
2023-06-30 21:50:00,2023-06-30 21:50:59,0.2754,0.2755,0.2746,0.2762,0.273802388341031,0.275425,0.2746,0.2762,True,0.003635939053639381,-0.0014792489309631302,0,0.29363920022839607,0.29255388682385375,-17.038276487842673,-17.038276487842673,0.29315475803775604,0.2930850651281945,69.9146345635034,40.42555272775262,0,-1
2023-06-30 21:51:00,2023-06-30 21:51:59,0.2755,0.2777,0.2754,0.2777,0.2746136941705155,0.276575,0.2754,0.2777,True,0.0035405148355222844,-0.0009935842423080665,0,0.2930965435261249,0.29200190128905484,-12.357517363375067,-12.357517363375067,0.2929897853209624,0.2929319799030383,99.99999999999993,69.8513993793453,0,-1
2023-06-30 21:52:00,2023-06-30 21:52:59,0.2776,0.2783,0.2764,0.2789,0.27559434708525776,0.2778,0.2764,0.2789,True,0.0034661923472706926,-0.0005540001643756214,0,0.29254922240758985,0.2914698790495541,-8.508521833794347,-0.0,0.2928386431784653,0.2927863880632071,99.99999999999993,89.97154485450125,0,-1
2023-06-30 21:53:00,2023-06-30 21:53:59,0.2784,0.2789,0.2777,0.2792,0.2766971735426289,0.27854999999999996,0.2777,0.2792,True,0.0033257500367513573,-0.00016304054983082728,0,0.292009550728572,0.2909623700887839,-5.143907920028347,-0.0,0.29269646762445073,0.2926482150476528,99.99999999999993,100.0000000000001,0,-1
2023-06-30 21:54:00,2023-06-30 21:54:59,0.2789,0.2781,0.2781,0.2792,0.27762358677131443,0.278575,0.2781,0.2792,True,0.003166767891269117,8.319476046636173e-05,0,0.2914859604086779,0.29047781418252544,-4.107097682423479,-0.0,0.29255595550878455,0.2925034566889697,99.99999999999993,100.0000000000001,0,-1
2023-06-30 21:55:00,2023-06-30 21:55:59,0.278,0.2771,0.2768,0.2782,0.2780992933856572,0.277525,0.2768,0.2782,True,0.0030405701847498953,0.00021095580092569087,0,0.29098188729560165,0.29000744982969057,-4.938171254562903,-0.0,0.2924063937624285,0.2923501884632088,97.73729818225716,99.2457660607525,0,-1
2023-06-30 21:56:00,2023-06-30 21:56:59,0.2772,0.2739,0.2734,0.2774,0.2778121466928286,0.27547499999999997,0.2734,0.2778121466928286,True,0.003109100885839189,0.00010518182870040017,0,0.2904946685626461,0.28953742060624293,-9.3652421991655,-0.0,0.29223792218270284,0.29216660449840076,91.0845235005404,96.27394056093266,0,-2
2023-06-30 21:57:00,2023-06-30 21:57:59,0.274,0.276,0.274,0.2769,0.2766435733464143,0.275225,0.274,0.2769,True,0.0031013079654221044,0.00021642620322506571,0,0.2900160445844445,0.28906916486698486,-8.357143296710646,-0.0,0.29206863937491473,0.2920057427620983,83.93208284800936,90.9179681769358,0,-1
2023-06-30 21:58:00,2023-06-30 21:58:59,0.276,0.2778,0.2757,0.2778,0.2759342866732072,0.27682500000000004,0.2757,0.2778,True,0.0030297859678919533,0.0004420601594808931,0,0.2895426047257147,0.28861649583819005,-4.832485037884084,-0.0,0.2919169613711842,0.29186439208784853,86.03220340924197,87.01626991926406,0,-1
2023-06-30 21:59:00,2023-06-30 21:59:59,0.2777,0.2772,0.2768,0.2791,0.2763796433366036,0.27769999999999995,0.2768,0.2791,True,0.0029776583987568155,0.0005662268184453353,0,0.28907955028195237,0.2881852075576247,-3.479655455416804,-0.0,0.29177549906898337,0.29171847773871573,92.68497809095872,87.54975478273684,0,-1
2023-06-30 22:00:00,2023-06-30 22:00:59,0.2772,0.2779,0.2769,0.2791,0.27703982166830177,0.277775,0.2769,0.2791,True,0.0029221113702741883,0.0007074353391774034,0,0.28863237891978855,0.287774226166527,-1.3213639321301613,-0.0,0.29163619062053575,0.29158098044778324,99.83741874348976,92.85153341456363,0,-1
2023-06-30 22:01:00,2023-06-30 22:01:59,0.2779,0.2759,0.2758,0.2781,0.2774074108341509,0.276925,0.2758,0.2781,True,0.0028776748438260336,0.0006670241172166544,0,0.28820330254315774,0.28737622039777916,-3.466440834721901,-0.0,0.29148981061436124,0.2914249507915864,97.83905174480167,96.78714952641688,0,-1
2023-06-30 22:02:00,2023-06-30 22:02:59,0.276,0.2765,0.2752,0.2773,0.27716620541707543,0.27625,0.2752,0.2773,True,0.002822126640695602,0.0006882012485299616,0,0.2877897614704684,0.2869865299527597,-3.586065037970087,-0.0,0.2913381707077507,0.2912764438185358,90.85934017896422,96.17860355575203,0,-1
2023-06-30 22:03:00,2023-06-30 22:03:59,0.2765,0.2763,0.2757,0.277,0.27670810270853774,0.27637500000000004,0.2757,0.277,True,0.0027134033092173463,0.0006922655888830578,0,0.28738814571161403,0.2866069175443978,-4.073766434119072,-0.0,0.2911892834370268,0.2911274244770578,83.09375052202677,90.59738081526437,0,-1
2023-06-30 22:04:00,2023-06-30 22:04:59,0.2763,0.2761,0.2758,0.2768,0.2765415513542689,0.27625,0.2758,0.2768,True,0.0025910173585589644,0.0006839532758992576,0,0.2869975316280059,0.28623698655706387,-4.860777340385944,-0.0,0.29104063385058876,0.2909778978653458,73.26648687561135,82.4065258588676,0,-1
2023-06-30 22:05:00,2023-06-30 22:05:59,0.2761,0.2768,0.2761,0.2774,0.27639577567713447,0.27659999999999996,0.2761,0.2774,True,0.0024988018329476077,0.0007286099108497496,0,0.2866172590925348,0.28587961731278505,-3.2291420827463426,-0.0,0.29089694595157795,0.29083682425474533,73.92206608964796,76.76076782909551,0,-1
2023-06-30 22:06:00,2023-06-30 22:06:59,0.2769,0.2779,0.2768,0.2779,0.2764978878385672,0.277375,0.2768,0.2779,True,0.002398887416308492,0.0008317466045920669,0,0.2862484382026599,0.2855399072744058,0.818843059010895,0.0,0.2907623992256916,0.29070809963529515,81.6876557465854,76.29206957061506,0,-1
2023-06-30 22:07:00,2023-06-30 22:07:59,0.2779,0.2794,0.2777,0.2794,0.2769364439192836,0.27859999999999996,0.2777,0.2794,True,0.00234896688657217,0.0009941324372716234,0,0.2858941727385328,0.2852248360278986,6.603135920294683,6.603135920294683,0.2906413803279235,0.29059558123096385,93.67586764819907,83.09519649481096,0,2
2023-06-30 22:08:00,2023-06-30 22:08:59,0.2793,0.2796,0.279,0.2799,0.2777682219596418,0.27945,0.279,0.2799,True,0.0022454692518170116,0.0010967679290258044,0,0.28555950438321565,0.28493715670327013,10.828488934109906,10.828488934109906,0.2905300233097352,0.29048617246249653,99.9999999999999,91.78784113159493,0,2
2023-06-30 22:09:00,2023-06-30 22:09:59,0.2796,0.2792,0.2791,0.2798,0.2786091109798209,0.279425,0.2791,0.2798,True,0.002135078590972938,0.0011132313735003714,0,0.28524833054324283,0.2846728454908901,11.865552559063772,11.865552559063772,0.2904195255653597,0.2903738722389891,99.83092628576053,97.83559797798665,0,2
2023-06-30 22:10:00,2023-06-30 22:10:59,0.2792,0.2795,0.2786,0.2795,0.2790170554899104,0.2792,0.2786,0.2795,True,0.002046858691617729,0.0011194252558211237,0,0.2849605880170664,0.28442720187434467,13.3366215808244,13.3366215808244,0.2903078884950576,0.2902656745052678,98.05620590239987,99.29571072938693,0,2
2023-06-30 22:11:00,2023-06-30 22:11:59,0.2795,0.2802,0.2795,0.2809,0.2791085277449552,0.280025,0.2795,0.2809,True,0.0020006544993593166,0.0011443023975172177,0,0.2846938949457055,0.2842036011410827,16.045066501546557,16.045066501546557,0.29020557119659934,0.29016551854004125,98.05620590239987,98.64777936352026,0,2
2023-06-30 22:12:00,2023-06-30 22:12:59,0.2802,0.2813,0.2799,0.2813,0.2795667638724776,0.280675,0.2799,0.2813,True,0.0019577506065479376,0.0012057022280598162,0,0.2844487480433941,0.28400334875492217,19.98833616870914,19.98833616870914,0.2901107396424043,0.29007730442521495,98.22527961663923,98.11256380714649,0,2
2023-06-30 22:13:00,2023-06-30 22:13:59,0.2813,0.2817,0.2812,0.2819,0.2801208819362388,0.28152499999999997,0.2812,0.2819,True,0.0018679112775087975,0.0012379898744640122,0,0.2842260483991581,0.2838286845349095,23.275779339709004,23.275779339709004,0.2900253093972063,0.28999394816227747,99.99999999999989,98.76049517301315,0,2
2023-06-30 22:14:00,2023-06-30 22:14:59,0.2817,0.2822,0.2817,0.2827,0.2808229409681194,0.282075,0.2817,0.2827,True,0.0018059176148295978,0.0012548418881019115,0,0.2840273664670338,0.2836791380252604,26.260806795439066,26.260806795439066,0.28994620184101516,0.28991639643926975,99.99999999999989,99.40842653887982,0,2
2023-06-30 22:15:00,2023-06-30 22:15:59,0.2823,0.2818,0.2812,0.2827,0.2814489704840597,0.28200000000000003,0.2812,0.2827,True,0.0017840663566274838,0.0011971946644522562,0,0.2838532522461471,0.28354987833395684,25.459023276334705,25.459023276334705,0.2898671351560299,0.2898356362756949,99.42357251743266,99.80785750581096,1,2
2023-06-30 22:16:00,2023-06-30 22:16:59,0.2818,0.2804,0.2798,0.2819,0.28172448524202987,0.28097500000000003,0.2798,0.2819,True,0.0018066330454398055,0.001023443613896569,0,0.28370156529005197,0.2834304448662996,17.548509857650373,17.548509857650373,0.28977865619925347,0.28974174934757857,91.12567455377848,96.84974902373716,0,1
2023-06-30 22:17:00,2023-06-30 22:17:59,0.2803,0.2807,0.2803,0.2811,0.281349742621015,0.28059999999999996,0.2803,0.281349742621015,True,0.0017347306850512498,0.000897329452845517,0,0.28356600507817575,0.283316994195425,13.425844359634226,13.425844359634226,0.2896873262868231,0.28965178169237876,80.16219549242858,90.23714752121339,0,1
2023-06-30 22:18:00,2023-06-30 22:18:59,0.2808,0.2801,0.28,0.2808,0.28097487131050747,0.280425,0.28,0.28097487131050747,True,0.0016679642075475866,0.0007444969541942988,0,0.2834414996368004,0.2832078315286786,7.982341357388989,7.982341357388989,0.2895951638362079,0.2895567390884745,67.62864821399656,79.63883942006801,0,1
2023-06-30 22:19:00,2023-06-30 22:19:59,0.2802,0.2802,0.28,0.2809,0.28069993565525375,0.280325,0.28,0.2809,True,0.0016131096212941844,0.0006280365944313206,0,0.2833246655827395,0.28310210770337624,4.855407536717287,4.855407536717287,0.28950292340002676,0.28946363720699714,59.40436422292311,69.06506930978288,0,1
2023-06-30 22:20:00,2023-06-30 22:20:59,0.2803,0.2802,0.28,0.2805,0.28051246782762684,0.28025,0.28,0.28051246782762684,True,0.0015336017912017427,0.0005324382596459609,0,0.2832133866430579,0.28299930210024193,2.7707849896028165,0.0,0.28941085451047427,0.28937146171240014,46.56001915951939,57.86434386547983,0,1
2023-06-30 22:21:00,2023-06-30 22:21:59,0.2802,0.2804,0.2798,0.2806,0.2803812339138134,0.28025,0.2798,0.2806,True,0.0014812016632587625,0.0004674650315350694,0,0.28310634437164994,0.2828994993897109,2.6793706691508135,0.0,0.2893197017292755,0.28928219343665484,31.084813556561347,45.68306564633476,0,1
2023-06-30 22:22:00,2023-06-30 22:22:59,0.2803,0.2811,0.2797,0.2811,0.2803156169569067,0.28054999999999997,0.2797,0.2811,True,0.001475401544454566,0.0004587315438071694,0,0.28300292188068044,0.2828048039494148,6.441423271852294,6.441423271852294,0.2892324410155514,0.2892007785765886,24.554827720130717,34.0665534787373,0,2
2023-06-30 22:23:00,2023-06-30 22:23:59,0.281,0.2813,0.2806,0.2813,0.2804328084784533,0.28105,0.2806,0.2813,True,0.0014200157198506669,0.00045171622189213965,0,0.28290386291504765,0.28271820974205025,9.867728860146563,9.867728860146563,0.28915102369201356,0.2891221638643837,34.26694663577753,29.96886263749001,0,2
2023-06-30 22:24:00,2023-06-30 22:24:59,0.2813,0.2808,0.2803,0.2817,0.28074140423922667,0.281025,0.2803,0.2817,True,0.0014185860255756203,0.0003973892245365193,0,0.282811036328549,0.2826384162941111,8.002801608245143,8.002801608245143,0.2890701677348791,0.2890393562637431,45.767512342848306,34.86309556625233,0,1
2023-06-30 22:25:00,2023-06-30 22:25:59,0.2808,0.2818,0.2805,0.2819,0.2808832021196134,0.28125,0.2805,0.2819,True,0.0014172584523202158,0.0004171212961250725,0,0.28272472631133005,0.28256606833908443,11.473533010761301,11.473533010761301,0.2889923551206017,0.28896732286808396,56.68402143992639,45.572826806184224,0,2
2023-06-30 22:26:00,2023-06-30 22:26:59,0.2817,0.2818,0.2815,0.2819,0.2810666010598067,0.281725,0.2815,0.2819,True,0.001344597134297344,0.00041459645022306807,0,0.28264539732520727,0.2825033376620457,13.787353945772075,13.787353945772075,0.28892004312935193,0.2888960062226304,68.80520020712942,57.085577996634846,0,2
2023-06-30 22:27:00,2023-06-30 22:27:59,0.2819,0.2815,0.2814,0.282,0.2813958005299033,0.28169999999999995,0.2814,0.282,True,0.001291411624704676,0.000376546865522485,0,0.2825743674936265,0.282448437608171,12.642137172762219,12.642137172762219,0.28884820190418425,0.2888224141209127,83.13271885611148,69.54064683438924,0,1
2023-06-30 22:28:00,2023-06-30 22:28:59,0.2815,0.2808,0.2803,0.2815,0.28154790026495163,0.28102499999999997,0.2803,0.28154790026495163,True,0.0012848822229400546,0.0002891944565761747,0,0.2825114025508988,0.282395448113898,6.887120238192097,6.887120238192097,0.2887703590991675,0.28874258910478423,72.55243865982406,74.83011924102179,0,1
2023-06-30 22:29:00,2023-06-30 22:29:59,0.2808,0.2809,0.2807,0.2811,0.2812864501324758,0.280875,0.2807,0.2812864501324758,True,0.0012216763498729087,0.00022827319601864877,0,0.2824534253323984,0.282343297221399,3.79331129829977,3.79331129829977,0.2886917983121111,0.2886645533922988,47.429961785916824,67.70503976728425,0,1
2023-06-30 22:30:00,2023-06-30 22:30:59,0.281,0.2805,0.2805,0.2817,0.2810807250662379,0.28092500000000004,0.2805,0.2817,True,0.0012201280391676995,0.00015251731706325146,0,0.28239836127689877,0.28229250742973067,-0.86797911531783,-0.0,0.2886145167368662,0.288583314055062,24.55383095560211,48.1787438004478,0,1
2023-06-30 22:31:00,2023-06-30 22:31:59,0.2806,0.2807,0.2802,0.2809,0.28100286253311896,0.2806,0.2802,0.28100286253311896,True,0.001182976036370005,0.00011146553683214169,0,0.2823454343533148,0.28224090786867634,-2.180441285884335,-0.0,0.2885347703016735,0.2885048731191907,13.936436512636368,28.6400764180519,0,1
2023-06-30 22:32:00,2023-06-30 22:32:59,0.2807,0.2801,0.2797,0.2808,0.2808014312665595,0.280325,0.2797,0.2808014312665595,True,0.0011770491766292894,3.965503254284208e-05,0,0.2822931711109956,0.28218713800589995,-6.725538255135774,-6.725538255135774,0.28845308104494044,0.2884212425408903,7.700106495114038,15.396791321117638,0,1
2023-06-30 22:33:00,2023-06-30 22:33:59,0.28,0.2809,0.28,0.2809,0.28056321563327974,0.28045,0.28,0.2809,True,0.0011572599497271941,4.7117473736568e-05,0,0.2822401545584478,0.28213288600068903,-3.602516857930304,-0.0,0.2883734483977271,0.2883464043066526,3.2854818223960716,8.307341610048958,0,1
2023-06-30 22:34:00,2023-06-30 22:34:59,0.2809,0.2812,0.2809,0.2816,0.28050660781663983,0.28115,0.2809,0.2816,True,0.0011245985247466826,7.113461175432377e-05,0,0.2821865202795684,0.2820834293722249,0.2485282227354304,0.0,0.288301573289292,0.2882752958060889,23.59840661985017,11.52799831245356,0,2
2023-06-30 22:35:00,2023-06-30 22:35:59,0.2813,0.2817,0.2812,0.2819,0.2808283039083199,0.28152499999999997,0.2812,0.2819,True,0.0010942700586933465,0.0001183746951354556,0,0.28213497482589667,0.28204066040146347,5.382246838601624,0.0,0.2882341446993488,0.2882098699771726,51.98774075265751,26.29054306496805,0,2
2023-06-30 22:36:00,2023-06-30 22:36:59,0.2817,0.2811,0.2809,0.2819,0.28117665195416,0.2814,0.2809,0.2819,True,0.0010875364830723931,0.0001028863040280619,0,0.28208781761368007,0.2820025924783325,4.2388642576835025,0.0,0.2881661432595543,0.28813912500227534,73.4960098536025,49.69405240870353,0,1
2023-06-30 22:37:00,2023-06-30 22:37:59,0.2811,0.2811,0.2807,0.2812,0.28128832597708,0.28102499999999997,0.2807,0.28128832597708,True,0.001045569591424365,8.85123105598064e-05,0,0.2820452050460063,0.28196591401069876,3.476609203738093,0.0,0.288095087107718,0.2880690839574766,67.4050402241452,64.2962636101352,0,1
2023-06-30 22:38:00,2023-06-30 22:38:59,0.281,0.2809,0.2808,0.2814,0.28115666298854,0.28102499999999997,0.2808,0.2814,True,0.0010137431920369097,6.164537664245552e-05,0,0.28200555952835255,0.28193058112444375,1.3919812133792178,0.0,0.288024737982268,0.2879977497887455,53.237661259334665,64.71290377902758,0,1
2023-06-30 22:39:00,2023-06-30 22:39:59,0.2809,0.2813,0.2808,0.2814,0.28109083149426994,0.2811,0.2808,0.2814,True,0.0009841901068914154,6.894985642015545e-05,0,0.28196807032639815,0.28189706462480596,3.1566459821873067,0.0,0.2879558351167728,0.28793110551224055,44.70761306044121,55.11677151464048,0,1
2023-06-30 22:40:00,2023-06-30 22:40:59,0.2813,0.2808,0.2807,0.2816,0.281095415747135,0.2811,0.2807,0.2816,True,0.0009781765278277438,3.619238807207581e-05,0,0.2819325674756021,0.28186520813795696,0.3281888220102829,0.0,0.2878876178519293,0.2878601492384869,47.05630934840996,48.333861222728736,0,1
2023-06-30 22:41:00,2023-06-30 22:41:59,0.2808,0.2812,0.2806,0.2815,0.28109770787356747,0.28102499999999997,0.2806,0.2815,True,0.000972592490125759,4.0659583452437966e-05,0,0.2818988878067795,0.28183436258046896,1.5607318104250751,0.0,0.2878193330971837,0.2877938790968104,48.88112884906895,46.881683752640164,0,1
2023-06-30 22:42:00,2023-06-30 22:42:59,0.2812,0.2804,0.2802,0.2813,0.2810613539367837,0.280775,0.2802,0.2813,True,0.000981693026545347,-1.3359001771206776e-05,0,0.28186662519362427,0.2818028093022376,-2.815713868592887,-0.0,0.28774924023054504,0.28772030816052374,38.561393748359585,44.83294398194629,0,1
2023-06-30 22:43:00,2023-06-30 22:43:59,0.2804,0.2803,0.2803,0.2809,0.28091817696839183,0.280475,0.2803,0.28091817696839183,True,0.0009544292389349643,-5.474329968670564e-05,0,0.28183471724793097,0.281768857000493,-6.264982418128696,-6.264982418128696,0.28767685973073864,0.2876464742484787,21.990742292394042,36.477754963274315,0,1
2023-06-30 22:44:00,2023-06-30 22:44:59,0.2803,0.2806,0.2802,0.2808,0.2806965884841959,0.280475,0.2802,0.2808,True,0.0009291128647253233,-5.8583125330505385e-05,0,0.281801787124212,0.28173324887956197,-5.827794901112604,-5.827794901112604,0.2876051994349104,0.28757636007685206,5.943967623738234,22.16536788816408,0,1
2023-06-30 22:45:00,2023-06-30 22:45:59,0.2806,0.2812,0.2805,0.2816,0.28058579424209795,0.28097500000000003,0.2805,0.2816,True,0.0009413190886735139,-1.7309825504725595e-05,0,0.281767518001887,0.28170001196185085,-1.1807409865876792,-0.0,0.2875392273012297,0.28751291370792814,18.43674811868068,15.45715267827111,0,2
2023-06-30 22:46:00,2023-06-30 22:46:59,0.2812,0.2804,0.2803,0.2817,0.28078039712104896,0.2809,0.2803,0.2817,True,0.000974082010911121,-4.469433504018391e-05,0,0.2817337649818689,0.2816683553699524,-3.421326579508836,-3.421326579508836,0.2874731653380334,0.2874421384471527,34.076356369039694,19.48569070381966,0,1
2023-06-30 22:47:00,2023-06-30 22:47:59,0.2804,0.2796,0.2796,0.2804,0.28084019856052445,0.28,0.2796,0.28084019856052445,True,0.0009616475815603244,-0.000115165741163067,0,0.2817010601759107,0.28163198522044774,-8.402477870185145,-8.402477870185145,0.2873988054839236,0.28736410721882283,34.076356369039694,28.863153618920148,-1,1
2023-06-30 22:48:00,2023-06-30 22:48:59,0.2795,0.2798,0.2793,0.2799,0.28042009928026224,0.279625,0.2793,0.28042009928026224,True,0.0009358156114488719,-0.00014157066832930906,0,0.2816665226981792,0.2815895806929959,-10.14209608818301,-10.14209608818301,0.2873214541855761,0.28728884247037684,15.639608250358895,27.930773662812882,0,1
2023-06-30 22:49:00,2023-06-30 22:49:59,0.2798,0.2794,0.2791,0.2799,0.2800225496401311,0.27954999999999997,0.2791,0.2800225496401311,True,0.0009261144963453787,-0.00017921146189192044,0,0.2816280516955876,0.2815422016177431,-13.032874631059265,-13.032874631059265,0.28724412628323204,0.28721034652539795,-1.1842378929335004e-13,16.571988206466276,0,1
2023-06-30 22:50:00,2023-06-30 22:50:59,0.2793,0.2801,0.2792,0.2801,0.2797862748200656,0.279675,0.2792,0.2801,True,0.0009242491751778525,-0.00014670543065146808,0,0.28158512665666535,0.28149208874979803,-9.669662117507862,-9.669662117507862,0.28716881159384666,0.2871395968087273,3.93160226926051,6.523736839873216,0,2
2023-06-30 22:51:00,2023-06-30 22:51:59,0.2801,0.2806,0.2801,0.2806,0.2797306374100328,0.28035,0.2801,0.2806,True,0.0008939456626651488,-8.378155093170388e-05,0,0.2815386077032317,0.2814447985930467,-4.5146018675218045,-4.5146018675218045,0.2871009627222661,0.2870745261937151,26.701355392809358,10.210985887356705,0,2
2023-06-30 22:52:00,2023-06-30 22:52:59,0.2806,0.2804,0.2803,0.2807,0.2800403187050164,0.28049999999999997,0.2803,0.2807,True,0.0008586638296176391,-5.187996858918245e-05,0,0.2814917031481392,0.28140108439695577,-2.4432484578394877,-0.0,0.28703528150114904,0.28700811299775775,53.16912113369193,27.93402626525405,0,2
2023-06-30 22:53:00,2023-06-30 22:53:59,0.2805,0.2806,0.28,0.2806,0.2802701593525082,0.28042500000000004,0.28,0.2806,True,0.0008401878417878069,-1.3954293686999195e-05,0,0.2814463937725475,0.28135997092595477,0.24115802960088217,0.0,0.286969507555864,0.2869443506793721,73.83354601697131,51.23467418115765,0,2
2023-06-30 22:54:00,2023-06-30 22:54:59,0.2805,0.2801,0.2801,0.2808,0.2803475796762541,0.280375,0.2801,0.2808,True,0.0008301744245172478,-2.1813861417461318e-05,0,0.28140318234925116,0.2813208440530675,-1.5916924438519118,-0.0,0.2869038905652584,0.2868762476875375,75.80113967969523,67.60126894345294,0,1
2023-06-30 22:55:00,2023-06-30 22:55:59,0.2801,0.2797,0.2795,0.2802,0.280361289838127,0.27987500000000004,0.2795,0.280361289838127,True,0.0008208762513374428,-5.202935422307149e-05,0,0.28136201320115933,0.2812801191630718,-5.16956982617976,-5.16956982617976,0.2868339513556538,0.28680484223791025,61.188468294396614,70.27438466368783,0,1
2023-06-30 22:56:00,2023-06-30 22:56:59,0.2797,0.279,0.2789,0.2798,0.2801181449190635,0.27935,0.2789,0.2801181449190635,True,0.0008265279476704835,-0.00011582850567910127,0,0.28132106618211555,0.2812348135007041,-10.683068282545825,-10.683068282545825,0.28675948417798564,0.28672718211614,37.209733604930854,58.06644719300767,0,1
2023-06-30 22:57:00,2023-06-30 22:57:59,0.2791,0.2786,0.2785,0.2791,0.27973407245953175,0.278825,0.2785,0.27973407245953175,True,0.0008103473799797339,-0.0001777155324899805,0,0.28127793984140986,0.2811826101507392,-15.734484904221972,-15.734484904221972,0.2866805340866624,0.2866463146323973,12.472386818658103,36.9568629059953,0,1
2023-06-30 22:58:00,2023-06-30 22:58:59,0.2786,0.2788,0.2784,0.2791,0.27927953622976587,0.278725,0.2784,0.27927953622976587,True,0.0008024654242668981,-0.0001941547060286065,0,0.28123027499607456,0.281124648266971,-17.067402624185327,-17.067402624185327,0.28660137454351153,0.2865682418499854,0.617292463074134,16.76647096222114,0,1
2023-06-30 22:59:00,2023-06-30 22:59:59,0.2787,0.2771,0.2768,0.2787,0.27900226811488293,0.277825,0.2768,0.27900226811488293,True,0.0008880036082478341,-0.00031044109283391927,0,0.2811774616315228,0.2810563753720868,-22.504583270887654,-22.504583270887654,0.28651404743362585,0.286474030488294,-1.2249460705030893e-13,4.363226427244148,0,-2
2023-06-30 23:00:00,2023-06-30 23:00:59,0.2771,0.2773,0.2766,0.2775,0.27841363405744146,0.277125,0.2766,0.27841363405744146,True,0.0008888604933729897,-0.00035526818122881,0,0.2811169185018048,0.28097565022587717,-24.466229100004938,-24.466229100004938,0.2864206240760773,0.28638274660283836,-1.2249460705030893e-13,0.20576415435807213,0,-2
2023-06-30 23:01:00,2023-06-30 23:01:59,0.2773,0.278,0.2771,0.278,0.27776931702872076,0.2776,0.2771,0.278,True,0.0008896561724177771,-0.0003170162569173863,0,0.281046284363841,0.2808889342001247,-20.525816893021197,-20.525816893021197,0.28633285667233527,0.28629933618887976,8.449419604935274,2.8164732016451186,0,-2
2023-06-30 23:02:00,2023-06-30 23:02:59,0.278,0.278,0.2777,0.2783,0.2776846585143604,0.278,0.2777,0.2783,True,0.0008689664458165065,-0.0002742510634303806,0,0.28096760928198283,0.28080084090231866,-17.898875421698705,-17.898875421698705,0.2862499426755956,0.2862167557292889,23.359571913563006,10.602997172832827,0,-1
2023-06-30 23:03:00,2023-06-30 23:03:59,0.278,0.2786,0.2778,0.2786,0.2778423292571802,0.27825,0.2778,0.2786,True,0.0008640402711153291,-0.0001888973591905917,0,0.2808842250921508,0.28071398294811245,-11.99927764472843,-11.99927764472843,0.28617034125593793,0.2861409671150671,42.101516662343755,24.636836060280785,0,-1
2023-06-30 23:04:00,2023-06-30 23:04:59,0.2785,0.2782,0.2776,0.2787,0.2780461646285901,0.27825,0.2776,0.2787,True,0.0008808945374642335,-0.00014810411086801163,0,0.28079910402013164,0.28062869352654624,-10.342604215566048,-10.342604215566048,0.2860915318902072,0.2860619525169072,52.3940418061891,39.28504346069872,0,-1
2023-06-30 23:05:00,2023-06-30 23:05:59,0.2781,0.2776,0.2775,0.2787,0.27814808231429505,0.277975,0.2775,0.2787,True,0.0009036877847882153,-0.00015142457807399367,0,0.28071389877333897,0.28054333740543974,-12.0738122034629,-12.0738122034629,0.28601077037886186,0.2859777539844007,53.544774934483975,49.346777801005715,0,-2
2023-06-30 23:06:00,2023-06-30 23:06:59,0.2775,0.2781,0.2772,0.2783,0.27806154115714754,0.277775,0.2772,0.2783,True,0.0009177100858747706,-0.00010744103535845055,0,0.2806286180893894,0.2804571421923872,-9.61787870085012,-9.61787870085012,0.2859288224148931,0.2858993683726156,49.463896956997324,51.80090456589024,0,-1
2023-06-30 23:07:00,2023-06-30 23:07:59,0.278,0.2786,0.2778,0.2787,0.27791827057857377,0.278275,0.2778,0.2787,True,0.0009164450797408592,-3.4673359517011144e-05,0,0.2805428801408883,0.2803743082789041,-4.962842700315107,-0.0,0.285852664977929,0.2858267378415448,54.664780669439104,52.557817520306905,0,2
2023-06-30 23:08:00,2023-06-30 23:08:59,0.2786,0.2789,0.2784,0.2792,0.27809663528928685,0.278775,0.2784,0.2792,True,0.0009081275740450851,3.9779343249658284e-05,0,0.28045859420989616,0.28029811960068046,-0.2393238422328139,-0.0,0.28578224045078543,0.2857578150769523,71.93722856584982,58.68863539742885,0,2
2023-06-30 23:09:00,2023-06-30 23:09:59,0.279,0.279,0.2786,0.279,0.2784358176446434,0.27890000000000004,0.2786,0.279,True,0.0008718327473275798,9.819946151527217e-05,0,0.2803783569052883,0.28022854313119955,3.465103077171001,3.465103077171001,0.2857137604463,0.2856905731358881,90.60949512788908,72.4038347877261,0,2
2023-06-30 23:10:00,2023-06-30 23:10:59,0.279,0.2783,0.2783,0.279,0.27866790882232173,0.27865,0.2783,0.279,True,0.0008595589796613265,8.861361051353944e-05,0,0.2803034500182439,0.2801629346028693,0.7510587619031099,0.0,0.285643474272705,0.28561703509473496,96.6244658675392,86.39039652042612,0,2
2023-06-30 23:11:00,2023-06-30 23:11:59,0.2783,0.2784,0.2782,0.2786,0.27865895441116084,0.278375,0.2782,0.27865895441116084,True,0.0008267333382569469,9.020267128673968e-05,0,0.2802331923105566,0.28009901341433574,-0.29362593235624956,-0.0,0.2855711511456134,0.28554522380026,89.69186702464499,92.30860934002452,0,2
2023-06-30 23:12:00,2023-06-30 23:12:59,0.2784,0.2783,0.2781,0.2786,0.27851697720558044,0.27835,0.2781,0.2786,True,0.000803395242667165,8.508375364413897e-05,0,0.28016610286244614,0.2800366877210351,-1.75090634463281,-0.0,0.28549929889540826,0.28547313202115293,82.4337889012941,89.58337393115953,0,2
2023-06-30 23:13:00,2023-06-30 23:13:59,0.2783,0.2784,0.2781,0.2784,0.2784334886027902,0.2783,0.2781,0.2784334886027902,True,0.0007674384396195081,8.943312502829803e-05,0,0.28010139529174066,0.2799757027397159,-1.7313037185400475,-0.0,0.28542766408052855,0.28540275259805686,77.86294086144136,83.32953226246025,0,2
2023-06-30 23:14:00,2023-06-30 23:14:59,0.2784,0.2785,0.2782,0.2786,0.2783667443013951,0.278425,0.2782,0.2786,True,0.000741192836789544,9.956274394960329e-05,0,0.2800385490157283,0.2799170493651286,-0.6624880601755194,-0.0,0.28535798583097105,0.28533406849260357,77.25149034659385,79.1827400364432,0,2
2023-06-30 23:15:00,2023-06-30 23:15:59,0.2786,0.2781,0.278,0.2788,0.2783958721506975,0.278375,0.278,0.2788,True,0.0007453933484474314,7.852640492872129e-05,0,0.2799777991904284,0.27986029105227084,-3.8494181666632556,-0.0,0.28528850338489176,0.2852620877115826,73.06562741669276,76.0600195415761,0,1
2023-06-30 23:16:00,2023-06-30 23:16:59,0.2781,0.2778,0.2777,0.2781,0.2783854360753487,0.27792500000000003,0.2777,0.2783854360753487,True,0.0007207223949869014,4.501374521077286e-05,0,0.27991904512134963,0.2798023266786674,-8.225474959543362,-8.225474959543362,0.28521523469449483,0.28518783808261167,57.55031388002751,69.28914388110482,0,1
2023-06-30 23:17:00,2023-06-30 23:17:59,0.2779,0.278,0.2774,0.2781,0.2781552180376744,0.27785000000000004,0.2774,0.2781552180376744,True,0.0007192422239164108,3.915163471895455e-05,0,0.2798606859000085,0.2797432958824433,-8.472722457268581,-8.472722457268581,0.28514194877713667,0.2851163173056703,39.76817849482166,56.794706597180756,0,1
2023-06-30 23:18:00,2023-06-30 23:18:59,0.2779,0.2782,0.2778,0.2783,0.2780026090188372,0.27805,0.2778,0.2783,True,0.0007035820650652386,5.1365726508519624e-05,0,0.2798019908912259,0.2796852027109225,-6.1706572152891255,-0.0,0.2850713821226378,0.2850474982280019,34.09645039895809,43.80498092460254,0,2
2023-06-30 23:19:00,2023-06-30 23:19:59,0.2782,0.2787,0.2782,0.2787,0.2780263045094186,0.27845,0.2782,0.2787,True,0.0006890404889891502,9.520581479230004e-05,0,0.27974359680107425,0.27963099074424713,0.06568231492233423,0.0,0.28500549772340755,0.2849843390416536,55.34163347170924,43.06875412182978,0,2
2023-06-30 23:20:00,2023-06-30 23:20:59,0.2787,0.2786,0.2785,0.2791,0.27823815225470927,0.278725,0.2785,0.2791,True,0.000682680454061353,0.0001162264522501312,0,0.2796872937726607,0.27958209322163824,2.9390646728400682,0.0,0.28494300520874677,0.2849208132800451,80.6678182146568,56.70196736177483,0,2
2023-06-30 23:21:00,2023-06-30 23:21:59,0.2786,0.2786,0.2785,0.2788,0.27848157612735464,0.278625,0.2785,0.2788,True,0.0006553461359141111,0.0001282172178558368,0,0.2796346934971495,0.2795370291808766,4.854652911451886,4.854652911451886,0.28488013948527663,0.28485791961556706,94.27876140035279,76.76273769557305,0,2
2023-06-30 23:22:00,2023-06-30 23:22:59,0.2785,0.2785,0.2783,0.2787,0.2785532880636773,0.2785,0.2783,0.2787,True,0.0006371071262059612,0.0001267650568894269,0,0.27958586133901303,0.27949443482164316,4.537805135368238,4.537805135368238,0.2848166555102988,0.2847946567338201,88.57206912177178,87.83954957892723,0,2
2023-06-30 23:23:00,2023-06-30 23:23:59,0.2785,0.278,0.278,0.2786,0.2785266440318387,0.278275,0.278,0.2786,True,0.0006344566171912489,8.9051296652944e-05,0,0.2795401480803281,0.27945253336336745,-1.5733056557030736,-0.0,0.2847515644106938,0.2847270482091055,72.93986435974753,85.26356496062415,0,1
2023-06-30 23:24:00,2023-06-30 23:24:59,0.278,0.2774,0.2773,0.2781,0.2784008220159193,0.2777,0.2773,0.2784008220159193,True,0.0006462811445347327,2.2584040578010108e-05,0,0.2794963407218478,0.2794075198079609,-9.521680337969656,-9.521680337969656,0.28468139959068695,0.2846541422567761,44.03874549683548,68.51689299278503,0,1
2023-06-30 23:25:00,2023-06-30 23:25:59,0.2774,0.2773,0.2771,0.2776,0.2780504110079597,0.27735,0.2771,0.2780504110079597,True,0.0006358324913536803,-2.524014423254848e-05,0,0.2794519302649044,0.2793579635452449,-15.314958267870807,-15.314958267870807,0.2846084503410284,0.28458096671193256,18.628617078310683,45.202408978298,0,1
2023-06-30 23:26:00,2023-06-30 23:26:59,0.2773,0.2769,0.2765,0.2776,0.27770020550397984,0.277075,0.2765,0.27770020550397984,True,0.0006689873133998453,-7.939402463947557e-05,0,0.27940494690507467,0.2793032839933279,-20.90618324238887,-20.90618324238887,0.2845334906361425,0.2845045391824606,0.9274885070015865,21.198283694049355,0,1
2023-06-30 23:27:00,2023-06-30 23:27:59,0.2769,0.2769,0.2768,0.2773,0.2773876027519899,0.27697499999999997,0.2768,0.2773876027519899,True,0.000656916791014142,-0.00010765065397753764,0,0.2793541154492013,0.27924425989332236,-24.633666558734244,-24.633666558734244,0.2844582817740914,0.2844288721259187,-1.4625337977728728e-13,6.518701861770814,0,1
2023-06-30 23:28:00,2023-06-30 23:28:59,0.2768,0.2765,0.2758,0.2771,0.27718130137599495,0.27654999999999996,0.2758,0.27718130137599495,True,0.000702851305941705,-0.00014514806799471435,0,0.27929918767126183,0.2791793043161768,-28.57757063223701,-28.57757063223701,0.2843795924032049,0.2843499778759096,-1.4625337977728728e-13,0.309162835667204,0,-2
2023-06-30 23:29:00,2023-06-30 23:29:59,0.2765,0.2768,0.276,0.2768,0.27686565068799746,0.276525,0.276,0.27686565068799746,True,0.000709790498374438,-0.0001386993983865624,0,0.27923924599371935,0.2791099529831159,-26.011013259746818,-26.011013259746818,0.2843014372549143,0.28427485371794037,-1.4625337977728728e-13,-4.023941673696956e-14,0,-2
2023-06-30 23:30:00,2023-06-30 23:30:59,0.2768,0.2759,0.2759,0.277,0.27669532534399877,0.2764,0.2759,0.277,True,0.00073766260563341,-0.00018618703881956018,0,0.27917459948841766,0.2790367590314737,-28.120476083838604,-28.120476083838604,0.28422281598869625,0.2841915218401499,-1.4625337977728728e-13,-4.023941673696956e-14,0,-2
2023-06-30 23:31:00,2023-06-30 23:31:59,0.2759,0.2766,0.2757,0.2767,0.2765476626719994,0.276225,0.2757,0.2767,True,0.0007564009909453094,-0.00015639579211059514,0,0.2791056792599457,0.27895984126143997,-22.15336487608934,-22.15336487608934,0.28414323573010225,0.28411598430940216,-1.4625337977728728e-13,-4.023941673696956e-14,0,-1
2023-06-30 23:32:00,2023-06-30 23:32:59,0.2766,0.2768,0.2763,0.2769,0.27638633133599966,0.27665,0.2763,0.2769,True,0.0007452294915920723,-0.00011200931957985817,0,0.27903276026069285,0.2788834353926728,-16.4823429278821,-16.4823429278821,0.2840686761705987,0.28404318844562704,11.39482093914242,3.798273646380815,0,-1
2023-06-30 23:33:00,2023-06-30 23:33:59,0.2769,0.277,0.2768,0.2772,0.2765181656679998,0.27697499999999997,0.2768,0.2772,True,0.0007205702421926394,-5.999657643627142e-05,0,0.27895809782668285,0.2788101866185136,-11.012425679712223,-0.0,0.2839980923281052,0.2839731069685561,30.31089074869418,13.901903895945589,0,-1
2023-06-30 23:34:00,2023-06-30 23:34:59,0.277,0.2767,0.2764,0.2771,0.2767465828339999,0.27680000000000005,0.2764,0.2771,True,0.0007191009391788819,-3.957624259436749e-05,0,0.2788841422225983,0.2787387253255237,-9.728176134109482,-0.0,0.2839264695188703,0.28390073774498836,47.66663394807991,29.790781878638942,0,-1
2023-06-30 23:35:00,2023-06-30 23:35:59,0.2767,0.2763,0.2762,0.2769,0.27677329141699997,0.27652499999999997,0.2762,0.2769,True,0.0007177365863803888,-4.7290728379495244e-05,0,0.27881143377406103,0.2786672748370426,-11.514992603474845,-0.0,0.28385282305599596,0.28382510851369497,50.738230493913306,42.905251730229246,0,-2
2023-06-30 23:36:00,2023-06-30 23:36:59,0.2764,0.2768,0.2764,0.2768,0.27664914570849997,0.27659999999999996,0.2764,0.2768,True,0.0007021839730675038,-1.1057376588836476e-05,0,0.27873935430555186,0.27859683766112325,-7.991704756440008,-0.0,0.28378065566240396,0.2837552069364443,51.03456694405685,49.81314379535013,0,2
2023-06-30 23:37:00,2023-06-30 23:37:59,0.2768,0.2768,0.2763,0.277,0.27662457285424996,0.276725,0.2763,0.277,True,0.0007020279749912561,1.76951325607925e-05,0,0.2786680959833376,0.27852853918017734,-5.642846191750117,-0.0,0.28371045013342483,0.2836860008972757,64.67530985405386,55.48270243067478,0,2
2023-06-30 23:38:00,2023-06-30 23:38:59,0.2767,0.2772,0.2766,0.2773,0.27667478642712495,0.27695000000000003,0.2766,0.2773,True,0.0007018831196347363,6.771980037162287e-05,0,0.27859831758175746,0.27846393684831644,-0.6770676414976506,-0.0,0.28364318197289323,0.28362146357491475,83.54222570241124,66.41736750017408,0,2
2023-06-30 23:39:00,2023-06-30 23:39:59,0.2773,0.2769,0.2767,0.2775,0.2768123932135625,0.2771,0.2767,0.2775,True,0.0007088914682322567,8.11410015125072e-05,0,0.278531127215037,0.2784037169208423,-0.38214282994669446,-0.0,0.28357807568460575,0.2835545833403385,97.66315277604927,81.96022944417156,0,2
2023-06-30 23:40:00,2023-06-30 23:40:59,0.2768,0.2759,0.2757,0.2768,0.2769561966067813,0.2763,0.2757,0.2769561966067813,True,0.0007439706490728084,2.2161881291395255e-05,0,0.2784674220679397,0.27834187161313395,-6.531020856529217,-0.0,0.28350565702107733,0.28347841833197696,84.26234514957802,88.48924120934629,0,1
2023-06-30 23:41:00,2023-06-30 23:41:59,0.2759,0.2761,0.2759,0.2765,0.27662809830339063,0.2761,0.2759,0.27662809830339063,True,0.0007336870312818967,1.271310728247015e-06,0,0.27840464684053684,0.2782777987440247,-8.716665721112768,-0.0,0.2834319688915144,0.28340500123414636,65.37279255734315,82.43276349432358,0,1
2023-06-30 23:42:00,2023-06-30 23:42:59,0.2761,0.2764,0.2761,0.2766,0.2763640491516953,0.2763,0.2761,0.2766,True,0.0007169951004760469,1.2799164727140644e-05,0,0.2783412227922808,0.27821378392087337,-7.4286912833605285,-0.0,0.2833610040269222,0.28333529972932897,52.34256312939586,67.32590027877244,0,2
2023-06-30 23:43:00,2023-06-30 23:43:59,0.2764,0.2763,0.2761,0.2765,0.27633202457584766,0.276325,0.2761,0.2765,True,0.0006943525932991872,1.731947746384929e-05,0,0.2782775033565771,0.2781504255340638,-7.3168245346356855,-0.0,0.28329099403660457,0.2832652967469476,55.789644067969846,57.834999918236385,0,2
2023-06-30 23:44:00,2023-06-30 23:44:59,0.2763,0.2764,0.2761,0.2768,0.2763285122879238,0.2764,0.2761,0.2768,True,0.0006947559794921008,3.079225645764676e-05,0,0.2782139644453205,0.2780885332498754,-6.172681565118097,-0.0,0.28322242693176275,0.2831969853365302,64.70535091687508,57.6125193714137,0,2
2023-06-30 23:45:00,2023-06-30 23:45:59,0.2765,0.2766,0.2762,0.2767,0.2763642561439619,0.2765,0.2762,0.2767,True,0.000680844838099808,5.625504844567332e-05,0,0.27815124884759795,0.27802890599182745,-3.275169828988105,-0.0,0.28315553711154623,0.2831313436913906,65.70902738238318,62.068007455742794,0,2
2023-06-30 23:46:00,2023-06-30 23:46:59,0.2765,0.2774,0.2765,0.2774,0.2764321280719809,0.27695000000000003,0.2765,0.2774,True,0.0006964987782355328,0.00012937753564619457,0,0.2780900774197127,0.2779745585897497,4.40564148089225,4.40564148089225,0.2830937904736204,0.28307431539595385,77.99960129423103,69.47132653116319,0,2
2023-06-30 23:47:00,2023-06-30 23:47:59,0.2773,0.2766,0.2766,0.2774,0.2766910640359905,0.27697499999999997,0.2766,0.2774,True,0.0007038917226472781,0.00012010490998216644,0,0.2780323180047312,0.27792491246296974,2.466300260417114,0.0,0.28303290698632066,0.2830098943472379,87.97344703756067,77.22735857139172,0,2
2023-06-30 23:48:00,2023-06-30 23:48:59,0.2766,0.277,0.2764,0.2772,0.27683303201799525,0.27680000000000005,0.2764,0.2772,True,0.0007107565996010456,0.0001400672681571716,0,0.2779786152338505,0.2778781076224142,3.8139526650906816,3.8139526650906816,0.2829708880113324,0.2829500944034843,93.98286500607004,86.65197111262067,0,2
2023-06-30 23:49:00,2023-06-30 23:49:59,0.2769,0.2774,0.2768,0.2775,0.27681651600899765,0.27715,0.2768,0.2775,True,0.0007099882710581161,0.00017780598793589797,0,0.2779283614281324,0.277836262249679,6.974549934794865,6.974549934794865,0.28291296872763755,0.28289486958354915,93.98286500607004,91.97972568323367,0,2
2023-06-30 23:50:00,2023-06-30 23:50:59,0.2773,0.2771,0.2769,0.2775,0.27698325800449886,0.2772,0.2769,0.2775,True,0.0007021319659825396,0.00017705298267502612,0,0.2778823118389057,0.2777989516577679,6.48342100313652,6.48342100313652,0.2828561232676611,0.28283720918968297,93.98286500607004,93.98286500607013,0,2
2023-06-30 23:51:00,2023-06-30 23:51:59,0.277,0.2773,0.2768,0.2774,0.27709162900224943,0.27712499999999995,0.2768,0.2774,True,0.0006948368255552145,0.00018544435544895287,0,0.27784063174833684,0.27776495274127,7.486239106794578,7.486239106794578,0.2827990971654953,0.2827821125808304,97.61174191672741,95.19249064295592,0,2
2023-06-30 23:52:00,2023-06-30 23:52:59,0.2773,0.2777,0.2773,0.2779,0.2771083145011247,0.27754999999999996,0.2773,0.2779,True,0.000688062766586984,0.0002127826124596705,0,0.2778027922448034,0.277736710350811,10.546302134742675,10.546302134742675,0.28274686734295307,0.28273154429644404,97.61174191672741,96.4021162798417,0,2
2023-06-30 23:53:00,2023-06-30 23:53:59,0.2776,0.277,0.2768,0.2776,0.27732915725056234,0.27725,0.2768,0.2776,True,0.0007032011404022003,0.0001753672065765675,0,0.2777697512978072,0.27771113556757954,6.561815799814532,6.561815799814532,0.28269217214551073,0.28267451400493715,90.10746328621765,95.11031570655757,0,1
2023-06-30 23:54:00,2023-06-30 23:54:59,0.2769,0.2766,0.2766,0.277,0.27728957862528114,0.276775,0.2766,0.27728957862528114,True,0.0006815439160877582,0.00011805156550854509,0,0.27774044343269333,0.2776845774753436,1.3663719748336334,0.0,0.2826332948107295,0.2826140710795149,75.01530135545484,87.57816885280005,0,1
2023-06-30 23:55:00,2023-06-30 23:55:59,0.2766,0.2766,0.2765,0.277,0.27703228931264057,0.276675,0.2765,0.27703228931264057,True,0.0006685764935100613,7.767900269462608e-05,0,0.27771251045401846,0.2776567413274231,-2.0972572418203015,-0.0,0.28257400829519985,0.28255422957623616,52.29926417418222,72.47400960528499,0,1
2023-06-30 23:56:00,2023-06-30 23:56:59,0.2766,0.2774,0.2766,0.2775,0.2768536446563203,0.277025,0.2766,0.2775,True,0.0006851067439736291,0.00010480362431062847,0,0.27768462589072074,0.2776304913150642,1.7133412667939396,0.0,0.2825187942823123,0.28250294370980594,45.84898634814672,57.72118395926134,0,2
2023-06-30 23:57:00,2023-06-30 23:57:59,0.2774,0.2774,0.2774,0.2778,0.27693932232816015,0.27749999999999997,0.2774,0.2778,True,0.0006647419765469421,0.00011932115093150376,0,0.27765755860289243,0.2776089291865342,4.253740272536767,4.253740272536767,0.282468856030747,0.2824521681505044,59.67533657528356,52.607862365870915,1,2
2023-06-30 23:58:00,2023-06-30 23:58:59,0.2775,0.2774,0.2771,0.2777,0.27721966116408003,0.277425,0.2771,0.2777,True,0.0006601175496507312,0.0001248411873465541,0,0.2776332438947133,0.2775906912212831,5.947339609698645,5.947339609698645,0.2824186684085505,0.2824018978206486,75.9291667635974,60.484496562342635,0,2
2023-06-30 23:59:00,2023-06-30 23:59:59,0.2774,0.2774,0.2769,0.2774,0.27732233058204003,0.27727499999999994,0.2769,0.2774,True,0.0006486805818185362,0.000124092410193809,0,0.27761196755799816,0.27757416636547627,7.076405834473235,7.076405834473235,0.28236748762836594,0.28235212769308,76.36011214706554,70.65487182864891,0,2
